1.0000e-03    1.0294e-03    4.5957e-04
1.0294e-03    1.0598e-03    4.7310e-04
1.0598e-03    1.0910e-03    4.8702e-04
1.0910e-03    1.1231e-03    5.0136e-04
1.1231e-03    1.1561e-03    5.1612e-04
1.1561e-03    1.1902e-03    5.3131e-04
1.1902e-03    1.2252e-03    5.4695e-04
1.2252e-03    1.2613e-03    5.6304e-04
1.2613e-03    1.2984e-03    5.7962e-04
1.2984e-03    1.3367e-03    5.9668e-04
1.3367e-03    1.3760e-03    6.1424e-04
1.3760e-03    1.4165e-03    6.3231e-04
1.4165e-03    1.4582e-03    6.5092e-04
1.4582e-03    1.5012e-03    6.7008e-04
1.5012e-03    1.5454e-03    6.8980e-04
1.5454e-03    1.5909e-03    7.1010e-04
1.5909e-03    1.6377e-03    7.3100e-04
1.6377e-03    1.6859e-03    7.5252e-04
1.6859e-03    1.7356e-03    7.7466e-04
1.7356e-03    1.7867e-03    7.9746e-04
1.7867e-03    1.8393e-03    8.2093e-04
1.8393e-03    1.8934e-03    8.4509e-04
1.8934e-03    1.9492e-03    8.6996e-04
1.9492e-03    2.0065e-03    8.9556e-04
2.0065e-03    2.0656e-03    9.2191e-04
2.0656e-03    2.1264e-03    9.4904e-04
2.1264e-03    2.1890e-03    9.7697e-04
2.1890e-03    2.2535e-03    1.0057e-03
2.2535e-03    2.3198e-03    1.0353e-03
2.3198e-03    2.3882e-03    1.0658e-03
2.3882e-03    2.4585e-03    1.0971e-03
2.4585e-03    2.5308e-03    1.1294e-03
2.5308e-03    2.6054e-03    1.1627e-03
2.6054e-03    2.6821e-03    1.1969e-03
2.6821e-03    2.7610e-03    1.2321e-03
2.7610e-03    2.8423e-03    1.2683e-03
2.8423e-03    2.9260e-03    1.3057e-03
2.9260e-03    3.0122e-03    1.3441e-03
3.0122e-03    3.1008e-03    1.3836e-03
3.1008e-03    3.1921e-03    1.4243e-03
3.1921e-03    3.2861e-03    1.4662e-03
3.2861e-03    3.3829e-03    1.5094e-03
3.3829e-03    3.4825e-03    1.5538e-03
3.4825e-03    3.5850e-03    1.5995e-03
3.5850e-03    3.6906e-03    1.6466e-03
3.6906e-03    3.7992e-03    1.6950e-03
3.7992e-03    3.9111e-03    1.7449e-03
3.9111e-03    4.0262e-03    1.7962e-03
4.0262e-03    4.1448e-03    1.8490e-03
4.1448e-03    4.2668e-03    1.9034e-03
4.2668e-03    4.3924e-03    1.9594e-03
4.3924e-03    4.5218e-03    2.0171e-03
4.5218e-03    4.6549e-03    2.0764e-03
4.6549e-03    4.7919e-03    2.1375e-03
4.7919e-03    4.9330e-03    2.2003e-03
4.9330e-03    5.0783e-03    2.2650e-03
5.0783e-03    5.2278e-03    2.3317e-03
5.2278e-03    5.3817e-03    2.4002e-03
5.3817e-03    5.5402e-03    2.4708e-03
5.5402e-03    5.7033e-03    2.5435e-03
5.7033e-03    5.8712e-03    2.6183e-03
5.8712e-03    6.0440e-03    2.6953e-03
6.0440e-03    6.2220e-03    2.7746e-03
6.2220e-03    6.4052e-03    2.8562e-03
6.4052e-03    6.5938e-03    2.9402e-03
6.5938e-03    6.7879e-03    3.0266e-03
6.7879e-03    6.9878e-03    3.1156e-03
6.9878e-03    7.1935e-03    3.2072e-03
7.1935e-03    7.4053e-03    3.3015e-03
7.4053e-03    7.6233e-03    3.3986e-03
7.6233e-03    7.8478e-03    3.4985e-03
7.8478e-03    8.0788e-03    3.6014e-03
8.0788e-03    8.3167e-03    3.7073e-03
8.3167e-03    8.5616e-03    3.8163e-03
8.5616e-03    8.8136e-03    3.9285e-03
8.8136e-03    9.0731e-03    4.0440e-03
9.0731e-03    9.3403e-03    4.1628e-03
9.3403e-03    9.6153e-03    4.2852e-03
9.6153e-03    9.8983e-03    4.4111e-03
9.8983e-03    1.0190e-02    4.5408e-03
1.0190e-02    1.0490e-02    4.6742e-03
1.0490e-02    1.0799e-02    4.8116e-03
1.0799e-02    1.1117e-02    4.9530e-03
1.1117e-02    1.1444e-02    5.0985e-03
1.1444e-02    1.1781e-02    5.2483e-03
1.1781e-02    1.2128e-02    5.4025e-03
1.2128e-02    1.2485e-02    5.5613e-03
1.2485e-02    1.2852e-02    5.7246e-03
1.2852e-02    1.3231e-02    5.8928e-03
1.3231e-02    1.3620e-02    6.0659e-03
1.3620e-02    1.4021e-02    6.2441e-03
1.4021e-02    1.4434e-02    6.4275e-03
1.4434e-02    1.4859e-02    6.6163e-03
1.4859e-02    1.5297e-02    6.8106e-03
1.5297e-02    1.5747e-02    7.0106e-03
1.5747e-02    1.6211e-02    7.2164e-03
1.6211e-02    1.6688e-02    7.4283e-03
1.6688e-02    1.7179e-02    7.6464e-03
1.7179e-02    1.7685e-02    7.8708e-03
1.7685e-02    1.8206e-02    8.1019e-03
1.8206e-02    1.8742e-02    8.3397e-03
1.8742e-02    1.9293e-02    8.5845e-03
1.9293e-02    1.9862e-02    8.8364e-03
1.9862e-02    2.0446e-02    9.0957e-03
2.0446e-02    2.1048e-02    9.3626e-03
2.1048e-02    2.1668e-02    9.6372e-03
2.1668e-02    2.2306e-02    9.9198e-03
2.2306e-02    2.2963e-02    1.0211e-02
2.2963e-02    2.3639e-02    1.0510e-02
2.3639e-02    2.4335e-02    1.0818e-02
2.4335e-02    2.5051e-02    1.1135e-02
2.5051e-02    2.5789e-02    1.1461e-02
2.5789e-02    2.6548e-02    1.1797e-02
2.6548e-02    2.7330e-02    1.2143e-02
2.7330e-02    2.8134e-02    1.2498e-02
2.8134e-02    2.8963e-02    1.2865e-02
2.8963e-02    2.9815e-02    1.3241e-02
2.9815e-02    3.0693e-02    1.3629e-02
3.0693e-02    3.1597e-02    1.4028e-02
3.1597e-02    3.2527e-02    1.4439e-02
3.2527e-02    3.3485e-02    1.4861e-02
3.3485e-02    3.4471e-02    1.5296e-02
3.4471e-02    3.5486e-02    1.5744e-02
3.5486e-02    3.6530e-02    1.6204e-02
3.6530e-02    3.7606e-02    1.6678e-02
3.7606e-02    3.8713e-02    1.7166e-02
3.8713e-02    3.9853e-02    1.7668e-02
3.9853e-02    4.1026e-02    1.8185e-02
4.1026e-02    4.2234e-02    1.8716e-02
4.2234e-02    4.3478e-02    1.9263e-02
4.3478e-02    4.4758e-02    1.9826e-02
4.4758e-02    4.6076e-02    2.0405e-02
4.6076e-02    4.7432e-02    2.1002e-02
4.7432e-02    4.8829e-02    2.1615e-02
4.8829e-02    5.0266e-02    2.2246e-02
5.0266e-02    5.1746e-02    2.2895e-02
5.1746e-02    5.3270e-02    2.3563e-02
5.3270e-02    5.4838e-02    2.4251e-02
5.4838e-02    5.6453e-02    2.4958e-02
5.6453e-02    5.8115e-02    2.5686e-02
5.8115e-02    5.9826e-02    2.6435e-02
5.9826e-02    6.1587e-02    2.7206e-02
6.1587e-02    6.3401e-02    2.7998e-02
6.3401e-02    6.5267e-02    2.8814e-02
6.5267e-02    6.7189e-02    2.9653e-02
6.7189e-02    6.9167e-02    3.0517e-02
6.9167e-02    7.1204e-02    3.1405e-02
7.1204e-02    7.3300e-02    3.2319e-02
7.3300e-02    7.5458e-02    3.3259e-02
7.5458e-02    7.7680e-02    3.4226e-02
7.7680e-02    7.9967e-02    3.5221e-02
7.9967e-02    8.2321e-02    3.6244e-02
8.2321e-02    8.4745e-02    3.7296e-02
8.4745e-02    8.7240e-02    3.8379e-02
8.7240e-02    8.9809e-02    3.9493e-02
8.9809e-02    9.2453e-02    4.0639e-02
9.2453e-02    9.5175e-02    4.1817e-02
9.5175e-02    9.7977e-02    4.3029e-02
9.7977e-02    1.0086e-01    4.4276e-02
1.0086e-01    1.0383e-01    4.5559e-02
1.0383e-01    1.0689e-01    4.6879e-02
1.0689e-01    1.1004e-01    4.8236e-02
1.1004e-01    1.1328e-01    4.9632e-02
1.1328e-01    1.1661e-01    5.1068e-02
1.1661e-01    1.2004e-01    5.2544e-02
1.2004e-01    1.2358e-01    5.4062e-02
1.2358e-01    1.2722e-01    5.5623e-02
1.2722e-01    1.3096e-01    5.7228e-02
1.3096e-01    1.3482e-01    5.8879e-02
1.3482e-01    1.3879e-01    6.0577e-02
1.3879e-01    1.4287e-01    6.2322e-02
1.4287e-01    1.4708e-01    6.4118e-02
1.4708e-01    1.5141e-01    6.5964e-02
1.5141e-01    1.5587e-01    6.7860e-02
1.5587e-01    1.6046e-01    6.9808e-02
1.6046e-01    1.6518e-01    7.1811e-02
1.6518e-01    1.7005e-01    7.3871e-02
1.7005e-01    1.7505e-01    7.5988e-02
1.7505e-01    1.8021e-01    7.8165e-02
1.8021e-01    1.8551e-01    8.0402e-02
1.8551e-01    1.9097e-01    8.2702e-02
1.9097e-01    1.9660e-01    8.5067e-02
1.9660e-01    2.0238e-01    8.7498e-02
2.0238e-01    2.0834e-01    8.9996e-02
2.0834e-01    2.1448e-01    9.2563e-02
2.1448e-01    2.2079e-01    9.5202e-02
2.2079e-01    2.2729e-01    9.7914e-02
2.2729e-01    2.3398e-01    1.0070e-01
2.3398e-01    2.4087e-01    1.0356e-01
2.4087e-01    2.4797e-01    1.0651e-01
2.4797e-01    2.5527e-01    1.0953e-01
2.5527e-01    2.6278e-01    1.1263e-01
2.6278e-01    2.7052e-01    1.1582e-01
2.7052e-01    2.7848e-01    1.1909e-01
2.7848e-01    2.8668e-01    1.2245e-01
2.8668e-01    2.9512e-01    1.2591e-01
2.9512e-01    3.0381e-01    1.2945e-01
3.0381e-01    3.1276e-01    1.3310e-01
3.1276e-01    3.2197e-01    1.3684e-01
3.2197e-01    3.3145e-01    1.4069e-01
3.3145e-01    3.4120e-01    1.4464e-01
3.4120e-01    3.5125e-01    1.4869e-01
3.5125e-01    3.6159e-01    1.5286e-01
3.6159e-01    3.7224e-01    1.5713e-01
3.7224e-01    3.8320e-01    1.6152e-01
3.8320e-01    3.9448e-01    1.6603e-01
3.9448e-01    4.0609e-01    1.7065e-01
4.0609e-01    4.1805e-01    1.7539e-01
4.1805e-01    4.3036e-01    1.8025e-01
4.3036e-01    4.4303e-01    1.8524e-01
4.4303e-01    4.5607e-01    1.9036e-01
4.5607e-01    4.6950e-01    1.9561e-01
4.6950e-01    4.8332e-01    2.0100e-01
4.8332e-01    4.9755e-01    2.0654e-01
4.9755e-01    5.1220e-01    2.1221e-01
5.1220e-01    5.2728e-01    2.1804e-01
5.2728e-01    5.4281e-01    2.2402e-01
5.4281e-01    5.5879e-01    2.3014e-01
5.5879e-01    5.7524e-01    2.3642e-01
5.7524e-01    5.9218e-01    2.4285e-01
5.9218e-01    6.0961e-01    2.4944e-01
6.0961e-01    6.2756e-01    2.5620e-01
6.2756e-01    6.4604e-01    2.6313e-01
6.4604e-01    6.6506e-01    2.7024e-01
6.6506e-01    6.8464e-01    2.7752e-01
6.8464e-01    7.0480e-01    2.8498e-01
7.0480e-01    7.2555e-01    2.9263e-01
7.2555e-01    7.4691e-01    3.0046e-01
7.4691e-01    7.6890e-01    3.0847e-01
7.6890e-01    7.9154e-01    3.1667e-01
7.9154e-01    8.1485e-01    3.2506e-01
8.1485e-01    8.3884e-01    3.3366e-01
8.3884e-01    8.6354e-01    3.4246e-01
8.6354e-01    8.8896e-01    3.5148e-01
8.8896e-01    9.1513e-01    3.6071e-01
9.1513e-01    9.4208e-01    3.7017e-01
9.4208e-01    9.6981e-01    3.7985e-01
9.6981e-01    9.9837e-01    3.8974e-01
9.9837e-01    1.0278e+00    3.9984e-01
1.0278e+00    1.0580e+00    4.1017e-01
1.0580e+00    1.0892e+00    4.2074e-01
1.0892e+00    1.1212e+00    4.3155e-01
1.1212e+00    1.1543e+00    4.4261e-01
1.1543e+00    1.1882e+00    4.5393e-01
1.1882e+00    1.2232e+00    4.6549e-01
1.2232e+00    1.2592e+00    4.7729e-01
1.2592e+00    1.2963e+00    4.8931e-01
1.2963e+00    1.3345e+00    5.0158e-01
1.3345e+00    1.3738e+00    5.1411e-01
1.3738e+00    1.4142e+00    5.2692e-01
1.4142e+00    1.4559e+00    5.4001e-01
1.4559e+00    1.4987e+00    5.5337e-01
1.4987e+00    1.5428e+00    5.6701e-01
1.5428e+00    1.5883e+00    5.8093e-01
1.5883e+00    1.6350e+00    5.9515e-01
1.6350e+00    1.6832e+00    6.0965e-01
1.6832e+00    1.7327e+00    6.2444e-01
1.7327e+00    1.7837e+00    6.3952e-01
1.7837e+00    1.8363e+00    6.5487e-01
1.8363e+00    1.8903e+00    6.7050e-01
1.8903e+00    1.9460e+00    6.8638e-01
1.9460e+00    2.0033e+00    7.0258e-01
2.0033e+00    2.0623e+00    7.1908e-01
2.0623e+00    2.1230e+00    7.3588e-01
2.1230e+00    2.1855e+00    7.5294e-01
2.1855e+00    2.2498e+00    7.7029e-01
2.2498e+00    2.3161e+00    7.8792e-01
2.3161e+00    2.3843e+00    8.0588e-01
2.3843e+00    2.4544e+00    8.2415e-01
2.4544e+00    2.5267e+00    8.4270e-01
2.5267e+00    2.6011e+00    8.6153e-01
2.6011e+00    2.6777e+00    8.8064e-01
2.6777e+00    2.7565e+00    9.0005e-01
2.7565e+00    2.8377e+00    9.1978e-01
2.8377e+00    2.9212e+00    9.3980e-01
2.9212e+00    3.0072e+00    9.6010e-01
3.0072e+00    3.0958e+00    9.8065e-01
3.0958e+00    3.1869e+00    1.0015e+00
3.1869e+00    3.2808e+00    1.0226e+00
3.2808e+00    3.3774e+00    1.0440e+00
3.3774e+00    3.4768e+00    1.0657e+00
3.4768e+00    3.5792e+00    1.0876e+00
3.5792e+00    3.6845e+00    1.1098e+00
3.6845e+00    3.7930e+00    1.1322e+00
3.7930e+00    3.9047e+00    1.1548e+00
3.9047e+00    4.0197e+00    1.1777e+00
4.0197e+00    4.1380e+00    1.2008e+00
4.1380e+00    4.2598e+00    1.2241e+00
4.2598e+00    4.3853e+00    1.2476e+00
4.3853e+00    4.5144e+00    1.2713e+00
4.5144e+00    4.6473e+00    1.2952e+00
4.6473e+00    4.7841e+00    1.3193e+00
4.7841e+00    4.9250e+00    1.3435e+00
4.9250e+00    5.0700e+00    1.3679e+00
5.0700e+00    5.2192e+00    1.3924e+00
5.2192e+00    5.3729e+00    1.4170e+00
5.3729e+00    5.5311e+00    1.4418e+00
5.5311e+00    5.6940e+00    1.4667e+00
5.6940e+00    5.8616e+00    1.4915e+00
5.8616e+00    6.0342e+00    1.5164e+00
6.0342e+00    6.2118e+00    1.5415e+00
6.2118e+00    6.3947e+00    1.5667e+00
6.3947e+00    6.5830e+00    1.5919e+00
6.5830e+00    6.7768e+00    1.6171e+00
6.7768e+00    6.9764e+00    1.6423e+00
6.9764e+00    7.1818e+00    1.6674e+00
7.1818e+00    7.3932e+00    1.6924e+00
7.3932e+00    7.6109e+00    1.7174e+00
7.6109e+00    7.8350e+00    1.7423e+00
7.8350e+00    8.0656e+00    1.7670e+00
8.0656e+00    8.3031e+00    1.7917e+00
8.3031e+00    8.5476e+00    1.8161e+00
8.5476e+00    8.7992e+00    1.8404e+00
8.7992e+00    9.0583e+00    1.8645e+00
9.0583e+00    9.3250e+00    1.8883e+00
9.3250e+00    9.5996e+00    1.9119e+00
9.5996e+00    9.8822e+00    1.9350e+00
9.8822e+00    1.0173e+01    1.9579e+00
1.0173e+01    1.0473e+01    1.9805e+00
1.0473e+01    1.0781e+01    2.0027e+00
1.0781e+01    1.1098e+01    2.0246e+00
1.1098e+01    1.1425e+01    2.0461e+00
1.1425e+01    1.1762e+01    2.0672e+00
1.1762e+01    1.2108e+01    2.0878e+00
1.2108e+01    1.2464e+01    2.1077e+00
1.2464e+01    1.2831e+01    2.1271e+00
1.2831e+01    1.3209e+01    2.1460e+00
1.3209e+01    1.3598e+01    2.1641e+00
1.3598e+01    1.3998e+01    2.1817e+00
1.3998e+01    1.4411e+01    2.1987e+00
1.4411e+01    1.4835e+01    2.2151e+00
1.4835e+01    1.5272e+01    2.2307e+00
1.5272e+01    1.5721e+01    2.2456e+00
1.5721e+01    1.6184e+01    2.2598e+00
1.6184e+01    1.6661e+01    2.2731e+00
1.6661e+01    1.7151e+01    2.2857e+00
1.7151e+01    1.7656e+01    2.2974e+00
1.7656e+01    1.8176e+01    2.3082e+00
1.8176e+01    1.8711e+01    2.3181e+00
1.8711e+01    1.9262e+01    2.3272e+00
1.9262e+01    1.9829e+01    2.3353e+00
1.9829e+01    2.0413e+01    2.3425e+00
2.0413e+01    2.1014e+01    2.3485e+00
2.1014e+01    2.1633e+01    2.3536e+00
2.1633e+01    2.2270e+01    2.3576e+00
2.2270e+01    2.2925e+01    2.3604e+00
2.2925e+01    2.3600e+01    2.3622e+00
2.3600e+01    2.4295e+01    2.3629e+00
2.4295e+01    2.5010e+01    2.3625e+00
2.5010e+01    2.5747e+01    2.3610e+00
2.5747e+01    2.6505e+01    2.3584e+00
2.6505e+01    2.7285e+01    2.3547e+00
2.7285e+01    2.8088e+01    2.3498e+00
2.8088e+01    2.8915e+01    2.3438e+00
2.8915e+01    2.9767e+01    2.3365e+00
2.9767e+01    3.0643e+01    2.3282e+00
3.0643e+01    3.1545e+01    2.3185e+00
3.1545e+01    3.2474e+01    2.3076e+00
3.2474e+01    3.3430e+01    2.2956e+00
3.3430e+01    3.4415e+01    2.2824e+00
3.4415e+01    3.5428e+01    2.2680e+00
3.5428e+01    3.6471e+01    2.2524e+00
3.6471e+01    3.7545e+01    2.2356e+00
3.7545e+01    3.8650e+01    2.2177e+00
3.8650e+01    3.9788e+01    2.1986e+00
3.9788e+01    4.0959e+01    2.1783e+00
4.0959e+01    4.2165e+01    2.1569e+00
4.2165e+01    4.3407e+01    2.1344e+00
4.3407e+01    4.4685e+01    2.1109e+00
4.4685e+01    4.6000e+01    2.0863e+00
4.6000e+01    4.7355e+01    2.0606e+00
4.7355e+01    4.8749e+01    2.0340e+00
4.8749e+01    5.0184e+01    2.0063e+00
5.0184e+01    5.1662e+01    1.9778e+00
5.1662e+01    5.3183e+01    1.9483e+00
5.3183e+01    5.4749e+01    1.9178e+00
5.4749e+01    5.6361e+01    1.8866e+00
5.6361e+01    5.8020e+01    1.8545e+00
5.8020e+01    5.9728e+01    1.8217e+00
5.9728e+01    6.1487e+01    1.7881e+00
6.1487e+01    6.3297e+01    1.7539e+00
6.3297e+01    6.5161e+01    1.7190e+00
6.5161e+01    6.7079e+01    1.6836e+00
6.7079e+01    6.9054e+01    1.6475e+00
6.9054e+01    7.1087e+01    1.6110e+00
7.1087e+01    7.3180e+01    1.5740e+00
7.3180e+01    7.5335e+01    1.5367e+00
7.5335e+01    7.7553e+01    1.4990e+00
7.7553e+01    7.9836e+01    1.4610e+00
7.9836e+01    8.2187e+01    1.4228e+00
8.2187e+01    8.4607e+01    1.3843e+00
8.4607e+01    8.7098e+01    1.3458e+00
8.7098e+01    8.9662e+01    1.3072e+00
8.9662e+01    9.2302e+01    1.2685e+00
9.2302e+01    9.5020e+01    1.2298e+00
9.5020e+01    9.7817e+01    1.1913e+00
9.7817e+01    1.0070e+02    1.1529e+00
1.0070e+02    1.0366e+02    1.1146e+00
1.0366e+02    1.0671e+02    1.0766e+00
1.0671e+02    1.0986e+02    1.0389e+00
1.0986e+02    1.1309e+02    1.0015e+00
1.1309e+02    1.1642e+02    9.6448e-01
1.1642e+02    1.1985e+02    9.2789e-01
1.1985e+02    1.2338e+02    8.9175e-01
1.2338e+02    1.2701e+02    8.5614e-01
1.2701e+02    1.3075e+02    8.2108e-01
1.3075e+02    1.3460e+02    7.8660e-01
1.3460e+02    1.3856e+02    7.5275e-01
1.3856e+02    1.4264e+02    7.1955e-01
1.4264e+02    1.4684e+02    6.8706e-01
1.4684e+02    1.5116e+02    6.5528e-01
1.5116e+02    1.5561e+02    6.2424e-01
1.5561e+02    1.6020e+02    5.9398e-01
1.6020e+02    1.6491e+02    5.6451e-01
1.6491e+02    1.6977e+02    5.3587e-01
1.6977e+02    1.7477e+02    5.0805e-01
1.7477e+02    1.7991e+02    4.8108e-01
1.7991e+02    1.8521e+02    4.5497e-01
1.8521e+02    1.9066e+02    4.2972e-01
1.9066e+02    1.9628e+02    4.0535e-01
1.9628e+02    2.0205e+02    3.8186e-01
2.0205e+02    2.0800e+02    3.5925e-01
2.0800e+02    2.1413e+02    3.3752e-01
2.1413e+02    2.2043e+02    3.1667e-01
2.2043e+02    2.2692e+02    2.9670e-01
2.2692e+02    2.3360e+02    2.7759e-01
2.3360e+02    2.4048e+02    2.5933e-01
2.4048e+02    2.4756e+02    2.4193e-01
2.4756e+02    2.5485e+02    2.2536e-01
2.5485e+02    2.6235e+02    2.0960e-01
2.6235e+02    2.7008e+02    1.9465e-01
2.7008e+02    2.7803e+02    1.8048e-01
2.7803e+02    2.8621e+02    1.6708e-01
2.8621e+02    2.9464e+02    1.5442e-01
2.9464e+02    3.0332e+02    1.4249e-01
3.0332e+02    3.1225e+02    1.3126e-01
3.1225e+02    3.2144e+02    1.2071e-01
3.2144e+02    3.3090e+02    1.1081e-01
3.3090e+02    3.4065e+02    1.0154e-01
3.4065e+02    3.5068e+02    9.2883e-02
3.5068e+02    3.6100e+02    8.4804e-02
3.6100e+02    3.7163e+02    7.7281e-02
3.7163e+02    3.8257e+02    7.0289e-02
3.8257e+02    3.9384e+02    6.3804e-02
3.9384e+02    4.0543e+02    5.7799e-02
4.0543e+02    4.1737e+02    5.2250e-02
4.1737e+02    4.2966e+02    4.7132e-02
4.2966e+02    4.4231e+02    4.2423e-02
4.4231e+02    4.5533e+02    3.8098e-02
4.5533e+02    4.6873e+02    3.4134e-02
4.6873e+02    4.8254e+02    3.0509e-02
4.8254e+02    4.9674e+02    2.7202e-02
4.9674e+02    5.1137e+02    2.4191e-02
5.1137e+02    5.2642e+02    2.1456e-02
5.2642e+02    5.4192e+02    1.8978e-02
5.4192e+02    5.5788e+02    1.6738e-02
5.5788e+02    5.7430e+02    1.4719e-02
5.7430e+02    5.9121e+02    1.2903e-02
5.9121e+02    6.0862e+02    1.1274e-02
6.0862e+02    6.2654e+02    9.8179e-03
6.2654e+02    6.4499e+02    8.5189e-03
6.4499e+02    6.6397e+02    7.3640e-03
6.6397e+02    6.8352e+02    6.3402e-03
6.8352e+02    7.0365e+02    5.4357e-03
7.0365e+02    7.2437e+02    4.6391e-03
7.2437e+02    7.4569e+02    3.9400e-03
7.4569e+02    7.6765e+02    3.3288e-03
7.6765e+02    7.9025e+02    2.7965e-03
7.9025e+02    8.1352e+02    2.3346e-03
8.1352e+02    8.3747e+02    1.9345e-03
8.3747e+02    8.6213e+02    1.5893e-03
8.6213e+02    8.8751e+02    1.2934e-03
8.8751e+02    9.1364e+02    1.0413e-03
9.1364e+02    9.4054e+02    8.2833e-04
9.4054e+02    9.6823e+02    6.4983e-04
9.6823e+02    9.9674e+02    5.0165e-04
9.9674e+02    1.0261e+03    3.7999e-04
1.0261e+03    1.0563e+03    2.8136e-04
1.0563e+03    1.0874e+03    2.0259e-04
1.0874e+03    1.1194e+03    1.4082e-04
1.1194e+03    1.1524e+03    9.3493e-05
1.1524e+03    1.1863e+03    5.8291e-05
1.1863e+03    1.2212e+03    3.3166e-05
1.2212e+03    1.2572e+03    1.6301e-05
1.2572e+03    1.2942e+03    6.0929e-06
1.2942e+03    1.3323e+03    1.1397e-06
1.3323e+03    1.3715e+03    8.3394e-09
1.3715e+03    1.4119e+03    0.0000e+00
1.4119e+03    1.4535e+03    0.0000e+00
1.4535e+03    1.4963e+03    0.0000e+00
1.4963e+03    1.5403e+03    0.0000e+00
1.5403e+03    1.5857e+03    0.0000e+00
1.5857e+03    1.6324e+03    0.0000e+00
1.6324e+03    1.6804e+03    0.0000e+00
1.6804e+03    1.7299e+03    0.0000e+00
1.7299e+03    1.7808e+03    0.0000e+00
1.7808e+03    1.8333e+03    0.0000e+00
1.8333e+03    1.8872e+03    0.0000e+00
1.8872e+03    1.9428e+03    0.0000e+00
1.9428e+03    2.0000e+03    0.0000e+00
