  0.01E+00  1.00E+00  3.252921E+54  6.772870E+53  9.053082E+53  5.209015E+47  1.084563E+47  1.449702E+47
  1.00E+00  2.50E+00  3.825220E+55  3.187160E+54  5.657952E+54  9.685290E+49  8.069752E+48  1.432569E+49
  2.50E+00  4.50E+00  1.752484E+56  1.850110E+55  1.716608E+55  9.412689E+50  9.937043E+49  9.219996E+49
  4.50E+00  7.00E+00  4.365288E+56  5.558610E+55  3.326421E+55  3.923251E+51  4.995734E+50  2.989582E+50
  7.00E+00  1.00E+01  6.686551E+56  8.850192E+55  4.816022E+55  8.958372E+51  1.185713E+51  6.452312E+50
  1.00E+01  1.40E+01  5.185634E+56  8.360642E+55  5.514746E+55  9.825542E+51  1.584142E+51  1.044913E+51
  1.40E+01  1.90E+01  1.854767E+56  4.583614E+55  4.752505E+55  4.844180E+51  1.197124E+51  1.241234E+51
  1.90E+01  2.50E+01  5.550035E+55  1.619233E+55  3.063010E+55  1.937002E+51  5.651241E+50  1.069012E+51
  2.50E+01  3.20E+01  1.789134E+55  4.931152E+54  1.586851E+55  8.103453E+50  2.233447E+50  7.187262E+50
  3.20E+01  4.00E+01  6.081431E+54  1.582853E+54  7.487510E+54  3.484141E+50  9.068398E+49  4.289704E+50
  4.00E+01  4.80E+01  2.319511E+54  5.910134E+53  3.808383E+54  1.627525E+50  4.146950E+49  2.672219E+50
  4.80E+01  5.80E+01  8.251358E+53  2.039432E+53  1.891250E+54  6.971739E+49  1.723157E+49  1.597955E+50
  5.80E+01  6.80E+01  3.266516E+53  7.853544E+52  1.063236E+54  3.284981E+49  7.897939E+48  1.069247E+50
  6.80E+01  8.00E+01  1.317854E+53  2.853068E+52  5.986335E+53  1.556488E+49  3.369696E+48  7.070326E+49
  8.00E+01  9.50E+01  5.528724E+52  9.476058E+51  3.399898E+53  7.718081E+48  1.322855E+48  4.746248E+49
  9.50E+01  1.15E+02  1.931979E+52  2.676780E+51  1.946000E+53  3.233782E+48  4.480443E+47  3.257252E+49
  1.15E+02  1.45E+02  4.517452E+51  5.521619E+50  9.957405E+52  9.341183E+47  1.141760E+47  2.058992E+49
  1.45E+02  1.85E+02  8.940226E+50  8.460973E+49  4.249611E+52  2.344700E+47  2.219010E+46  1.114521E+49
  1.85E+02  2.35E+02  4.769815E+46  1.391270E+49  3.403811E+52  1.592557E+43  4.645206E+45  1.136473E+49
  2.35E+02  3.00E+02  7.094450E+31  1.328203E+28  1.010016E+52  3.016389E+28  5.647197E+24  4.294346E+48
