0.01	0.5149494949494949	1.0198989898989899	1.5248484848484847	2.0297979797979795	2.5347474747474745	3.039696969696969	3.544646464646464	4.049595959595959	4.554545454545454	5.059494949494949	5.564444444444444	6.0693939393939385	6.574343434343434	7.0792929292929285	7.584242424242424	8.089191919191919	8.594141414141413	9.099090909090908	9.604040404040404	10.108989898989899	10.613939393939393	11.118888888888888	11.623838383838383	12.128787878787877	12.633737373737373	13.138686868686868	13.643636363636363	14.148585858585857	14.653535353535352	15.158484848484848	15.663434343434343	16.16838383838384	16.673333333333336	17.17828282828283	17.683232323232325	18.188181818181818	18.693131313131314	19.19808080808081	19.703030303030303	20.2079797979798	20.712929292929292	21.21787878787879	21.722828282828285	22.227777777777778	22.732727272727274	23.237676767676767	23.742626262626263	24.247575757575756	24.752525252525253	25.25747474747475	25.762424242424242	26.267373737373738	26.77232323232323	27.277272727272727	27.782222222222224	28.287171717171717	28.792121212121213	29.297070707070706	29.802020202020202	30.3069696969697	30.81191919191919	31.316868686868688	31.82181818181818	32.32676767676767	32.831717171717166	33.336666666666666	33.84161616161616	34.34656565656565	34.851515151515144	35.356464646464644	35.86141414141414	36.36636363636363	36.87131313131313	37.37626262626262	37.881212121212116	38.386161616161615	38.89111111111111	39.3960606060606	39.901010101010094	40.405959595959594	40.91090909090909	41.41585858585858	41.92080808080808	42.42575757575757	42.930707070707065	43.435656565656565	43.94060606060606	44.44555555555555	44.95050505050504	45.45545454545454	45.960404040404036	46.46535353535353	46.97030303030303	47.47525252525252	47.980202020202015	48.48515151515151	48.99010101010101	49.4950505050505	50.0	
53.440666666666665	32.446666666666665	36.38666666666666	40.72533333333333	35.184666666666665	24.746	21.053333333333335	19.004666666666665	24.145333333333333	25.88533333333333	24.438	20.768	17.666666666666668	15.498666666666667	13.75	12.474666666666666	14.776	14.720666666666666	13.968	12.712	10.537333333333333	9.618666666666666	9.236666666666666	9.284666666666666	9.390666666666666	9.368	8.473333333333333	8.150666666666666	7.62	6.536	5.868666666666667	5.672666666666666	5.644666666666667	5.064	4.642666666666667	4.291333333333333	4.032	3.884	3.712	3.505333333333333	3.449333333333333	3.1646666666666667	3.05	2.9106666666666667	2.715333333333333	2.6553333333333335	2.422	2.324	2.154	2.0926666666666667	1.9433333333333334	1.7986666666666666	1.8266666666666667	1.634	1.528	1.472	1.424	1.3666666666666667	1.3053333333333332	1.184	1.12	0.992	0.9213333333333333	0.9213333333333333	0.8193333333333334	0.8453333333333334	0.806	0.8073333333333333	0.7426666666666667	0.7206666666666667	0.698	0.664	0.6513333333333333	0.596	0.6173333333333333	0.5633333333333334	0.5286666666666666	0.5206666666666667	0.484	0.48533333333333334	0.4706666666666667	0.3953333333333333	0.36666666666666664	0.378	0.30866666666666664	0.326	0.322	0.3	0.268	0.29	0.2693333333333333	0.2866666666666667	0.244	0.22466666666666665	0.22533333333333333	0.202	0.182	0.194	0.176	
54.38066666666667	33.104	36.534	41.31066666666667	35.915333333333336	25.22533333333333	21.121333333333332	18.976666666666667	24.384666666666668	26.165333333333333	25.052666666666667	21.324666666666666	17.632	15.638666666666667	13.870666666666667	12.567333333333334	15.142	14.826666666666666	14.126	13.203333333333333	10.696666666666667	9.740666666666666	9.428666666666667	9.433333333333334	9.610666666666667	9.549333333333333	8.530666666666667	8.130666666666666	7.753333333333333	6.588	5.905333333333333	5.631333333333333	5.6226666666666665	4.956	4.608666666666666	4.277333333333333	4.046666666666667	3.926	3.759333333333333	3.6466666666666665	3.3846666666666665	3.248	3.0526666666666666	2.95	2.828	2.662	2.4386666666666668	2.294	2.171333333333333	2.09	1.9593333333333334	1.9006666666666667	1.7726666666666666	1.664	1.626	1.5486666666666666	1.4793333333333334	1.3753333333333333	1.256	1.1913333333333334	1.1026666666666667	0.9886666666666667	0.954	0.936	0.826	0.838	0.8033333333333333	0.7886666666666666	0.7433333333333333	0.6886666666666666	0.676	0.6806666666666666	0.6046666666666667	0.6173333333333333	0.5913333333333334	0.5446666666666666	0.5613333333333334	0.498	0.49333333333333335	0.448	0.4126666666666667	0.41733333333333333	0.366	0.356	0.31933333333333336	0.324	0.30266666666666664	0.30933333333333335	0.29	0.27466666666666667	0.24866666666666667	0.24333333333333335	0.238	0.25133333333333335	0.21133333333333335	0.23	0.18466666666666667	0.22066666666666668	0.17133333333333334	
54.757333333333335	33.400666666666666	37.254	42.14066666666667	36.51733333333333	25.449333333333332	21.616	19.336	24.29	26.476666666666667	25.548666666666666	21.645333333333333	17.958	15.671333333333333	14.143333333333333	12.843333333333334	15.392	14.994666666666667	14.338666666666667	13.217333333333332	10.882	9.864666666666666	9.607333333333333	9.459333333333333	9.83	9.617333333333333	8.712666666666667	8.159333333333333	7.91	6.66	6.069333333333334	5.772666666666667	5.722666666666667	5.122	4.65	4.308666666666666	4.064666666666667	3.8906666666666667	3.7413333333333334	3.513333333333333	3.4206666666666665	3.248	3.1626666666666665	3.030666666666667	2.8113333333333332	2.63	2.5646666666666667	2.284	2.2093333333333334	2.1	1.9086666666666667	1.812	1.7913333333333334	1.7026666666666668	1.5513333333333332	1.4686666666666666	1.4253333333333333	1.418	1.3046666666666666	1.2086666666666666	1.1226666666666667	1.0153333333333334	0.9246666666666666	0.9506666666666667	0.8833333333333333	0.87	0.7853333333333333	0.752	0.7633333333333333	0.7173333333333334	0.694	0.6253333333333333	0.6053333333333333	0.5806666666666667	0.5906666666666667	0.5613333333333334	0.534	0.51	0.458	0.46266666666666667	0.43333333333333335	0.4093333333333333	0.356	0.33	0.33266666666666667	0.31133333333333335	0.3006666666666667	0.314	0.2793333333333333	0.2733333333333333	0.294	0.254	0.22333333333333333	0.24	0.212	0.19466666666666665	0.18666666666666668	0.2	0.176	
54.88066666666667	33.66133333333333	37.44533333333333	41.86066666666667	36.842666666666666	25.146	21.432666666666666	19.030666666666665	24.529333333333334	26.650666666666666	25.278666666666666	21.509333333333334	17.842666666666666	16.016	14.051333333333334	12.767333333333333	15.355333333333334	15.063333333333333	14.303333333333333	13.096	10.668666666666667	9.986	9.487333333333334	9.664	9.59	9.580666666666668	8.684	8.362666666666666	7.736	6.566666666666666	6.13	5.55	5.686	5.012666666666667	4.791333333333333	4.249333333333333	4.076	3.8753333333333333	3.736	3.494666666666667	3.4806666666666666	3.2046666666666668	3.0773333333333333	2.9386666666666668	2.8033333333333332	2.6173333333333333	2.3993333333333333	2.2826666666666666	2.284666666666667	2.092	1.9986666666666666	1.8833333333333333	1.8246666666666667	1.7633333333333334	1.6	1.4946666666666666	1.4806666666666666	1.3273333333333333	1.266	1.1633333333333333	1.0686666666666667	1.0433333333333332	0.9366666666666666	0.9146666666666666	0.8953333333333333	0.8426666666666667	0.75	0.7813333333333333	0.7786666666666666	0.7226666666666667	0.656	0.6513333333333333	0.6206666666666667	0.6046666666666667	0.568	0.5813333333333334	0.53	0.5113333333333333	0.5	0.472	0.44	0.386	0.37	0.3446666666666667	0.33266666666666667	0.31333333333333335	0.32066666666666666	0.31	0.2806666666666667	0.3233333333333333	0.2693333333333333	0.28	0.248	0.23066666666666666	0.21866666666666668	0.19666666666666666	0.19266666666666668	0.16866666666666666	0.19	
54.414	33.05133333333333	36.762	41.75333333333333	36.04333333333334	25.118666666666666	21.15	18.956666666666667	24.149333333333335	26.316666666666666	25.033333333333335	21.463333333333335	17.636666666666667	15.612666666666666	14.044666666666666	12.632	15.344	14.822666666666667	14.212666666666667	12.897333333333334	10.828666666666667	9.742666666666667	9.613333333333333	9.428666666666667	9.501333333333333	9.417333333333334	8.555333333333333	8.220666666666666	7.502	6.465333333333334	5.871333333333333	5.641333333333334	5.652666666666667	5.058666666666666	4.616666666666666	4.172	3.957333333333333	3.984	3.694	3.5873333333333335	3.322	3.198	2.982666666666667	2.9146666666666667	2.784666666666667	2.6086666666666667	2.3686666666666665	2.239333333333333	2.1333333333333333	2.044	1.934	1.912	1.7526666666666666	1.6933333333333334	1.58	1.4626666666666666	1.474	1.3613333333333333	1.2426666666666666	1.1886666666666668	1.078	0.9966666666666667	0.9226666666666666	0.8853333333333333	0.826	0.8153333333333334	0.788	0.786	0.716	0.702	0.6206666666666667	0.638	0.6266666666666667	0.5953333333333334	0.56	0.5173333333333333	0.5513333333333333	0.48133333333333334	0.468	0.452	0.412	0.4166666666666667	0.37133333333333335	0.35133333333333333	0.30533333333333335	0.30533333333333335	0.2966666666666667	0.29	0.282	0.268	0.25333333333333335	0.24933333333333332	0.228	0.234	0.2	0.224	0.19666666666666666	0.194	0.16133333333333333	
54.01533333333333	32.91133333333333	36.907333333333334	41.48733333333333	36.032	25.045333333333332	21.262666666666668	18.737333333333332	24.209333333333333	26.276666666666667	24.902	21.224666666666668	17.816666666666666	15.659333333333333	13.968666666666667	12.608666666666666	15.141333333333334	14.866666666666667	14.108	12.9	10.827333333333334	9.632666666666667	9.394666666666666	9.411333333333333	9.356	9.542	8.523333333333333	8.129333333333333	7.761333333333333	6.560666666666667	5.935333333333333	5.496666666666667	5.615333333333333	4.992666666666667	4.604666666666667	4.225333333333333	4.022666666666667	3.8833333333333333	3.736666666666667	3.473333333333333	3.284666666666667	3.1406666666666667	3.0686666666666667	3.0206666666666666	2.7146666666666666	2.6613333333333333	2.4206666666666665	2.276666666666667	2.1726666666666667	2.058666666666667	1.928	1.8946666666666667	1.7653333333333334	1.6933333333333334	1.514	1.5026666666666666	1.37	1.434	1.2633333333333334	1.104	1.0513333333333332	1.0006666666666666	0.944	0.8806666666666667	0.8733333333333333	0.8106666666666666	0.774	0.7713333333333333	0.722	0.7313333333333333	0.6506666666666666	0.6266666666666667	0.6186666666666667	0.572	0.6093333333333333	0.5566666666666666	0.514	0.49733333333333335	0.444	0.4533333333333333	0.4093333333333333	0.36466666666666664	0.37933333333333336	0.35733333333333334	0.326	0.31266666666666665	0.30933333333333335	0.268	0.2906666666666667	0.25933333333333336	0.2673333333333333	0.25866666666666666	0.212	0.24333333333333335	0.21933333333333332	0.18533333333333332	0.19266666666666668	0.188	0.17333333333333334	
54.150666666666666	32.68266666666667	36.752	41.478	35.68666666666667	24.942	21.076	18.815333333333335	24.018666666666668	26.108	24.95	21.300666666666668	17.612666666666666	15.548	13.748	12.432666666666666	14.955333333333334	14.959333333333333	14.132	12.833333333333334	10.584	9.736	9.429333333333334	9.466	9.398	9.348	8.617333333333333	8.123333333333333	7.713333333333333	6.44	5.946666666666666	5.606	5.406666666666666	4.9446666666666665	4.516	4.182	4.036666666666667	3.7746666666666666	3.768	3.4953333333333334	3.3346666666666667	3.1506666666666665	3.030666666666667	2.8913333333333333	2.718	2.6073333333333335	2.4406666666666665	2.286	2.1386666666666665	2.062	1.9233333333333333	1.8306666666666667	1.7846666666666666	1.6153333333333333	1.5453333333333332	1.4786666666666666	1.4633333333333334	1.2993333333333332	1.2553333333333334	1.1293333333333333	1.0473333333333332	0.9933333333333333	0.9166666666666666	0.88	0.8313333333333334	0.7806666666666666	0.77	0.734	0.7653333333333333	0.6893333333333334	0.6386666666666667	0.6666666666666666	0.6146666666666667	0.602	0.5786666666666667	0.5026666666666667	0.52	0.472	0.4653333333333333	0.442	0.4066666666666667	0.36866666666666664	0.338	0.312	0.32866666666666666	0.3006666666666667	0.2926666666666667	0.28733333333333333	0.2693333333333333	0.27066666666666667	0.2633333333333333	0.26666666666666666	0.22733333333333333	0.22266666666666668	0.19533333333333333	0.18	0.19266666666666668	0.174	0.17733333333333334	
53.852666666666664	32.976	36.284	41.443333333333335	35.55533333333333	24.858	20.804666666666666	18.614	24.187333333333335	26.17	25.030666666666665	21.297333333333334	17.499333333333333	15.608666666666666	13.928	12.618666666666666	15.075333333333333	14.832	14.074	12.750666666666667	10.603333333333333	9.694666666666667	9.290666666666667	9.407333333333334	9.387333333333334	9.269333333333334	8.453333333333333	7.982	7.504666666666667	6.552666666666667	5.957333333333334	5.663333333333333	5.567333333333333	4.866666666666666	4.586	4.092	3.921333333333333	3.8366666666666664	3.6166666666666667	3.4886666666666666	3.2213333333333334	3.1086666666666667	3.0113333333333334	2.8473333333333333	2.824666666666667	2.558	2.326	2.175333333333333	2.1313333333333335	2.037333333333333	1.874	1.7446666666666666	1.7486666666666666	1.6326666666666667	1.576	1.4533333333333334	1.4566666666666668	1.3706666666666667	1.2486666666666666	1.1493333333333333	1.088	0.9586666666666667	0.8773333333333333	0.8853333333333333	0.8433333333333334	0.7986666666666666	0.794	0.7466666666666667	0.736	0.7013333333333334	0.6666666666666666	0.5966666666666667	0.59	0.5733333333333334	0.574	0.5386666666666666	0.48533333333333334	0.49933333333333335	0.478	0.43133333333333335	0.40066666666666667	0.38	0.352	0.342	0.30866666666666664	0.32266666666666666	0.2946666666666667	0.292	0.274	0.276	0.254	0.22066666666666668	0.24066666666666667	0.242	0.20133333333333334	0.20733333333333334	0.17333333333333334	0.17066666666666666	0.148	
53.73133333333333	32.82933333333333	36.56066666666667	41.34466666666667	35.64666666666667	24.860666666666667	20.931333333333335	18.692666666666668	24.038	25.988666666666667	24.926	21.424	17.701333333333334	15.44	13.812	12.57	14.916	14.736666666666666	13.938666666666666	12.782	10.658	9.899333333333333	9.375333333333334	9.298	9.381333333333334	9.530666666666667	8.468666666666667	8.074	7.668	6.497333333333334	5.895333333333333	5.652666666666667	5.649333333333334	5.013333333333334	4.577333333333334	4.184	4.034666666666666	3.7973333333333334	3.648	3.504	3.260666666666667	3.1	3.0046666666666666	2.8473333333333333	2.678	2.558	2.3786666666666667	2.208	2.158	2.072	1.9	1.876	1.7626666666666666	1.72	1.5386666666666666	1.514	1.4266666666666667	1.3393333333333333	1.3266666666666667	1.154	1.0586666666666666	1.0033333333333334	0.9426666666666667	0.9506666666666667	0.912	0.816	0.7753333333333333	0.7413333333333333	0.7226666666666667	0.6873333333333334	0.6473333333333333	0.6153333333333333	0.6	0.6093333333333333	0.5326666666666666	0.544	0.494	0.476	0.4613333333333333	0.434	0.4166666666666667	0.37933333333333336	0.3546666666666667	0.358	0.288	0.292	0.286	0.28	0.31866666666666665	0.25266666666666665	0.24	0.22266666666666668	0.24333333333333335	0.22066666666666668	0.21066666666666667	0.19666666666666666	0.19333333333333333	0.172	0.20466666666666666	
53.93666666666667	32.788666666666664	36.35733333333334	41.159333333333336	35.635333333333335	24.988666666666667	21.00733333333333	18.75733333333333	23.808666666666667	26.034	24.707333333333334	21.108	17.612666666666666	15.556666666666667	13.812666666666667	12.653333333333334	14.692666666666666	14.78	13.983333333333333	12.760666666666667	10.63	9.754666666666667	9.466	9.304	9.414	9.336666666666666	8.558666666666667	8.124666666666666	7.558	6.498666666666667	5.818	5.58	5.498666666666667	4.935333333333333	4.534	4.174666666666667	3.970666666666667	3.888	3.622	3.436	3.1726666666666667	3.19	2.94	2.846	2.7786666666666666	2.5646666666666667	2.4066666666666667	2.284666666666667	2.1566666666666667	2.034	1.9093333333333333	1.8126666666666666	1.7273333333333334	1.6106666666666667	1.58	1.4186666666666667	1.368	1.3853333333333333	1.2613333333333334	1.116	1.0606666666666666	1.0026666666666666	0.9133333333333333	0.904	0.9206666666666666	0.8026666666666666	0.7886666666666666	0.7706666666666667	0.7393333333333333	0.68	0.634	0.5926666666666667	0.614	0.5393333333333333	0.544	0.536	0.5093333333333333	0.4846666666666667	0.48533333333333334	0.4533333333333333	0.402	0.37866666666666665	0.354	0.35533333333333333	0.304	0.3	0.302	0.27066666666666667	0.25733333333333336	0.2733333333333333	0.24066666666666667	0.23466666666666666	0.22	0.23	0.17933333333333334	0.21	0.17533333333333334	0.18	0.14866666666666667	
54.03933333333333	32.53333333333333	36.24733333333333	41.315333333333335	35.416	24.923333333333332	21.128	18.71	23.940666666666665	25.934	24.78933333333333	21.226	17.610666666666667	15.288666666666666	13.839333333333334	12.507333333333333	15.008666666666667	14.922	14.07	12.814	10.566	9.848666666666666	9.196	9.248666666666667	9.378666666666666	9.205333333333334	8.552	8.095333333333333	7.646	6.449333333333334	5.844666666666667	5.572	5.480666666666667	4.976666666666667	4.508666666666667	4.197333333333333	3.8826666666666667	3.9146666666666667	3.702	3.4186666666666667	3.3353333333333333	3.0733333333333333	3.026	2.9153333333333333	2.784666666666667	2.566	2.3926666666666665	2.23	2.1566666666666667	2.0033333333333334	1.868	1.7946666666666666	1.78	1.5873333333333333	1.5333333333333334	1.476	1.384	1.3386666666666667	1.1746666666666667	1.1593333333333333	1.0673333333333332	0.956	0.9073333333333333	0.8686666666666667	0.8593333333333333	0.8266666666666667	0.7573333333333333	0.7266666666666667	0.698	0.6613333333333333	0.6533333333333333	0.6326666666666667	0.6153333333333333	0.584	0.5726666666666667	0.51	0.492	0.4826666666666667	0.476	0.4226666666666667	0.39866666666666667	0.368	0.3546666666666667	0.352	0.328	0.336	0.282	0.286	0.234	0.25933333333333336	0.24733333333333332	0.23333333333333334	0.23133333333333334	0.224	0.206	0.20933333333333334	0.17533333333333334	0.18	0.158	
53.688	32.886	36.55266666666667	41.63666666666666	35.8	24.882	20.934	18.71066666666667	23.802	25.926	24.886666666666667	21.348666666666666	17.626666666666665	15.45	13.694	12.522	14.827333333333334	14.814	14.174	12.890666666666666	10.810666666666666	9.732666666666667	9.298666666666668	9.252666666666666	9.284666666666666	9.274	8.442666666666666	8.114666666666666	7.524666666666667	6.396	5.792666666666666	5.548666666666667	5.442	4.9046666666666665	4.5633333333333335	4.147333333333333	3.98	3.7906666666666666	3.67	3.5113333333333334	3.312	3.1486666666666667	3.034666666666667	2.7906666666666666	2.6886666666666668	2.5953333333333335	2.3546666666666667	2.2373333333333334	2.1746666666666665	2.0486666666666666	1.9006666666666667	1.8146666666666667	1.6993333333333334	1.6213333333333333	1.4953333333333334	1.494	1.328	1.4126666666666667	1.1733333333333333	1.132	1.066	1.002	0.9333333333333333	0.9146666666666666	0.914	0.806	0.7946666666666666	0.7326666666666667	0.6586666666666666	0.646	0.656	0.622	0.584	0.5826666666666667	0.564	0.5526666666666666	0.5146666666666667	0.47933333333333333	0.456	0.456	0.38466666666666666	0.396	0.3406666666666667	0.344	0.324	0.29933333333333334	0.318	0.2753333333333333	0.2733333333333333	0.24666666666666667	0.248	0.24933333333333332	0.21666666666666667	0.22866666666666666	0.202	0.192	0.16466666666666666	0.17333333333333334	0.158	
53.559333333333335	32.70933333333333	36.565333333333335	41.36333333333334	35.89533333333333	24.893333333333334	20.986	18.836666666666666	23.866666666666667	26.008666666666667	24.816666666666666	21.176	17.552666666666667	15.362666666666666	13.829333333333333	12.551333333333334	15.069333333333333	14.787333333333333	14.026	12.795333333333334	10.507333333333333	9.852666666666666	9.242	9.316	9.355333333333334	9.409333333333333	8.426666666666666	8.072666666666667	7.440666666666667	6.3853333333333335	5.866666666666666	5.527333333333333	5.472	4.872	4.492	4.104	3.9593333333333334	3.9286666666666665	3.6113333333333335	3.448	3.3766666666666665	3.088	2.990666666666667	2.8733333333333335	2.726	2.5646666666666667	2.3453333333333335	2.1766666666666667	2.2133333333333334	2.041333333333333	1.8953333333333333	1.764	1.7006666666666668	1.6193333333333333	1.542	1.4566666666666668	1.454	1.3166666666666667	1.2206666666666666	1.1093333333333333	1.0253333333333334	0.9713333333333334	0.958	0.914	0.9173333333333333	0.8453333333333334	0.7833333333333333	0.7473333333333333	0.71	0.7146666666666667	0.6726666666666666	0.6086666666666667	0.614	0.5433333333333333	0.5466666666666666	0.5226666666666666	0.4533333333333333	0.494	0.44133333333333336	0.4266666666666667	0.384	0.392	0.35733333333333334	0.342	0.33	0.29933333333333334	0.326	0.29533333333333334	0.258	0.25533333333333336	0.25266666666666665	0.234	0.21	0.22266666666666668	0.18933333333333333	0.2	0.188	0.206	0.16533333333333333	
53.82866666666666	32.641333333333336	36.478	41.62133333333333	35.717333333333336	24.981333333333332	20.966666666666665	18.580666666666666	24.044	26.065333333333335	24.958666666666666	21.224	17.462666666666667	15.602666666666666	13.912666666666667	12.371333333333334	14.916	14.730666666666666	14.187333333333333	12.815333333333333	10.711333333333334	9.749333333333333	9.260666666666667	9.345333333333333	9.475333333333333	9.406666666666666	8.443333333333333	8.036666666666667	7.562	6.462	5.908666666666667	5.608666666666666	5.513333333333334	5.018	4.52	4.1513333333333335	3.981333333333333	3.8486666666666665	3.703333333333333	3.4833333333333334	3.2953333333333332	3.1133333333333333	2.9846666666666666	2.7906666666666666	2.6686666666666667	2.5986666666666665	2.394	2.204	2.1266666666666665	2.032	1.904	1.8386666666666667	1.7266666666666666	1.628	1.5353333333333334	1.4846666666666666	1.4186666666666667	1.3113333333333332	1.2693333333333334	1.1273333333333333	1.0046666666666666	1.004	0.922	0.9606666666666667	0.8993333333333333	0.83	0.8026666666666666	0.698	0.6906666666666667	0.6773333333333333	0.6126666666666667	0.6166666666666667	0.6193333333333333	0.558	0.5726666666666667	0.5073333333333333	0.4726666666666667	0.46266666666666667	0.448	0.42733333333333334	0.4086666666666667	0.41533333333333333	0.3586666666666667	0.3506666666666667	0.32466666666666666	0.31266666666666665	0.31866666666666665	0.28933333333333333	0.27	0.252	0.23866666666666667	0.21533333333333332	0.214	0.21466666666666667	0.20733333333333334	0.19533333333333333	0.172	0.15866666666666668	0.16066666666666668	
54.046	32.61933333333333	36.67466666666667	41.572	36.056666666666665	24.973333333333333	21.118	18.808	23.942	25.916	25.000666666666667	21.300666666666668	17.672666666666668	15.528	13.816666666666666	12.502	15.019333333333334	14.938666666666666	14.108666666666666	12.824	10.649333333333333	9.812666666666667	9.364	9.344	9.440666666666667	9.344666666666667	8.504	8.062666666666667	7.564666666666667	6.470666666666666	5.941333333333334	5.646	5.463333333333333	4.906666666666666	4.507333333333333	4.083333333333333	3.8986666666666667	3.7953333333333332	3.776666666666667	3.458666666666667	3.3293333333333335	3.1193333333333335	3.008	2.832	2.7786666666666666	2.6286666666666667	2.368	2.298	2.1213333333333333	2.026	1.8553333333333333	1.7786666666666666	1.732	1.61	1.56	1.448	1.404	1.3086666666666666	1.2853333333333334	1.1353333333333333	1.0566666666666666	0.9473333333333334	0.926	0.918	0.8866666666666667	0.8526666666666667	0.818	0.7413333333333333	0.692	0.6846666666666666	0.65	0.6206666666666667	0.638	0.5933333333333334	0.5826666666666667	0.518	0.518	0.4866666666666667	0.4846666666666667	0.4126666666666667	0.37733333333333335	0.37	0.37733333333333335	0.34933333333333333	0.33866666666666667	0.30933333333333335	0.30266666666666664	0.304	0.25866666666666666	0.26066666666666666	0.27666666666666667	0.246	0.226	0.20733333333333334	0.226	0.188	0.18133333333333335	0.18666666666666668	0.17	
53.99333333333333	32.36066666666667	36.558	41.32866666666666	35.85333333333333	25.037333333333333	20.954666666666668	18.50733333333333	23.966	26.124666666666666	24.948666666666668	21.211333333333332	17.758666666666667	15.330666666666668	13.864666666666666	12.547333333333333	14.997333333333334	15.010666666666667	14.145333333333333	12.906666666666666	10.606666666666667	9.83	9.350666666666667	9.26	9.385333333333334	9.271333333333333	8.509333333333334	8.062	7.636666666666667	6.381333333333333	5.862	5.658666666666667	5.522666666666667	5.085333333333334	4.766	4.068	3.94	3.933333333333333	3.7006666666666668	3.5113333333333334	3.239333333333333	3.1173333333333333	2.994666666666667	2.8753333333333333	2.723333333333333	2.5726666666666667	2.316	2.2266666666666666	2.1293333333333333	1.9946666666666666	1.85	1.7553333333333334	1.64	1.6406666666666667	1.5373333333333334	1.3886666666666667	1.3646666666666667	1.3293333333333333	1.194	1.136	1.002	1.0046666666666666	0.9573333333333334	0.896	0.856	0.8293333333333334	0.7913333333333333	0.752	0.6986666666666667	0.6773333333333333	0.6393333333333333	0.634	0.5973333333333334	0.578	0.5613333333333334	0.5126666666666667	0.504	0.426	0.436	0.43066666666666664	0.416	0.38533333333333336	0.3586666666666667	0.38333333333333336	0.32066666666666666	0.326	0.3233333333333333	0.31	0.27466666666666667	0.26066666666666666	0.252	0.22333333333333333	0.234	0.22133333333333333	0.17866666666666667	0.18066666666666667	0.16933333333333334	0.17866666666666667	0.18266666666666667	
53.984	33.00666666666667	36.354	41.31333333333333	35.843333333333334	24.924	20.889333333333333	18.97	24.127333333333333	25.905333333333335	25.0	20.99266666666667	17.472	15.250666666666667	13.750666666666667	12.428	14.962666666666667	15.076	13.975333333333333	12.870666666666667	10.605333333333334	9.468666666666667	9.198	9.396666666666667	9.394666666666666	9.456666666666667	8.475333333333333	8.160666666666666	7.477333333333333	6.43	5.804666666666667	5.55	5.494666666666666	5.286	4.906	4.131333333333333	3.973333333333333	3.792666666666667	3.594	3.48	3.278	3.064	2.946	2.82	2.740666666666667	2.584	2.3633333333333333	2.208	2.1333333333333333	2.078	1.872	1.8333333333333333	1.7266666666666666	1.5866666666666667	1.4946666666666666	1.3973333333333333	1.4173333333333333	1.3353333333333333	1.212	1.1206666666666667	1.0566666666666666	0.9873333333333333	0.9193333333333333	0.8973333333333333	0.8373333333333334	0.8433333333333334	0.768	0.7413333333333333	0.6953333333333334	0.6486666666666666	0.6573333333333333	0.6086666666666667	0.6153333333333333	0.586	0.58	0.5386666666666666	0.49666666666666665	0.5093333333333333	0.456	0.4026666666666667	0.38466666666666666	0.38866666666666666	0.37	0.366	0.366	0.3453333333333333	0.308	0.286	0.24533333333333332	0.24933333333333332	0.25466666666666665	0.224	0.226	0.19533333333333333	0.19266666666666668	0.19066666666666668	0.17466666666666666	0.16333333333333333	0.164	
54.135333333333335	32.424	36.22533333333333	41.45066666666666	35.632666666666665	24.868	21.012	18.518	24.076666666666668	26.153333333333332	24.709333333333333	21.296666666666667	17.488666666666667	15.332	13.925333333333333	12.462	14.929333333333334	14.823333333333334	14.053333333333333	12.77	10.624	9.725333333333333	9.346	9.161333333333333	9.431333333333333	9.363333333333333	8.471333333333334	8.165333333333333	7.542	6.458	5.77	5.616666666666666	5.585333333333334	5.214666666666667	4.879333333333333	4.548	3.998666666666667	3.804	3.64	3.4753333333333334	3.306	3.1046666666666667	3.014	2.8566666666666665	2.6926666666666668	2.570666666666667	2.3746666666666667	2.22	2.12	2.025333333333333	1.834	1.7633333333333334	1.722	1.6126666666666667	1.5386666666666666	1.4366666666666668	1.404	1.3246666666666667	1.238	1.1533333333333333	1.0933333333333333	0.966	0.936	0.922	0.87	0.7973333333333333	0.762	0.714	0.6686666666666666	0.6686666666666666	0.6626666666666666	0.6373333333333333	0.6286666666666667	0.546	0.5366666666666666	0.526	0.5113333333333333	0.45866666666666667	0.43933333333333335	0.4266666666666667	0.37733333333333335	0.3466666666666667	0.3433333333333333	0.3486666666666667	0.338	0.332	0.334	0.292	0.288	0.24	0.244	0.232	0.234	0.20533333333333334	0.18866666666666668	0.17733333333333334	0.168	0.16733333333333333	0.16333333333333333	
53.711333333333336	32.53666666666667	36.554	41.696	35.96666666666667	24.796666666666667	20.924666666666667	18.516666666666666	23.972	26.025333333333332	24.846666666666668	21.272666666666666	17.617333333333335	15.384666666666666	13.636666666666667	12.562	14.986666666666666	14.942	13.906	12.864666666666666	10.526666666666667	9.709333333333333	9.27	9.236666666666666	9.523333333333333	9.414666666666667	8.492	8.082	7.518	6.3613333333333335	5.824	5.572	5.515333333333333	5.220666666666666	4.958666666666667	4.6946666666666665	4.131333333333333	3.844	3.5793333333333335	3.4513333333333334	3.1886666666666668	3.224666666666667	2.994	2.832666666666667	2.6553333333333335	2.514666666666667	2.3606666666666665	2.2266666666666666	2.1826666666666665	2.0366666666666666	1.8926666666666667	1.7746666666666666	1.6866666666666668	1.6246666666666667	1.5533333333333332	1.462	1.432	1.3026666666666666	1.1933333333333334	1.1053333333333333	1.0413333333333334	0.988	0.9126666666666666	0.9146666666666666	0.844	0.8253333333333334	0.7526666666666667	0.726	0.6966666666666667	0.608	0.646	0.626	0.616	0.56	0.5466666666666666	0.5213333333333333	0.496	0.472	0.452	0.3973333333333333	0.4106666666666667	0.378	0.35733333333333334	0.37133333333333335	0.32066666666666666	0.3473333333333333	0.312	0.2986666666666667	0.2926666666666667	0.274	0.26466666666666666	0.22466666666666665	0.23533333333333334	0.216	0.2	0.184	0.17733333333333334	0.16333333333333333	0.15933333333333333	
53.599333333333334	32.46933333333333	36.09733333333333	41.65133333333333	35.724666666666664	24.629333333333335	20.779333333333334	18.480666666666668	23.878	25.905333333333335	24.658666666666665	21.125333333333334	17.672666666666668	15.266666666666667	13.815333333333333	12.279333333333334	14.968	14.766	14.086666666666666	12.692	10.593333333333334	9.761333333333333	9.154666666666667	9.186	9.342	9.187333333333333	8.522666666666666	7.992666666666667	7.41	6.320666666666667	5.774666666666667	5.454	5.537333333333334	5.289333333333333	4.962666666666666	4.824	4.208	3.816	3.6153333333333335	3.3973333333333335	3.308	3.0966666666666667	3.014666666666667	2.8066666666666666	2.703333333333333	2.566666666666667	2.3586666666666667	2.228	2.1146666666666665	1.988	1.914	1.7553333333333334	1.6786666666666668	1.5646666666666667	1.5146666666666666	1.398	1.408	1.274	1.2066666666666668	1.1406666666666667	0.9933333333333333	1.0093333333333334	0.9426666666666667	0.91	0.856	0.8106666666666666	0.7586666666666667	0.6913333333333334	0.6833333333333333	0.6753333333333333	0.6246666666666667	0.5886666666666667	0.584	0.5533333333333333	0.526	0.5286666666666666	0.5266666666666666	0.458	0.464	0.4226666666666667	0.3993333333333333	0.36933333333333335	0.366	0.32666666666666666	0.336	0.2946666666666667	0.30866666666666664	0.2866666666666667	0.29	0.23666666666666666	0.24533333333333332	0.234	0.23266666666666666	0.20533333333333334	0.19866666666666666	0.18933333333333333	0.18133333333333335	0.18333333333333332	0.17266666666666666	
53.19133333333333	32.44466666666667	35.86666666666667	41.146	35.356	24.382	20.786	18.369333333333334	23.704	25.765333333333334	25.046666666666667	20.973333333333333	17.424	15.192	13.825333333333333	12.352666666666666	14.870666666666667	14.615333333333334	13.776666666666667	12.797333333333333	10.484666666666667	9.608666666666666	9.198666666666666	9.069333333333333	9.356	9.257333333333333	8.314666666666668	7.732	7.4126666666666665	6.347333333333333	5.806666666666667	5.480666666666667	5.472	5.246	5.064	4.816	4.342	4.140666666666666	3.574	3.438	3.2853333333333334	3.022	2.9646666666666666	2.724666666666667	2.6766666666666667	2.5246666666666666	2.312666666666667	2.1746666666666665	2.1013333333333333	1.9853333333333334	1.848	1.7513333333333334	1.7053333333333334	1.5686666666666667	1.5233333333333334	1.402	1.3493333333333333	1.2686666666666666	1.2446666666666666	1.112	1.0406666666666666	0.93	0.9233333333333333	0.8993333333333333	0.868	0.842	0.826	0.7093333333333334	0.6946666666666667	0.6493333333333333	0.62	0.5906666666666667	0.574	0.5793333333333334	0.558	0.49933333333333335	0.5086666666666667	0.47	0.41333333333333333	0.42133333333333334	0.38266666666666665	0.404	0.36866666666666664	0.35	0.316	0.31266666666666665	0.32866666666666666	0.29133333333333333	0.24666666666666667	0.25533333333333336	0.24133333333333334	0.218	0.20933333333333334	0.2	0.198	0.18266666666666667	0.192	0.166	0.17066666666666666	
52.768	31.959333333333333	35.797333333333334	40.87	35.099333333333334	24.026	20.746	18.378	23.638	25.633333333333333	24.640666666666668	20.815333333333335	17.174	15.246	13.667333333333334	12.185333333333332	14.754666666666667	14.481333333333334	13.79	12.520666666666667	10.473333333333333	9.441333333333333	9.073333333333334	9.068666666666667	9.248666666666667	9.238666666666667	8.282666666666668	7.91	7.437333333333333	6.316	5.899333333333334	5.434666666666667	5.381333333333333	5.165333333333334	4.99	4.7973333333333334	4.498666666666667	4.11	3.6113333333333335	3.3106666666666666	3.186	3.1406666666666667	2.8633333333333333	2.862	2.6306666666666665	2.504	2.23	2.1573333333333333	2.064	2.004	1.7793333333333334	1.7493333333333334	1.6406666666666667	1.592	1.516	1.396	1.3573333333333333	1.298	1.1986666666666668	1.058	1.0026666666666666	0.9686666666666667	0.9186666666666666	0.9066666666666666	0.8606666666666667	0.7306666666666667	0.74	0.712	0.6866666666666666	0.6526666666666666	0.6273333333333333	0.594	0.596	0.5293333333333333	0.536	0.474	0.49266666666666664	0.4513333333333333	0.422	0.408	0.388	0.37533333333333335	0.33666666666666667	0.3466666666666667	0.30533333333333335	0.316	0.302	0.2793333333333333	0.24133333333333334	0.248	0.242	0.212	0.2	0.20266666666666666	0.20266666666666666	0.18666666666666668	0.176	0.166	0.156	
52.656666666666666	31.863333333333333	35.742	40.472	34.95	24.268	20.454	18.188666666666666	23.669333333333334	25.412666666666667	24.344	20.702	17.209333333333333	14.996666666666666	13.447333333333333	12.238	14.548	14.43	13.613333333333333	12.515333333333333	10.312	9.437333333333333	9.117333333333333	8.96	9.112	9.000666666666667	8.155333333333333	7.809333333333333	7.334666666666666	6.1706666666666665	5.6113333333333335	5.392	5.326666666666667	5.077333333333334	4.768666666666666	4.652666666666667	4.426	4.009333333333333	3.4346666666666668	3.2973333333333334	3.1746666666666665	2.966666666666667	2.969333333333333	2.8146666666666667	2.5986666666666665	2.404	2.23	2.1606666666666667	2.0486666666666666	1.956	1.7513333333333334	1.7466666666666666	1.6813333333333333	1.58	1.4533333333333334	1.35	1.3333333333333333	1.2573333333333334	1.174	1.0486666666666666	0.962	0.9113333333333333	0.8946666666666667	0.8593333333333333	0.8486666666666667	0.8006666666666666	0.72	0.7193333333333334	0.6546666666666666	0.628	0.6066666666666667	0.578	0.5593333333333333	0.562	0.518	0.5313333333333333	0.484	0.44666666666666666	0.43	0.38466666666666666	0.3566666666666667	0.3626666666666667	0.3273333333333333	0.3586666666666667	0.348	0.31066666666666665	0.304	0.2793333333333333	0.26066666666666666	0.24066666666666667	0.23933333333333334	0.22333333333333333	0.22266666666666668	0.20866666666666667	0.21733333333333332	0.17466666666666666	0.16733333333333333	0.15666666666666668	0.15133333333333332	
52.44866666666667	31.604	35.574666666666666	40.376666666666665	34.83133333333333	23.94333333333333	20.239333333333335	18.106	23.286	25.335333333333335	23.964	20.709333333333333	16.882666666666665	14.594666666666667	13.138	11.904666666666667	14.429333333333334	14.348	13.705333333333334	12.496	10.216	9.361333333333333	9.055333333333333	8.94	9.075333333333333	9.016	8.098666666666666	7.783333333333333	7.399333333333334	6.323333333333333	5.6066666666666665	5.354666666666667	5.36	5.204	4.848	4.667333333333334	4.278	4.1866666666666665	3.43	3.3053333333333335	3.0833333333333335	2.988	2.8833333333333333	2.7226666666666666	2.6186666666666665	2.474	2.2693333333333334	2.1306666666666665	1.988	1.954	1.7413333333333334	1.7146666666666666	1.6393333333333333	1.5013333333333334	1.4286666666666668	1.3626666666666667	1.3446666666666667	1.2366666666666666	1.1986666666666668	1.08	0.99	0.9026666666666666	0.8873333333333333	0.8406666666666667	0.82	0.778	0.7466666666666667	0.6986666666666667	0.6673333333333333	0.6506666666666666	0.634	0.6006666666666667	0.5966666666666667	0.5406666666666666	0.5353333333333333	0.48733333333333334	0.4673333333333333	0.4266666666666667	0.41333333333333333	0.39466666666666667	0.39666666666666667	0.338	0.36466666666666664	0.344	0.32133333333333336	0.302	0.30933333333333335	0.27666666666666667	0.2713333333333333	0.22	0.22133333333333333	0.218	0.21066666666666667	0.192	0.17066666666666666	0.17933333333333334	0.182	0.18	0.16266666666666665	
52.175333333333334	31.533333333333335	35.345333333333336	39.84466666666667	34.63	23.932	19.984666666666666	17.963333333333335	23.134	25.24	23.950666666666667	20.336666666666666	16.962666666666667	14.770666666666667	13.355333333333334	11.965333333333334	14.503333333333334	14.376	13.654666666666667	12.486666666666666	10.151333333333334	9.232	8.894	8.96	8.966666666666667	8.867333333333333	8.152666666666667	7.767333333333333	7.232	6.163333333333333	5.507333333333333	5.3406666666666665	5.408666666666667	5.1193333333333335	4.798666666666667	4.6113333333333335	4.388	4.023333333333333	3.33	3.312	3.1066666666666665	2.977333333333333	2.8066666666666666	2.688	2.6546666666666665	2.472	2.2213333333333334	2.1806666666666668	1.9633333333333334	1.896	1.7593333333333334	1.678	1.6606666666666667	1.618	1.4113333333333333	1.394	1.296	1.292	1.1786666666666668	1.028	1.0233333333333334	0.9286666666666666	0.8486666666666667	0.842	0.8433333333333334	0.7733333333333333	0.7693333333333333	0.6786666666666666	0.5986666666666667	0.622	0.5746666666666667	0.5793333333333334	0.5853333333333334	0.5166666666666667	0.502	0.512	0.4713333333333333	0.4613333333333333	0.44466666666666665	0.406	0.362	0.37066666666666664	0.31933333333333336	0.31933333333333336	0.30533333333333335	0.31466666666666665	0.29333333333333333	0.25866666666666666	0.27466666666666667	0.222	0.22733333333333333	0.20533333333333334	0.208	0.19733333333333333	0.202	0.19533333333333333	0.15733333333333333	0.15933333333333333	0.14533333333333334	
51.31733333333333	30.784	34.784666666666666	39.524	34.02333333333333	23.494	19.518	17.838	22.50733333333333	24.59	23.797333333333334	20.13533333333333	16.894666666666666	14.486666666666666	13.037333333333333	11.791333333333334	14.200666666666667	14.132	13.264666666666667	12.237333333333334	10.080666666666668	9.199333333333334	8.685333333333332	8.828666666666667	8.791333333333334	8.91	7.927333333333333	7.474	7.185333333333333	6.052	5.449333333333334	5.212	5.144	4.973333333333334	4.830666666666667	4.568666666666667	4.283333333333333	3.969333333333333	3.31	3.1886666666666668	3.029333333333333	2.856	2.7746666666666666	2.6486666666666667	2.5686666666666667	2.3273333333333333	2.1206666666666667	2.0486666666666666	1.9806666666666666	1.9193333333333333	1.7613333333333334	1.706	1.602	1.4153333333333333	1.354	1.3506666666666667	1.336	1.26	1.174	1.048	1.054	0.9126666666666666	0.84	0.83	0.7933333333333333	0.7033333333333334	0.7546666666666667	0.6586666666666666	0.66	0.61	0.626	0.5866666666666667	0.5486666666666666	0.5473333333333333	0.5073333333333333	0.4646666666666667	0.4513333333333333	0.4726666666666667	0.42133333333333334	0.3893333333333333	0.3466666666666667	0.32133333333333336	0.3333333333333333	0.3233333333333333	0.31266666666666665	0.296	0.2693333333333333	0.27466666666666667	0.23933333333333334	0.21666666666666667	0.24133333333333334	0.19866666666666666	0.202	0.18533333333333332	0.18133333333333335	0.16733333333333333	0.15533333333333332	0.14466666666666667	0.14866666666666667	
50.723333333333336	30.64666666666667	34.184666666666665	38.736666666666665	33.79	22.949333333333332	19.296	17.162	22.538	24.53933333333333	23.585333333333335	19.884666666666668	16.520666666666667	14.387333333333334	12.681333333333333	11.435333333333332	14.060666666666666	13.84	13.167333333333334	12.065333333333333	9.896	8.860666666666667	8.638	8.672666666666666	8.809333333333333	8.683333333333334	7.975333333333333	7.540666666666667	7.026	6.048666666666667	5.3406666666666665	5.246666666666667	5.134666666666667	5.036666666666667	4.785333333333333	4.442666666666667	4.140666666666666	3.87	3.3706666666666667	3.0773333333333333	3.0793333333333335	2.886	2.732666666666667	2.5726666666666667	2.558666666666667	2.3426666666666667	2.1706666666666665	2.042	1.9786666666666666	1.8386666666666667	1.78	1.6026666666666667	1.4846666666666666	1.4453333333333334	1.3	1.328	1.318	1.2106666666666666	1.1126666666666667	1.0313333333333334	0.912	0.8573333333333333	0.8226666666666667	0.7986666666666666	0.842	0.7753333333333333	0.7373333333333333	0.6753333333333333	0.6086666666666667	0.6506666666666666	0.5653333333333334	0.5573333333333333	0.5173333333333333	0.5046666666666667	0.468	0.4746666666666667	0.472	0.438	0.41933333333333334	0.37933333333333336	0.3433333333333333	0.308	0.32266666666666666	0.30533333333333335	0.2886666666666667	0.32266666666666666	0.278	0.252	0.25733333333333336	0.234	0.206	0.18533333333333332	0.202	0.16866666666666666	0.172	0.156	0.16466666666666666	0.15266666666666667	0.132	
50.242666666666665	30.17866666666667	34.144666666666666	39.022	33.204	22.706666666666667	19.124	17.081333333333333	22.287333333333333	24.022666666666666	23.160666666666668	19.436	16.29	14.129333333333333	12.557333333333334	11.346	13.813333333333333	13.741333333333333	12.971333333333334	11.906666666666666	9.522	8.919333333333332	8.578	8.582666666666666	8.563333333333333	8.742	7.83	7.4	6.949333333333334	5.876666666666667	5.3726666666666665	5.06	5.011333333333333	4.732666666666667	4.656666666666666	4.4206666666666665	4.1386666666666665	3.8393333333333333	3.2786666666666666	3.1426666666666665	2.969333333333333	2.78	2.6686666666666667	2.61	2.502666666666667	2.3666666666666667	2.009333333333333	2.0486666666666666	1.9126666666666667	1.7373333333333334	1.6686666666666667	1.624	1.5446666666666666	1.422	1.3413333333333333	1.274	1.2233333333333334	1.148	1.0393333333333334	0.9426666666666667	0.8673333333333333	0.856	0.8073333333333333	0.7873333333333333	0.8073333333333333	0.716	0.6826666666666666	0.644	0.6306666666666667	0.592	0.568	0.5386666666666666	0.5126666666666667	0.5053333333333333	0.48733333333333334	0.47933333333333333	0.4633333333333333	0.436	0.406	0.3566666666666667	0.346	0.3466666666666667	0.298	0.30333333333333334	0.31933333333333336	0.2806666666666667	0.26266666666666666	0.26266666666666666	0.23	0.20333333333333334	0.21466666666666667	0.19533333333333333	0.19866666666666666	0.192	0.16866666666666666	0.144	0.14	0.158	0.14533333333333334	
49.531333333333336	29.424	33.486666666666665	38.254	33.11666666666667	22.518666666666668	18.923333333333332	16.796	21.946666666666665	24.030666666666665	22.910666666666668	19.351333333333333	16.121333333333332	14.06	12.426666666666666	11.068	13.832666666666666	13.459333333333333	12.836	11.531333333333333	9.722	8.646666666666667	8.391333333333334	8.335333333333333	8.445333333333334	8.539333333333333	7.596666666666667	7.326	6.843333333333334	5.807333333333333	5.209333333333333	5.056666666666667	5.030666666666667	4.673333333333333	4.544	4.322666666666667	4.115333333333333	3.752	3.276666666666667	2.958666666666667	2.944	2.824666666666667	2.691333333333333	2.462	2.4673333333333334	2.280666666666667	2.0913333333333335	1.9513333333333334	1.8733333333333333	1.794	1.6806666666666668	1.5606666666666666	1.4826666666666666	1.4373333333333334	1.284	1.2453333333333334	1.2446666666666666	1.194	1.0666666666666667	0.9946666666666667	0.9173333333333333	0.8526666666666667	0.7846666666666666	0.8113333333333334	0.7273333333333334	0.696	0.6433333333333333	0.608	0.6013333333333334	0.5993333333333334	0.538	0.5166666666666667	0.5026666666666667	0.484	0.48	0.4553333333333333	0.434	0.4026666666666667	0.422	0.33266666666666667	0.332	0.32133333333333336	0.286	0.30333333333333334	0.2826666666666667	0.288	0.276	0.24266666666666667	0.236	0.238	0.196	0.19866666666666666	0.19066666666666668	0.17666666666666667	0.15266666666666667	0.15933333333333333	0.15466666666666667	0.14066666666666666	0.13133333333333333	
48.726	29.032666666666668	32.95733333333333	37.891333333333336	32.251333333333335	21.868666666666666	18.596	16.557333333333332	21.648	23.684666666666665	22.72533333333333	19.208	15.916666666666666	13.748666666666667	12.266666666666667	11.152	13.479333333333333	13.272666666666666	12.605333333333334	11.499333333333333	9.442666666666666	8.524	8.236666666666666	8.264666666666667	8.555333333333333	8.412666666666667	7.548666666666667	7.233333333333333	6.726666666666667	5.629333333333333	5.312666666666667	4.899333333333334	4.894	4.673333333333333	4.429333333333333	4.431333333333333	4.044	3.7026666666666666	3.2266666666666666	2.926	2.8546666666666667	2.6846666666666668	2.5986666666666665	2.4566666666666666	2.3493333333333335	2.256	2.066	1.904	1.8333333333333333	1.7786666666666666	1.634	1.48	1.43	1.4293333333333333	1.334	1.26	1.2286666666666666	1.148	1.038	0.9393333333333334	0.8466666666666667	0.8566666666666667	0.7786666666666666	0.7293333333333333	0.7346666666666667	0.686	0.6673333333333333	0.6206666666666667	0.5513333333333333	0.534	0.5373333333333333	0.524	0.4826666666666667	0.4886666666666667	0.49133333333333334	0.46266666666666667	0.4166666666666667	0.4126666666666667	0.368	0.3433333333333333	0.32866666666666666	0.30866666666666664	0.30333333333333334	0.2786666666666667	0.27666666666666667	0.2753333333333333	0.25266666666666665	0.25133333333333335	0.22133333333333333	0.212	0.21133333333333335	0.20133333333333334	0.19266666666666668	0.17866666666666667	0.156	0.16066666666666668	0.134	0.14	0.12266666666666666	
48.306	28.973333333333333	32.873333333333335	37.53933333333333	32.10733333333334	21.792	18.315333333333335	16.279333333333334	21.374666666666666	23.6	22.366	18.933333333333334	15.472666666666667	13.618666666666666	11.971333333333334	10.832	13.243333333333334	13.396	12.433333333333334	11.472	9.316666666666666	8.511333333333333	8.022	8.136	8.274666666666667	8.267333333333333	7.362	7.096666666666667	6.536	5.486666666666666	5.1866666666666665	4.808666666666666	4.765333333333333	4.6546666666666665	4.46	4.1466666666666665	3.8573333333333335	3.6466666666666665	3.0273333333333334	2.933333333333333	2.7893333333333334	2.742	2.5006666666666666	2.3686666666666665	2.3433333333333333	2.1526666666666667	1.974	1.8613333333333333	1.7553333333333334	1.7066666666666668	1.5566666666666666	1.5746666666666667	1.484	1.3146666666666667	1.2613333333333334	1.1446666666666667	1.1793333333333333	1.0926666666666667	1.0106666666666666	0.9326666666666666	0.84	0.826	0.7426666666666667	0.7406666666666667	0.7346666666666667	0.7086666666666667	0.6046666666666667	0.5973333333333334	0.5713333333333334	0.534	0.5186666666666667	0.49266666666666664	0.48733333333333334	0.45066666666666666	0.46066666666666667	0.43933333333333335	0.4046666666666667	0.406	0.37666666666666665	0.33866666666666667	0.31666666666666665	0.31266666666666665	0.2853333333333333	0.30533333333333335	0.27066666666666667	0.2673333333333333	0.25933333333333336	0.23466666666666666	0.226	0.18266666666666667	0.2	0.17733333333333334	0.18733333333333332	0.16866666666666666	0.17666666666666667	0.15333333333333332	0.15733333333333333	0.11666666666666667	0.14933333333333335	
48.00666666666667	28.269333333333332	32.364	37.166666666666664	31.836666666666666	21.459333333333333	18.022	16.279333333333334	21.329333333333334	23.062	22.134	18.602666666666668	15.374666666666666	13.489333333333333	11.924666666666667	10.686666666666667	13.176666666666666	13.070666666666666	12.435333333333332	11.275333333333334	9.114666666666666	8.347333333333333	7.982	8.014666666666667	8.338	8.092	7.3773333333333335	7.099333333333333	6.536	5.490666666666667	4.948666666666667	4.846666666666667	4.764666666666667	4.498	4.3693333333333335	4.196666666666666	3.9313333333333333	3.6113333333333335	3.021333333333333	2.8466666666666667	2.756	2.5486666666666666	2.572	2.3506666666666667	2.314	2.1046666666666667	1.9786666666666666	1.876	1.754	1.65	1.5406666666666666	1.4486666666666668	1.4426666666666668	1.3053333333333332	1.2106666666666666	1.1646666666666667	1.1393333333333333	1.0566666666666666	0.9713333333333334	0.9193333333333333	0.8093333333333333	0.8013333333333333	0.752	0.7533333333333333	0.6873333333333334	0.6726666666666666	0.648	0.558	0.5446666666666666	0.5253333333333333	0.5393333333333333	0.4826666666666667	0.47333333333333333	0.44133333333333336	0.47333333333333333	0.43	0.4	0.35333333333333333	0.348	0.344	0.282	0.288	0.2846666666666667	0.2713333333333333	0.24933333333333332	0.266	0.214	0.23466666666666666	0.21866666666666668	0.19333333333333333	0.19333333333333333	0.174	0.17066666666666666	0.15466666666666667	0.14666666666666667	0.146	0.13733333333333334	0.136	0.12066666666666667	
47.70933333333333	28.359333333333332	31.934	36.976	31.437333333333335	21.108	17.878	15.916666666666666	21.033333333333335	23.037333333333333	21.646	18.565333333333335	15.11	13.074	11.647333333333334	10.577333333333334	13.077333333333334	12.844666666666667	12.161333333333333	11.148666666666667	9.124	8.148666666666667	7.948666666666667	7.86	7.986666666666666	8.168666666666667	7.292	6.834	6.484	5.442666666666667	4.788	4.723333333333334	4.673333333333333	4.457333333333334	4.295333333333334	4.174666666666667	3.8066666666666666	3.4713333333333334	3.014666666666667	2.820666666666667	2.7373333333333334	2.6593333333333335	2.505333333333333	2.2953333333333332	2.1886666666666668	2.144	1.8706666666666667	1.8533333333333333	1.7453333333333334	1.64	1.4733333333333334	1.3946666666666667	1.3586666666666667	1.2673333333333334	1.182	1.0866666666666667	1.1653333333333333	1.0306666666666666	0.9913333333333333	0.896	0.8406666666666667	0.8153333333333334	0.734	0.7133333333333334	0.638	0.67	0.62	0.5626666666666666	0.574	0.5293333333333333	0.5026666666666667	0.4493333333333333	0.436	0.4713333333333333	0.43	0.38666666666666666	0.3893333333333333	0.35933333333333334	0.346	0.338	0.2926666666666667	0.29333333333333333	0.286	0.2806666666666667	0.25466666666666665	0.25133333333333335	0.23066666666666666	0.216	0.216	0.18466666666666667	0.16533333333333333	0.17866666666666667	0.158	0.15533333333333332	0.15133333333333332	0.16333333333333333	0.15066666666666667	0.12266666666666666	0.13333333333333333	
47.348	27.697333333333333	31.784	36.80266666666667	31.402666666666665	20.924666666666667	17.566	15.59	20.759333333333334	22.654666666666667	21.794	18.268	15.068666666666667	13.035333333333334	11.670666666666667	10.458666666666666	12.81	12.764666666666667	12.068666666666667	11.044666666666666	9.012666666666666	8.059333333333333	7.8053333333333335	7.882666666666666	7.922666666666666	7.957333333333334	7.149333333333334	6.799333333333333	6.3533333333333335	5.301333333333333	4.87	4.534	4.624666666666666	4.355333333333333	4.251333333333333	4.075333333333333	3.7906666666666666	3.542	3.0126666666666666	2.787333333333333	2.6606666666666667	2.5353333333333334	2.4166666666666665	2.3433333333333333	2.242	2.116	1.918	1.8353333333333333	1.69	1.6093333333333333	1.4726666666666666	1.4313333333333333	1.382	1.326	1.1786666666666668	1.16	1.136	1.056	0.9066666666666666	0.874	0.8233333333333334	0.754	0.6646666666666666	0.6833333333333333	0.698	0.626	0.6053333333333333	0.5326666666666666	0.53	0.486	0.4846666666666667	0.452	0.44066666666666665	0.43	0.44133333333333336	0.386	0.38866666666666666	0.3526666666666667	0.3413333333333333	0.32066666666666666	0.308	0.254	0.23866666666666667	0.258	0.24466666666666667	0.222	0.22266666666666668	0.21466666666666667	0.212	0.17	0.17866666666666667	0.184	0.15266666666666667	0.166	0.14733333333333334	0.14266666666666666	0.13933333333333334	0.12933333333333333	0.13266666666666665	
46.57533333333333	27.304666666666666	31.413333333333334	36.257333333333335	30.996	20.528666666666666	17.298	15.474666666666666	20.438666666666666	22.598	21.830666666666666	18.021333333333335	14.808	12.914	11.440666666666667	10.372	12.737333333333334	12.73	11.881333333333334	11.092	8.952	7.983333333333333	7.722666666666667	7.908666666666667	7.8806666666666665	7.799333333333333	7.141333333333334	6.810666666666667	6.25	5.232	4.818	4.637333333333333	4.574666666666666	4.295333333333334	4.213333333333333	3.996	3.767333333333333	3.433333333333333	2.8313333333333333	2.712666666666667	2.5553333333333335	2.566	2.3993333333333333	2.306	2.1586666666666665	2.0486666666666666	1.882	1.8153333333333332	1.656	1.5946666666666667	1.4993333333333334	1.3633333333333333	1.2713333333333334	1.2326666666666666	1.182	1.1173333333333333	1.106	1.0486666666666666	0.99	0.8733333333333333	0.812	0.756	0.6873333333333334	0.6093333333333333	0.666	0.576	0.5686666666666667	0.514	0.47	0.5126666666666667	0.4766666666666667	0.4786666666666667	0.442	0.418	0.394	0.418	0.37533333333333335	0.3486666666666667	0.33	0.30466666666666664	0.284	0.2793333333333333	0.23266666666666666	0.21733333333333332	0.24066666666666667	0.21333333333333335	0.218	0.17933333333333334	0.204	0.18733333333333332	0.16266666666666665	0.17866666666666667	0.16933333333333334	0.15066666666666667	0.13133333333333333	0.128	0.124	0.14	0.12666666666666668	
46.437333333333335	27.016666666666666	30.951333333333334	35.931333333333335	30.700666666666667	20.616	16.989333333333335	15.594	20.290666666666667	22.478666666666665	21.176	17.86	14.842666666666666	12.763333333333334	11.368	10.245333333333333	12.639333333333333	12.613333333333333	12.113333333333333	10.755333333333333	8.805333333333333	7.838666666666667	7.640666666666666	7.646	7.828	7.934666666666667	7.122	6.780666666666667	6.284	5.164666666666666	4.713333333333333	4.570666666666667	4.478666666666666	4.227333333333333	4.11	4.003333333333333	3.740666666666667	3.3346666666666667	2.8333333333333335	2.7866666666666666	2.624	2.437333333333333	2.346	2.251333333333333	2.1173333333333333	2.0593333333333335	1.834	1.7126666666666666	1.612	1.5446666666666666	1.432	1.3606666666666667	1.2933333333333332	1.3006666666666666	1.134	1.092	1.0406666666666666	1.0486666666666666	0.9326666666666666	0.8466666666666667	0.8313333333333334	0.7413333333333333	0.6826666666666666	0.6686666666666666	0.6306666666666667	0.5986666666666667	0.556	0.5193333333333333	0.518	0.48733333333333334	0.44733333333333336	0.458	0.43066666666666664	0.4026666666666667	0.44733333333333336	0.374	0.372	0.3413333333333333	0.34	0.31066666666666665	0.2886666666666667	0.262	0.22266666666666668	0.226	0.20533333333333334	0.2	0.19733333333333333	0.182	0.19133333333333333	0.17533333333333334	0.186	0.156	0.134	0.15266666666666667	0.14133333333333334	0.12466666666666666	0.13066666666666665	0.11533333333333333	0.11266666666666666	
45.77466666666667	26.674	30.727333333333334	36.06666666666667	30.605333333333334	20.351333333333333	16.81	15.034666666666666	20.463333333333335	22.360666666666667	21.272	17.901333333333334	14.578666666666667	12.735333333333333	11.316	10.164666666666667	12.71	12.499333333333333	11.818666666666667	10.686	8.638	7.774	7.562666666666667	7.6386666666666665	7.882	7.638	7.036	6.5793333333333335	6.1273333333333335	5.177333333333333	4.530666666666667	4.398666666666666	4.426666666666667	4.338666666666667	4.104666666666667	3.8733333333333335	3.6326666666666667	3.3393333333333333	2.8433333333333333	2.656	2.6013333333333333	2.4353333333333333	2.308666666666667	2.2453333333333334	2.036	1.94	1.8253333333333333	1.666	1.6726666666666667	1.512	1.4266666666666667	1.3326666666666667	1.2533333333333334	1.1933333333333334	1.1046666666666667	1.0813333333333333	1.044	0.9993333333333333	0.9026666666666666	0.828	0.7426666666666667	0.728	0.6746666666666666	0.642	0.6593333333333333	0.568	0.5613333333333334	0.49933333333333335	0.5346666666666666	0.4806666666666667	0.4593333333333333	0.432	0.4186666666666667	0.4206666666666667	0.4053333333333333	0.3933333333333333	0.36933333333333335	0.354	0.32266666666666666	0.30533333333333335	0.27266666666666667	0.23733333333333334	0.22466666666666665	0.22733333333333333	0.246	0.20133333333333334	0.206	0.194	0.18533333333333332	0.164	0.16866666666666666	0.13733333333333334	0.14333333333333334	0.134	0.12066666666666667	0.11866666666666667	0.122	0.12266666666666666	0.10866666666666666	
45.33533333333333	26.579333333333334	30.781333333333333	35.504666666666665	30.46066666666667	20.077333333333332	16.638666666666666	14.717333333333332	20.07133333333333	22.264666666666667	21.136666666666667	17.812666666666665	14.461333333333334	12.324666666666667	11.164666666666667	10.002666666666666	12.331333333333333	12.24	11.791333333333334	10.657333333333334	8.622666666666667	7.822	7.436	7.544	7.692666666666667	7.596666666666667	6.859333333333334	6.438666666666666	6.046666666666667	5.006	4.614	4.432	4.362	4.196666666666666	4.058666666666666	3.7993333333333332	3.594	3.3133333333333335	2.8	2.6766666666666667	2.542	2.3446666666666665	2.275333333333333	2.1126666666666667	2.0326666666666666	1.986	1.7853333333333334	1.6126666666666667	1.5686666666666667	1.4833333333333334	1.3666666666666667	1.326	1.2406666666666666	1.1833333333333333	1.1133333333333333	1.0513333333333332	1.0273333333333334	0.9906666666666667	0.9306666666666666	0.784	0.738	0.71	0.6506666666666666	0.688	0.6773333333333333	0.578	0.556	0.508	0.486	0.4653333333333333	0.47333333333333333	0.44733333333333336	0.38133333333333336	0.39666666666666667	0.38066666666666665	0.37266666666666665	0.356	0.3233333333333333	0.302	0.306	0.2806666666666667	0.26666666666666666	0.22933333333333333	0.232	0.19333333333333333	0.21333333333333335	0.17666666666666667	0.192	0.18933333333333333	0.16466666666666666	0.15866666666666668	0.158	0.16733333333333333	0.14533333333333334	0.13533333333333333	0.114	0.10733333333333334	0.11	0.11133333333333334	
45.26266666666667	26.004	30.251333333333335	35.556666666666665	30.036	19.748666666666665	16.406666666666666	14.864	19.801333333333332	22.04	20.958666666666666	17.54	14.131333333333334	12.305333333333333	10.958666666666666	9.890666666666666	12.304	12.428	11.429333333333334	10.360666666666667	8.456666666666667	7.578	7.336	7.438	7.488	7.634	6.633333333333334	6.342	5.988666666666667	4.997333333333334	4.440666666666667	4.298666666666667	4.39	4.081333333333333	4.04	3.8406666666666665	3.578	3.3213333333333335	2.707333333333333	2.578	2.5126666666666666	2.3453333333333335	2.2093333333333334	2.09	2.0953333333333335	1.9306666666666668	1.834	1.5933333333333333	1.5406666666666666	1.4793333333333334	1.3786666666666667	1.324	1.2293333333333334	1.1733333333333333	1.0466666666666666	1.042	0.998	0.9566666666666667	0.9	0.8133333333333334	0.734	0.7233333333333334	0.6573333333333333	0.6013333333333334	0.6313333333333333	0.5866666666666667	0.5466666666666666	0.504	0.45066666666666666	0.4846666666666667	0.4713333333333333	0.4533333333333333	0.414	0.374	0.39066666666666666	0.36533333333333334	0.3293333333333333	0.358	0.29733333333333334	0.2826666666666667	0.258	0.23733333333333334	0.22666666666666666	0.232	0.19733333333333333	0.21	0.22	0.18866666666666668	0.16266666666666665	0.17	0.166	0.136	0.154	0.132	0.11333333333333333	0.11866666666666667	0.12466666666666666	0.12533333333333332	0.10733333333333334	
44.80733333333333	25.910666666666668	29.900666666666666	34.926	29.99	19.653333333333332	16.326666666666668	14.311333333333334	19.458666666666666	21.884	20.621333333333332	17.343333333333334	14.170666666666667	12.395333333333333	10.797333333333333	9.669333333333332	12.215333333333334	12.168	11.511333333333333	10.492	8.63	7.441333333333334	7.335333333333334	7.251333333333333	7.462	7.425333333333334	6.588	6.422666666666666	5.82	5.005333333333334	4.458	4.266	4.348	4.061333333333334	3.95	3.7466666666666666	3.554666666666667	3.3113333333333332	2.6366666666666667	2.558	2.452	2.3526666666666665	2.208666666666667	2.1006666666666667	2.002	1.898	1.7186666666666666	1.6513333333333333	1.5586666666666666	1.5066666666666666	1.3186666666666667	1.2966666666666666	1.1933333333333334	1.0993333333333333	1.0293333333333334	1.048	0.9946666666666667	0.908	0.8693333333333333	0.7886666666666666	0.73	0.666	0.6646666666666666	0.5953333333333334	0.5846666666666667	0.5506666666666666	0.5153333333333333	0.4533333333333333	0.48733333333333334	0.4593333333333333	0.43333333333333335	0.442	0.38266666666666665	0.38666666666666666	0.37066666666666664	0.362	0.344	0.31333333333333335	0.2713333333333333	0.30866666666666664	0.24466666666666667	0.25933333333333336	0.20933333333333334	0.21133333333333335	0.186	0.16933333333333334	0.17733333333333334	0.15933333333333333	0.18066666666666667	0.14533333333333334	0.154	0.14933333333333335	0.14466666666666667	0.128	0.13	0.108	0.11733333333333333	0.104	0.10066666666666667	
44.356	25.48	29.80666666666667	34.88	29.537333333333333	19.435333333333332	15.875333333333334	14.168666666666667	19.545333333333332	21.718666666666667	20.552	17.248666666666665	13.866	12.072666666666667	10.616666666666667	9.488	11.948666666666666	11.850666666666667	11.323333333333334	10.356666666666667	8.186666666666667	7.444	7.168	7.25	7.339333333333333	7.508666666666667	6.676666666666667	6.281333333333333	5.814	4.889333333333333	4.386666666666667	4.227333333333333	4.26	4.15	3.8613333333333335	3.6313333333333335	3.4793333333333334	3.1606666666666667	2.622	2.4793333333333334	2.432	2.2413333333333334	2.1166666666666667	2.1126666666666667	1.964	1.8206666666666667	1.6793333333333333	1.5813333333333333	1.546	1.404	1.3026666666666666	1.2353333333333334	1.238	1.134	1.0553333333333332	1.0286666666666666	0.9533333333333334	0.8953333333333333	0.8913333333333333	0.7993333333333333	0.7073333333333334	0.6753333333333333	0.612	0.602	0.56	0.5326666666666666	0.49666666666666665	0.5046666666666667	0.4573333333333333	0.42733333333333334	0.4246666666666667	0.4166666666666667	0.43733333333333335	0.37466666666666665	0.35933333333333334	0.34	0.29333333333333333	0.306	0.298	0.2826666666666667	0.25866666666666666	0.20933333333333334	0.202	0.19	0.186	0.194	0.192	0.156	0.15533333333333332	0.16533333333333333	0.16133333333333333	0.132	0.15333333333333332	0.12333333333333334	0.10933333333333334	0.106	0.10333333333333333	0.1	0.08933333333333333	
43.971333333333334	25.275333333333332	29.428	34.525333333333336	29.270666666666667	19.065333333333335	15.836	14.027333333333333	19.192	21.483333333333334	20.489333333333335	17.239333333333335	13.838	11.78	10.461333333333334	9.431333333333333	11.873333333333333	11.879333333333333	11.246666666666666	10.177333333333333	8.159333333333333	7.228	7.026	7.118666666666667	7.277333333333333	7.370666666666667	6.501333333333333	6.234666666666667	5.689333333333333	4.835333333333334	4.316666666666666	4.221333333333333	4.212666666666666	4.02	3.8566666666666665	3.694	3.462666666666667	3.1146666666666665	2.636	2.464	2.324666666666667	2.248	2.1313333333333335	2.144	2.006	1.7413333333333334	1.674	1.5926666666666667	1.542	1.4446666666666668	1.2773333333333334	1.2493333333333334	1.158	1.0953333333333333	1.0633333333333332	1.038	0.9433333333333334	0.8986666666666666	0.8033333333333333	0.7493333333333333	0.6986666666666667	0.6253333333333333	0.584	0.598	0.5426666666666666	0.49733333333333335	0.5073333333333333	0.4653333333333333	0.41133333333333333	0.422	0.406	0.3993333333333333	0.398	0.38466666666666666	0.368	0.3393333333333333	0.29533333333333334	0.292	0.2886666666666667	0.26666666666666666	0.22866666666666666	0.23466666666666666	0.202	0.18733333333333332	0.18133333333333335	0.17133333333333334	0.17933333333333334	0.14666666666666667	0.154	0.16533333333333333	0.13266666666666665	0.13666666666666666	0.13466666666666666	0.116	0.11933333333333333	0.12666666666666668	0.10866666666666666	0.116	0.09533333333333334	
43.54066666666667	24.838	28.881333333333334	34.198	28.963333333333335	18.79	15.658	14.087333333333333	18.871333333333332	21.26	19.948	16.828	13.566	11.906	10.339333333333334	9.249333333333333	11.694666666666667	11.86	11.048666666666668	10.134	8.25	7.3	6.868	7.11	7.219333333333333	7.242	6.484	6.0906666666666665	5.573333333333333	4.676666666666667	4.328	3.9926666666666666	4.118666666666667	3.9093333333333335	3.763333333333333	3.5993333333333335	3.4266666666666667	3.078666666666667	2.5326666666666666	2.4466666666666668	2.3633333333333333	2.1686666666666667	2.1526666666666667	2.0086666666666666	1.9433333333333334	1.798	1.6633333333333333	1.5433333333333332	1.4826666666666666	1.3906666666666667	1.2833333333333334	1.1953333333333334	1.1686666666666667	1.044	1.0013333333333334	0.9666666666666667	0.932	0.9066666666666666	0.8026666666666666	0.716	0.6926666666666667	0.6153333333333333	0.61	0.5726666666666667	0.516	0.504	0.474	0.458	0.434	0.41933333333333334	0.37266666666666665	0.38666666666666666	0.3486666666666667	0.35133333333333333	0.336	0.3373333333333333	0.31533333333333335	0.30466666666666664	0.27066666666666667	0.2613333333333333	0.23466666666666666	0.19333333333333333	0.18	0.178	0.17466666666666666	0.18066666666666667	0.14733333333333334	0.15333333333333332	0.16333333333333333	0.13666666666666666	0.14333333333333334	0.146	0.12266666666666666	0.12866666666666668	0.122	0.116	0.09666666666666666	0.09133333333333334	0.096	
42.68533333333333	24.398	28.812	33.75266666666667	28.479333333333333	18.535333333333334	15.154666666666667	13.591333333333333	18.641333333333332	20.834	19.983333333333334	16.554	13.609333333333334	11.496666666666666	10.03	9.142	11.502	11.504	10.946	9.934666666666667	7.917333333333334	7.039333333333333	6.846	6.968666666666667	7.178	7.152	6.3646666666666665	5.966666666666667	5.562	4.701333333333333	4.174666666666667	4.017333333333333	4.042666666666666	3.866	3.7586666666666666	3.538666666666667	3.3506666666666667	2.9873333333333334	2.5593333333333335	2.362	2.324666666666667	2.17	2.0713333333333335	1.964	1.9373333333333334	1.702	1.614	1.49	1.4473333333333334	1.3246666666666667	1.2866666666666666	1.1486666666666667	1.0993333333333333	1.076	0.9826666666666667	0.9333333333333333	0.906	0.888	0.8286666666666667	0.6906666666666667	0.6813333333333333	0.6253333333333333	0.5693333333333334	0.552	0.5466666666666666	0.5226666666666666	0.48933333333333334	0.4493333333333333	0.43866666666666665	0.4066666666666667	0.39466666666666667	0.37733333333333335	0.354	0.366	0.33866666666666667	0.292	0.302	0.29133333333333333	0.27266666666666667	0.24933333333333332	0.214	0.21066666666666667	0.18666666666666668	0.18066666666666667	0.17133333333333334	0.18066666666666667	0.16133333333333333	0.15066666666666667	0.136	0.15266666666666667	0.12066666666666667	0.11466666666666667	0.12866666666666668	0.11666666666666667	0.11133333333333334	0.10066666666666667	0.096	0.09866666666666667	0.08866666666666667	
42.340666666666664	24.106	28.638666666666666	33.212	28.024	18.326666666666668	15.177333333333333	13.494	18.425333333333334	20.426666666666666	19.769333333333332	16.286666666666665	13.422666666666666	11.554	9.972	8.882	11.527333333333333	11.426	10.734	9.832666666666666	7.811333333333334	7.0713333333333335	6.759333333333333	6.8373333333333335	6.972666666666667	7.105333333333333	6.246666666666667	6.023333333333333	5.498	4.516666666666667	4.157333333333334	3.9386666666666668	3.952	3.77	3.63	3.518666666666667	3.3313333333333333	2.953333333333333	2.51	2.294	2.252	2.0913333333333335	1.9853333333333334	1.9606666666666666	1.7993333333333332	1.734	1.59	1.4533333333333334	1.4273333333333333	1.3386666666666667	1.218	1.1586666666666667	1.142	1.0406666666666666	0.9953333333333333	0.9013333333333333	0.8933333333333333	0.8593333333333333	0.746	0.6913333333333334	0.642	0.6293333333333333	0.558	0.5646666666666667	0.54	0.494	0.48	0.4226666666666667	0.42	0.4026666666666667	0.38666666666666666	0.38266666666666665	0.372	0.35733333333333334	0.3446666666666667	0.326	0.30666666666666664	0.2833333333333333	0.25533333333333336	0.24333333333333335	0.22866666666666666	0.20533333333333334	0.19533333333333333	0.194	0.16533333333333333	0.16733333333333333	0.15533333333333332	0.16933333333333334	0.158	0.14066666666666666	0.12333333333333334	0.12266666666666666	0.14	0.11933333333333333	0.09933333333333333	0.11066666666666666	0.10333333333333333	0.10133333333333333	0.09	
41.752	23.661333333333335	28.03933333333333	32.968	27.810666666666666	17.858	15.038666666666666	13.186	17.972666666666665	20.296	19.558666666666667	16.028	13.011333333333333	11.185333333333332	9.937333333333333	8.839333333333334	11.36	11.312	10.731333333333334	9.692666666666666	7.752	6.852666666666667	6.636666666666667	6.6546666666666665	6.844666666666667	6.991333333333333	6.263333333333334	5.814	5.388	4.5713333333333335	4.0873333333333335	3.9073333333333333	3.8913333333333333	3.7626666666666666	3.614	3.4166666666666665	3.179333333333333	2.9113333333333333	2.404	2.2346666666666666	2.198	2.0573333333333332	2.018	1.878	1.8046666666666666	1.7366666666666666	1.4966666666666666	1.432	1.4533333333333334	1.326	1.2066666666666668	1.1006666666666667	1.0713333333333332	1.0393333333333334	0.9546666666666667	0.892	0.916	0.8273333333333334	0.7873333333333333	0.6813333333333333	0.6166666666666667	0.5686666666666667	0.546	0.4846666666666667	0.5253333333333333	0.5026666666666667	0.47	0.4093333333333333	0.3873333333333333	0.35933333333333334	0.328	0.3473333333333333	0.3426666666666667	0.326	0.298	0.31133333333333335	0.3	0.27266666666666667	0.27266666666666667	0.24066666666666667	0.22733333333333333	0.21466666666666667	0.196	0.19	0.15866666666666668	0.16466666666666666	0.13933333333333334	0.174	0.12866666666666668	0.12466666666666666	0.12133333333333333	0.13266666666666665	0.112	0.11533333333333333	0.11066666666666666	0.11	0.11333333333333333	0.08933333333333333	0.09133333333333334	
41.108	23.083333333333332	27.619333333333334	32.519333333333336	27.824	17.712666666666667	14.605333333333334	13.058	17.858	20.092666666666666	19.166666666666668	15.928	12.940666666666667	10.913333333333334	9.651333333333334	8.698666666666666	11.026666666666667	11.194666666666667	10.362	9.638	7.59	6.890666666666666	6.578	6.634666666666667	6.755333333333334	6.781333333333333	6.141333333333334	5.740666666666667	5.397333333333333	4.458	4.070666666666667	3.816	3.776666666666667	3.728666666666667	3.57	3.4093333333333335	3.1113333333333335	2.838	2.332	2.227333333333333	2.258	2.0166666666666666	1.9566666666666668	1.87	1.7526666666666666	1.6873333333333334	1.5446666666666666	1.3993333333333333	1.3793333333333333	1.28	1.1753333333333333	1.0613333333333332	1.0406666666666666	1.018	0.8973333333333333	0.904	0.858	0.8153333333333334	0.738	0.67	0.606	0.5946666666666667	0.5393333333333333	0.52	0.488	0.4493333333333333	0.442	0.434	0.42733333333333334	0.372	0.35	0.36666666666666664	0.336	0.32066666666666666	0.32866666666666666	0.29933333333333334	0.26066666666666666	0.266	0.23466666666666666	0.23933333333333334	0.20933333333333334	0.20866666666666667	0.176	0.164	0.166	0.14533333333333334	0.14666666666666667	0.16	0.12466666666666666	0.138	0.136	0.12133333333333333	0.10866666666666666	0.12933333333333333	0.10733333333333334	0.09333333333333334	0.092	0.084	0.09866666666666667	
40.748666666666665	22.727333333333334	27.536	32.39	27.099333333333334	17.196666666666665	14.237333333333334	12.692666666666666	17.893333333333334	19.976666666666667	18.857333333333333	15.727333333333334	12.786	10.899333333333333	9.598	8.522666666666666	10.959333333333333	10.848666666666666	10.452	9.533333333333333	7.572	6.706	6.482	6.694	6.688666666666666	6.752666666666666	6.027333333333333	5.598	5.242	4.324	3.944	3.758	3.771333333333333	3.554666666666667	3.529333333333333	3.280666666666667	3.1546666666666665	2.836	2.2786666666666666	2.1526666666666667	2.152	1.9946666666666666	1.934	1.836	1.776	1.574	1.478	1.3593333333333333	1.2933333333333332	1.1926666666666668	1.1106666666666667	1.0706666666666667	1.01	0.9806666666666667	0.93	0.8233333333333334	0.85	0.8086666666666666	0.7286666666666667	0.65	0.5826666666666667	0.538	0.5	0.516	0.4666666666666667	0.4706666666666667	0.4166666666666667	0.392	0.36933333333333335	0.36533333333333334	0.37866666666666665	0.354	0.31933333333333336	0.33666666666666667	0.28933333333333333	0.288	0.256	0.25333333333333335	0.246	0.24	0.222	0.19266666666666668	0.16133333333333333	0.15733333333333333	0.15266666666666667	0.17066666666666666	0.14333333333333334	0.13066666666666665	0.13066666666666665	0.13466666666666666	0.11133333333333334	0.12066666666666667	0.106	0.106	0.1	0.09666666666666666	0.09066666666666667	0.09266666666666666	0.08733333333333333	
40.160666666666664	22.074666666666666	26.88	31.676	26.92866666666667	16.92	14.034666666666666	12.538666666666666	17.666666666666668	19.562	18.596	15.397333333333334	12.372	10.624	9.401333333333334	8.316	10.874666666666666	10.800666666666666	10.083333333333334	9.232666666666667	7.262	6.544666666666667	6.328	6.424666666666667	6.554	6.545333333333334	5.9	5.594	5.182	4.205333333333333	3.8986666666666667	3.6313333333333335	3.58	3.5806666666666667	3.453333333333333	3.27	3.029333333333333	2.8033333333333332	2.2373333333333334	2.2006666666666668	2.0946666666666665	1.974	1.8513333333333333	1.6973333333333334	1.684	1.618	1.4193333333333333	1.3526666666666667	1.276	1.238	1.1366666666666667	1.0973333333333333	1.0066666666666666	0.9213333333333333	0.9166666666666666	0.8813333333333333	0.8186666666666667	0.7786666666666666	0.718	0.6646666666666666	0.5766666666666667	0.5446666666666666	0.5026666666666667	0.494	0.484	0.4653333333333333	0.4	0.4086666666666667	0.374	0.38	0.3406666666666667	0.32466666666666666	0.31333333333333335	0.31	0.29	0.2806666666666667	0.276	0.24333333333333335	0.21733333333333332	0.23266666666666666	0.182	0.19733333333333333	0.18466666666666667	0.17066666666666666	0.144	0.13866666666666666	0.13933333333333334	0.14866666666666667	0.12466666666666666	0.13333333333333333	0.136	0.09666666666666666	0.1	0.104	0.09133333333333334	0.09133333333333334	0.09266666666666666	0.09	0.074	
39.22666666666667	22.055333333333333	26.452666666666666	31.371333333333332	26.342666666666666	16.783333333333335	13.782	12.286	17.335333333333335	19.272	18.516666666666666	15.279333333333334	12.269333333333334	10.532	9.202666666666667	8.17	10.682	10.738	10.130666666666666	9.193333333333333	7.199333333333334	6.388	6.184	6.239333333333334	6.53	6.534666666666666	5.793333333333333	5.533333333333333	5.117333333333334	4.212	3.759333333333333	3.654	3.6886666666666668	3.5	3.3233333333333333	3.142	3.034	2.81	2.2046666666666668	2.0986666666666665	2.0926666666666667	1.9073333333333333	1.8733333333333333	1.704	1.6946666666666668	1.5346666666666666	1.4326666666666668	1.3173333333333332	1.31	1.1866666666666668	1.0886666666666667	1.018	0.98	0.884	0.8506666666666667	0.8546666666666667	0.8113333333333334	0.7333333333333333	0.7006666666666667	0.64	0.546	0.538	0.4746666666666667	0.4726666666666667	0.4666666666666667	0.45866666666666667	0.43866666666666665	0.36933333333333335	0.36	0.36333333333333334	0.358	0.312	0.296	0.29933333333333334	0.28	0.284	0.24466666666666667	0.24533333333333332	0.22666666666666666	0.22	0.19666666666666666	0.16933333333333334	0.14866666666666667	0.15466666666666667	0.13133333333333333	0.15333333333333332	0.13733333333333334	0.13533333333333333	0.13666666666666666	0.12466666666666666	0.12333333333333334	0.11066666666666666	0.114	0.09866666666666667	0.09666666666666666	0.09266666666666666	0.08333333333333333	0.07933333333333334	0.08933333333333333	
38.802	21.676666666666666	26.240666666666666	30.91	26.2	16.484666666666666	13.564666666666668	12.126666666666667	17.136666666666667	18.836666666666666	18.256	14.933333333333334	12.252666666666666	10.316	8.966	8.086	10.594	10.481333333333334	10.002	8.919333333333332	7.034	6.285333333333333	6.1033333333333335	6.284	6.284	6.354	5.674	5.36	5.044666666666667	3.9566666666666666	3.6293333333333333	3.5946666666666665	3.5606666666666666	3.465333333333333	3.3606666666666665	3.1593333333333335	2.8933333333333335	2.6766666666666667	2.206	2.062	1.9846666666666666	1.9626666666666666	1.7333333333333334	1.7446666666666666	1.6026666666666667	1.536	1.4006666666666667	1.3093333333333332	1.2633333333333334	1.1373333333333333	0.9933333333333333	1.0233333333333334	0.9993333333333333	0.8713333333333333	0.8286666666666667	0.7726666666666666	0.794	0.78	0.6546666666666666	0.628	0.5353333333333333	0.5206666666666667	0.48	0.4746666666666667	0.44866666666666666	0.414	0.42133333333333334	0.356	0.356	0.3413333333333333	0.318	0.306	0.2946666666666667	0.27666666666666667	0.29333333333333333	0.2733333333333333	0.274	0.256	0.22866666666666666	0.19733333333333333	0.192	0.18533333333333332	0.162	0.16133333333333333	0.13733333333333334	0.16666666666666666	0.12733333333333333	0.13733333333333334	0.12266666666666666	0.122	0.124	0.10666666666666667	0.09533333333333334	0.10933333333333334	0.102	0.08	0.08733333333333333	0.08133333333333333	0.078	
38.59866666666667	21.107333333333333	26.026	30.782666666666668	25.785333333333334	16.205333333333332	13.52	11.816	16.735333333333333	18.912666666666667	17.988666666666667	14.782666666666668	11.940666666666667	10.28	8.912666666666667	7.930666666666666	10.366666666666667	10.385333333333334	9.868666666666666	9.049333333333333	7.128	6.176	5.978666666666666	6.1146666666666665	6.213333333333333	6.252	5.634666666666667	5.468	4.9526666666666666	4.068666666666667	3.6093333333333333	3.469333333333333	3.538	3.4386666666666668	3.172	3.084	2.844	2.6026666666666665	2.1446666666666667	2.0813333333333333	1.9246666666666667	1.8566666666666667	1.752	1.6646666666666667	1.6046666666666667	1.532	1.38	1.3113333333333332	1.2233333333333334	1.108	1.0126666666666666	1.002	0.928	0.9	0.808	0.8066666666666666	0.7526666666666667	0.7206666666666667	0.6793333333333333	0.604	0.5606666666666666	0.5026666666666667	0.4746666666666667	0.44733333333333336	0.46266666666666667	0.4146666666666667	0.382	0.38533333333333336	0.3626666666666667	0.346	0.31733333333333336	0.2846666666666667	0.30333333333333334	0.2833333333333333	0.2693333333333333	0.26666666666666666	0.26266666666666666	0.218	0.214	0.22333333333333333	0.19333333333333333	0.18733333333333332	0.16133333333333333	0.14533333333333334	0.14333333333333334	0.132	0.13666666666666666	0.13	0.11933333333333333	0.10666666666666667	0.10133333333333333	0.11866666666666667	0.09333333333333334	0.102	0.08066666666666666	0.09333333333333334	0.07866666666666666	0.08333333333333333	0.082	
38.282666666666664	20.971333333333334	25.585333333333335	30.244666666666667	25.305333333333333	16.163333333333334	13.039333333333333	11.688666666666666	16.675333333333334	18.629333333333335	17.703333333333333	14.585333333333333	11.699333333333334	10.063333333333333	8.816666666666666	7.828	10.246	10.254666666666667	9.780666666666667	8.844666666666667	6.85	6.152	5.878	5.960666666666667	6.134666666666667	6.104	5.628666666666667	5.298666666666667	4.957333333333334	3.8413333333333335	3.5986666666666665	3.458666666666667	3.462666666666667	3.264	3.195333333333333	3.0753333333333335	2.87	2.576	2.12	1.9813333333333334	1.942	1.8666666666666667	1.7526666666666666	1.5913333333333333	1.5873333333333333	1.4633333333333334	1.3146666666666667	1.2266666666666666	1.1833333333333333	1.1106666666666667	1.0526666666666666	0.972	0.9166666666666666	0.8633333333333333	0.8393333333333334	0.7453333333333333	0.7306666666666667	0.6913333333333334	0.6626666666666666	0.5646666666666667	0.5246666666666666	0.49666666666666665	0.44733333333333336	0.43333333333333335	0.41933333333333334	0.376	0.36333333333333334	0.35333333333333333	0.33666666666666667	0.32666666666666666	0.31733333333333336	0.304	0.30133333333333334	0.272	0.27066666666666667	0.23266666666666666	0.228	0.23133333333333334	0.224	0.20133333333333334	0.194	0.17	0.14333333333333334	0.138	0.12866666666666668	0.11866666666666667	0.12266666666666666	0.12533333333333332	0.12333333333333334	0.10733333333333334	0.11733333333333333	0.10733333333333334	0.08866666666666667	0.102	0.09466666666666666	0.08866666666666667	0.07866666666666666	0.07533333333333334	0.08266666666666667	
37.519333333333336	20.491333333333333	25.235333333333333	30.084666666666667	25.004666666666665	15.654	12.942	11.614666666666666	16.352	18.451333333333334	17.64	14.432	11.518	10.000666666666667	8.678666666666667	7.6866666666666665	10.034	10.057333333333334	9.599333333333334	8.698	6.832666666666666	6.03	5.783333333333333	5.924	6.068	6.054	5.442666666666667	5.156	4.711333333333333	3.8713333333333333	3.486	3.4433333333333334	3.3853333333333335	3.284	3.168	2.9286666666666665	2.8073333333333332	2.485333333333333	2.0433333333333334	1.9733333333333334	1.7886666666666666	1.8626666666666667	1.7206666666666666	1.632	1.596	1.4486666666666668	1.2866666666666666	1.2353333333333334	1.164	1.0913333333333333	1.002	0.934	0.9446666666666667	0.87	0.7546666666666667	0.7646666666666667	0.7026666666666667	0.7013333333333334	0.6213333333333333	0.58	0.5033333333333333	0.4806666666666667	0.454	0.42533333333333334	0.4046666666666667	0.3893333333333333	0.358	0.3353333333333333	0.32466666666666666	0.30133333333333334	0.29733333333333334	0.30133333333333334	0.28933333333333333	0.268	0.2713333333333333	0.2846666666666667	0.242	0.24866666666666667	0.22533333333333333	0.194	0.176	0.156	0.13733333333333334	0.13666666666666666	0.12533333333333332	0.13133333333333333	0.11266666666666666	0.12	0.13066666666666665	0.09933333333333333	0.11733333333333333	0.09533333333333334	0.09933333333333333	0.094	0.08666666666666667	0.08333333333333333	0.07266666666666667	0.08466666666666667	0.07533333333333334	
37.178	20.420666666666666	24.538	29.546666666666667	24.848666666666666	15.504	12.691333333333333	11.187333333333333	16.196	18.091333333333335	17.246	14.211333333333334	11.364666666666666	9.827333333333334	8.416	7.692666666666667	9.968	9.944666666666667	9.492	8.516	6.728666666666666	5.978666666666666	5.592666666666666	5.8613333333333335	5.938666666666666	5.988666666666667	5.352666666666667	5.054	4.740666666666667	3.6553333333333335	3.4753333333333334	3.2933333333333334	3.4133333333333336	3.2373333333333334	3.1533333333333333	2.8906666666666667	2.744666666666667	2.534666666666667	1.9986666666666666	1.8766666666666667	1.8246666666666667	1.7846666666666666	1.65	1.548	1.5633333333333332	1.408	1.2466666666666666	1.1886666666666668	1.128	1.0893333333333333	0.946	0.9266666666666666	0.878	0.8566666666666667	0.744	0.7506666666666667	0.7313333333333333	0.7026666666666667	0.568	0.526	0.5133333333333333	0.458	0.418	0.43	0.41733333333333333	0.38133333333333336	0.33866666666666667	0.31733333333333336	0.31533333333333335	0.31533333333333335	0.2946666666666667	0.264	0.278	0.27266666666666667	0.24933333333333332	0.232	0.238	0.21266666666666667	0.21266666666666667	0.192	0.15333333333333332	0.13066666666666665	0.13733333333333334	0.142	0.13266666666666665	0.102	0.12666666666666668	0.11466666666666667	0.10333333333333333	0.10933333333333334	0.09333333333333334	0.10266666666666667	0.08333333333333333	0.08533333333333333	0.08533333333333333	0.07333333333333333	0.06333333333333334	0.066	0.06666666666666667	
36.67933333333333	20.004	24.536	29.034666666666666	24.653333333333332	15.19	12.556666666666667	11.066666666666666	15.852666666666666	17.699333333333332	17.191333333333333	14.113333333333333	11.334	9.478666666666667	8.298	7.534666666666666	9.794666666666666	9.873333333333333	9.25	8.425333333333333	6.5986666666666665	5.841333333333333	5.620666666666667	5.688	5.862666666666667	6.026	5.338666666666667	4.929333333333333	4.642666666666667	3.782	3.4246666666666665	3.280666666666667	3.3053333333333335	3.204	3.114	2.8913333333333333	2.751333333333333	2.4646666666666666	2.017333333333333	1.8873333333333333	1.866	1.73	1.7086666666666666	1.5346666666666666	1.5026666666666666	1.4093333333333333	1.2553333333333334	1.154	1.11	1.056	1.0373333333333334	0.932	0.8526666666666667	0.834	0.7633333333333333	0.728	0.7026666666666667	0.6066666666666667	0.576	0.564	0.48	0.45466666666666666	0.45066666666666666	0.382	0.4053333333333333	0.378	0.362	0.3413333333333333	0.31	0.2926666666666667	0.288	0.2793333333333333	0.22266666666666668	0.25733333333333336	0.24866666666666667	0.242	0.246	0.22133333333333333	0.19533333333333333	0.17266666666666666	0.18333333333333332	0.152	0.14733333333333334	0.11933333333333333	0.12	0.11933333333333333	0.11133333333333334	0.108	0.108	0.11666666666666667	0.11266666666666666	0.1	0.096	0.082	0.07133333333333333	0.07066666666666667	0.06266666666666666	0.07133333333333333	0.068	
