0.01	0.5149494949494949	1.0198989898989899	1.5248484848484847	2.0297979797979795	2.5347474747474745	3.039696969696969	3.544646464646464	4.049595959595959	4.554545454545454	5.059494949494949	5.564444444444444	6.0693939393939385	6.574343434343434	7.0792929292929285	7.584242424242424	8.089191919191919	8.594141414141413	9.099090909090908	9.604040404040404	10.108989898989899	10.613939393939393	11.118888888888888	11.623838383838383	12.128787878787877	12.633737373737373	13.138686868686868	13.643636363636363	14.148585858585857	14.653535353535352	15.158484848484848	15.663434343434343	16.16838383838384	16.673333333333336	17.17828282828283	17.683232323232325	18.188181818181818	18.693131313131314	19.19808080808081	19.703030303030303	20.2079797979798	20.712929292929292	21.21787878787879	21.722828282828285	22.227777777777778	22.732727272727274	23.237676767676767	23.742626262626263	24.247575757575756	24.752525252525253	25.25747474747475	25.762424242424242	26.267373737373738	26.77232323232323	27.277272727272727	27.782222222222224	28.287171717171717	28.792121212121213	29.297070707070706	29.802020202020202	30.3069696969697	30.81191919191919	31.316868686868688	31.82181818181818	32.32676767676767	32.831717171717166	33.336666666666666	33.84161616161616	34.34656565656565	34.851515151515144	35.356464646464644	35.86141414141414	36.36636363636363	36.87131313131313	37.37626262626262	37.881212121212116	38.386161616161615	38.89111111111111	39.3960606060606	39.901010101010094	40.405959595959594	40.91090909090909	41.41585858585858	41.92080808080808	42.42575757575757	42.930707070707065	43.435656565656565	43.94060606060606	44.44555555555555	44.95050505050504	45.45545454545454	45.960404040404036	46.46535353535353	46.97030303030303	47.47525252525252	47.980202020202015	48.48515151515151	48.99010101010101	49.4950505050505	50.0	
109.98933333333333	62.227333333333334	62.28	65.986	54.11866666666667	32.27466666666667	36.88466666666667	48.72	32.962666666666664	23.308666666666667	20.704666666666668	21.454666666666668	17.72533333333333	15.852666666666666	14.857333333333333	13.903333333333334	8.280666666666667	6.044	4.892	4.648666666666666	4.441333333333334	4.164	3.766	2.453333333333333	1.654	1.004	0.9786666666666667	0.7746666666666666	0.7066666666666667	0.6666666666666666	0.4766666666666667	0.376	0.13866666666666666	0.11	0.11133333333333334	0.10466666666666667	0.03933333333333333	0.017333333333333333	0.006666666666666667	0.0013333333333333333	0.0	0.0	0.0	0.0	0.0	0.0	0.0	0.0	0.0	0.0	0.0	0.0	0.0	0.0	0.0	0.0	0.0	0.0	0.0	0.0	0.0	0.0	0.0	0.0	0.0	0.0	0.0	0.0	0.0	0.0	0.0	0.0	0.0	0.0	0.0	0.0	0.0	0.0	0.0	0.0	0.0	0.0	0.0	0.0	0.0	0.0	0.0	0.0	0.0	0.0	0.0	0.0	0.0	0.0	0.0	0.0	0.0	0.0	0.0	
110.02333333333333	61.45066666666666	61.909333333333336	65.60933333333334	54.084	32.31466666666667	36.474	48.766	33.052	23.13	20.652	21.122	17.441333333333333	16.123333333333335	14.850666666666667	14.049333333333333	8.190666666666667	6.017333333333333	4.8406666666666665	4.552	4.322	4.148666666666666	3.808	2.4186666666666667	1.5993333333333333	1.0553333333333332	0.9633333333333334	0.8066666666666666	0.6753333333333333	0.6513333333333333	0.5153333333333333	0.31866666666666665	0.10933333333333334	0.11666666666666667	0.102	0.10133333333333333	0.04666666666666667	0.019333333333333334	0.004	0.002	0.0	0.0	0.0	0.0	0.0	0.0	0.0	0.0	0.0	0.0	0.0	0.0	0.0	0.0	0.0	0.0	0.0	0.0	0.0	0.0	0.0	0.0	0.0	0.0	0.0	0.0	0.0	0.0	0.0	0.0	0.0	0.0	0.0	0.0	0.0	0.0	0.0	0.0	0.0	0.0	0.0	0.0	0.0	0.0	0.0	0.0	0.0	0.0	0.0	0.0	0.0	0.0	0.0	0.0	0.0	0.0	0.0	0.0	0.0	
110.48866666666666	61.634	61.984	65.69733333333333	54.35066666666667	32.496	36.25866666666667	48.43533333333333	32.88333333333333	23.078666666666667	20.845333333333333	21.44333333333333	17.352	15.859333333333334	14.792	13.878666666666666	8.159333333333333	6.096666666666667	4.860666666666667	4.554666666666667	4.351333333333334	4.078	3.760666666666667	2.466666666666667	1.5993333333333333	1.03	0.9413333333333334	0.8206666666666667	0.6933333333333334	0.6426666666666667	0.5133333333333333	0.372	0.11933333333333333	0.11266666666666666	0.116	0.09733333333333333	0.04466666666666667	0.016666666666666666	0.006666666666666667	0.0026666666666666666	0.0	0.0	0.0	0.0	0.0	0.0	0.0	0.0	0.0	0.0	0.0	0.0	0.0	0.0	0.0	0.0	0.0	0.0	0.0	0.0	0.0	0.0	0.0	0.0	0.0	0.0	0.0	0.0	0.0	0.0	0.0	0.0	0.0	0.0	0.0	0.0	0.0	0.0	0.0	0.0	0.0	0.0	0.0	0.0	0.0	0.0	0.0	0.0	0.0	0.0	0.0	0.0	0.0	0.0	0.0	0.0	0.0	0.0	0.0	
109.29066666666667	61.118	62.279333333333334	65.79733333333333	54.077333333333335	32.102666666666664	36.566	48.614666666666665	33.132666666666665	22.934	20.568666666666665	21.013333333333332	17.394666666666666	15.789333333333333	15.134666666666666	13.855333333333334	8.118	6.033333333333333	4.850666666666666	4.655333333333333	4.324	4.03	3.747333333333333	2.42	1.5813333333333333	1.026	0.988	0.8153333333333334	0.7253333333333334	0.6526666666666666	0.5353333333333333	0.35133333333333333	0.12333333333333334	0.09866666666666667	0.10733333333333334	0.10533333333333333	0.044	0.028	0.0013333333333333333	0.0006666666666666666	0.0006666666666666666	0.0	0.0	0.0	0.0	0.0	0.0	0.0	0.0	0.0	0.0	0.0	0.0	0.0	0.0	0.0	0.0	0.0	0.0	0.0	0.0	0.0	0.0	0.0	0.0	0.0	0.0	0.0	0.0	0.0	0.0	0.0	0.0	0.0	0.0	0.0	0.0	0.0	0.0	0.0	0.0	0.0	0.0	0.0	0.0	0.0	0.0	0.0	0.0	0.0	0.0	0.0	0.0	0.0	0.0	0.0	0.0	0.0	0.0	
109.36466666666666	61.17466666666667	62.26266666666667	65.78666666666666	53.82	32.162	36.45733333333333	48.315333333333335	32.968666666666664	23.202666666666666	20.455333333333332	20.967333333333332	17.446666666666665	15.798	14.919333333333332	13.684	8.019333333333334	6.023333333333333	4.897333333333333	4.558	4.213333333333333	3.97	3.7573333333333334	2.417333333333333	1.5633333333333332	0.9926666666666667	0.9753333333333334	0.8486666666666667	0.76	0.652	0.548	0.3606666666666667	0.122	0.11466666666666667	0.11133333333333334	0.10866666666666666	0.03866666666666667	0.021333333333333333	0.006	0.0013333333333333333	0.0	0.0	0.0	0.0	0.0	0.0	0.0	0.0	0.0	0.0	0.0	0.0	0.0	0.0	0.0	0.0	0.0	0.0	0.0	0.0	0.0	0.0	0.0	0.0	0.0	0.0	0.0	0.0	0.0	0.0	0.0	0.0	0.0	0.0	0.0	0.0	0.0	0.0	0.0	0.0	0.0	0.0	0.0	0.0	0.0	0.0	0.0	0.0	0.0	0.0	0.0	0.0	0.0	0.0	0.0	0.0	0.0	0.0	0.0	
109.42933333333333	61.01466666666666	62.071333333333335	65.80266666666667	53.99666666666667	31.980666666666668	36.336666666666666	48.414	32.83733333333333	22.97	20.612	21.136	17.626666666666665	15.833333333333334	14.746666666666666	13.854	8.064666666666668	6.012	4.898666666666666	4.605333333333333	4.251333333333333	4.086	3.679333333333333	2.453333333333333	1.596	1.008	0.952	0.8086666666666666	0.7353333333333333	0.6333333333333333	0.49466666666666664	0.32866666666666666	0.12666666666666668	0.112	0.10266666666666667	0.09733333333333333	0.042	0.018666666666666668	0.005333333333333333	0.0006666666666666666	0.0	0.0	0.0	0.0	0.0	0.0	0.0	0.0	0.0	0.0	0.0	0.0	0.0	0.0	0.0	0.0	0.0	0.0	0.0	0.0	0.0	0.0	0.0	0.0	0.0	0.0	0.0	0.0	0.0	0.0	0.0	0.0	0.0	0.0	0.0	0.0	0.0	0.0	0.0	0.0	0.0	0.0	0.0	0.0	0.0	0.0	0.0	0.0	0.0	0.0	0.0	0.0	0.0	0.0	0.0	0.0	0.0	0.0	0.0	
109.40933333333334	60.928666666666665	61.68266666666667	65.36	53.85666666666667	31.768666666666668	36.13133333333333	48.596666666666664	32.706	22.999333333333333	20.63	21.006	17.479333333333333	15.735333333333333	14.742666666666667	13.710666666666667	8.007333333333333	5.866	4.804666666666667	4.526	4.344	4.032	3.6686666666666667	2.3453333333333335	1.5846666666666667	1.0106666666666666	0.9626666666666667	0.8113333333333334	0.686	0.6733333333333333	0.4886666666666667	0.37466666666666665	0.11666666666666667	0.13	0.106	0.108	0.050666666666666665	0.019333333333333334	0.0033333333333333335	0.0	0.0	0.0	0.0	0.0	0.0	0.0	0.0	0.0	0.0	0.0	0.0	0.0	0.0	0.0	0.0	0.0	0.0	0.0	0.0	0.0	0.0	0.0	0.0	0.0	0.0	0.0	0.0	0.0	0.0	0.0	0.0	0.0	0.0	0.0	0.0	0.0	0.0	0.0	0.0	0.0	0.0	0.0	0.0	0.0	0.0	0.0	0.0	0.0	0.0	0.0	0.0	0.0	0.0	0.0	0.0	0.0	0.0	0.0	0.0	
109.00866666666667	60.36666666666667	61.60933333333333	65.50066666666666	53.866	31.620666666666665	36.26266666666667	48.446	32.472	22.940666666666665	20.322666666666667	21.064666666666668	17.182666666666666	15.853333333333333	14.706666666666667	13.646	7.962666666666666	5.965333333333334	4.8853333333333335	4.510666666666666	4.367333333333334	4.035333333333333	3.732666666666667	2.432	1.526	1.01	0.9646666666666667	0.8193333333333334	0.7046666666666667	0.616	0.48733333333333334	0.36533333333333334	0.122	0.10466666666666667	0.11866666666666667	0.09333333333333334	0.04933333333333333	0.019333333333333334	0.002	0.0006666666666666666	0.0	0.0	0.0	0.0	0.0	0.0	0.0	0.0	0.0	0.0	0.0	0.0	0.0	0.0	0.0	0.0	0.0	0.0	0.0	0.0	0.0	0.0	0.0	0.0	0.0	0.0	0.0	0.0	0.0	0.0	0.0	0.0	0.0	0.0	0.0	0.0	0.0	0.0	0.0	0.0	0.0	0.0	0.0	0.0	0.0	0.0	0.0	0.0	0.0	0.0	0.0	0.0	0.0	0.0	0.0	0.0	0.0	0.0	0.0	
108.93066666666667	61.016	61.796	65.172	53.961333333333336	31.53	36.22266666666667	48.36866666666667	32.638	22.912	20.594666666666665	20.856	17.411333333333335	15.766666666666667	14.826	13.738	8.071333333333333	5.932666666666667	4.934666666666667	4.574666666666666	4.274	3.996	3.752	2.398	1.5333333333333334	1.0266666666666666	0.9333333333333333	0.8073333333333333	0.728	0.6613333333333333	0.474	0.3373333333333333	0.12	0.10533333333333333	0.09133333333333334	0.09133333333333334	0.043333333333333335	0.017333333333333333	0.0033333333333333335	0.0013333333333333333	0.0	0.0	0.0	0.0	0.0	0.0	0.0	0.0	0.0	0.0	0.0	0.0	0.0	0.0	0.0	0.0	0.0	0.0	0.0	0.0	0.0	0.0	0.0	0.0	0.0	0.0	0.0	0.0	0.0	0.0	0.0	0.0	0.0	0.0	0.0	0.0	0.0	0.0	0.0	0.0	0.0	0.0	0.0	0.0	0.0	0.0	0.0	0.0	0.0	0.0	0.0	0.0	0.0	0.0	0.0	0.0	0.0	0.0	0.0	
108.756	59.836	61.662	65.01	53.552	31.115333333333332	35.681333333333335	47.84733333333333	32.358	22.649333333333335	20.35	20.854666666666667	17.296	15.53	14.520666666666667	13.550666666666666	8.010666666666667	5.8966666666666665	4.6786666666666665	4.433333333333334	4.2	3.9026666666666667	3.6686666666666667	2.3133333333333335	1.546	0.9813333333333333	0.9326666666666666	0.816	0.6493333333333333	0.6253333333333333	0.47333333333333333	0.328	0.12733333333333333	0.098	0.09266666666666666	0.096	0.054	0.015333333333333332	0.0033333333333333335	0.0013333333333333333	0.0	0.0	0.0	0.0	0.0	0.0	0.0	0.0	0.0	0.0	0.0	0.0	0.0	0.0	0.0	0.0	0.0	0.0	0.0	0.0	0.0	0.0	0.0	0.0	0.0	0.0	0.0	0.0	0.0	0.0	0.0	0.0	0.0	0.0	0.0	0.0	0.0	0.0	0.0	0.0	0.0	0.0	0.0	0.0	0.0	0.0	0.0	0.0	0.0	0.0	0.0	0.0	0.0	0.0	0.0	0.0	0.0	0.0	0.0	
107.71866666666666	59.59733333333333	60.69133333333333	64.81333333333333	53.01733333333333	30.950666666666667	35.614	47.2	31.996666666666666	22.550666666666668	20.063333333333333	20.47533333333333	16.96066666666667	15.48	14.624666666666666	13.378	7.962	5.842666666666666	4.694	4.498	4.0713333333333335	3.9593333333333334	3.602	2.32	1.5346666666666666	1.014	0.8933333333333333	0.8073333333333333	0.6546666666666666	0.636	0.492	0.33	0.11466666666666667	0.10266666666666667	0.11133333333333334	0.088	0.042666666666666665	0.017333333333333333	0.0033333333333333335	0.0006666666666666666	0.0	0.0	0.0	0.0	0.0	0.0	0.0	0.0	0.0	0.0	0.0	0.0	0.0	0.0	0.0	0.0	0.0	0.0	0.0	0.0	0.0	0.0	0.0	0.0	0.0	0.0	0.0	0.0	0.0	0.0	0.0	0.0	0.0	0.0	0.0	0.0	0.0	0.0	0.0	0.0	0.0	0.0	0.0	0.0	0.0	0.0	0.0	0.0	0.0	0.0	0.0	0.0	0.0	0.0	0.0	0.0	0.0	0.0	0.0	
107.86466666666666	59.10066666666667	60.157333333333334	64.18133333333333	52.461333333333336	30.49266666666667	35.400666666666666	47.582	31.638	22.224666666666668	20.119333333333334	20.350666666666665	16.695333333333334	15.322666666666667	14.103333333333333	13.281333333333333	7.882666666666666	5.708	4.728	4.3566666666666665	4.015333333333333	3.914	3.534666666666667	2.2626666666666666	1.5113333333333334	1.0213333333333334	0.8873333333333333	0.762	0.6393333333333333	0.5686666666666667	0.42	0.29533333333333334	0.11266666666666666	0.10466666666666667	0.09533333333333334	0.09866666666666667	0.042666666666666665	0.014	0.0026666666666666666	0.002	0.0	0.0	0.0	0.0	0.0	0.0	0.0	0.0	0.0	0.0	0.0	0.0	0.0	0.0	0.0	0.0	0.0	0.0	0.0	0.0	0.0	0.0	0.0	0.0	0.0	0.0	0.0	0.0	0.0	0.0	0.0	0.0	0.0	0.0	0.0	0.0	0.0	0.0	0.0	0.0	0.0	0.0	0.0	0.0	0.0	0.0	0.0	0.0	0.0	0.0	0.0	0.0	0.0	0.0	0.0	0.0	0.0	0.0	0.0	
106.896	58.215333333333334	59.754666666666665	63.98466666666667	52.382666666666665	30.653333333333332	35.194	47.176	31.696666666666665	22.15	19.662	20.356666666666666	16.578	15.131333333333334	14.188	13.308	7.810666666666667	5.734	4.623333333333333	4.388	4.008666666666667	3.818	3.566666666666667	2.263333333333333	1.5113333333333334	0.9666666666666667	0.9106666666666666	0.7453333333333333	0.668	0.5766666666666667	0.5106666666666667	0.30866666666666664	0.10533333333333333	0.108	0.08533333333333333	0.08466666666666667	0.036	0.021333333333333333	0.0033333333333333335	0.0006666666666666666	0.0	0.0	0.0	0.0	0.0	0.0	0.0	0.0	0.0	0.0	0.0	0.0	0.0	0.0	0.0	0.0	0.0	0.0	0.0	0.0	0.0	0.0	0.0	0.0	0.0	0.0	0.0	0.0	0.0	0.0	0.0	0.0	0.0	0.0	0.0	0.0	0.0	0.0	0.0	0.0	0.0	0.0	0.0	0.0	0.0	0.0	0.0	0.0	0.0	0.0	0.0	0.0	0.0	0.0	0.0	0.0	0.0	0.0	0.0	
107.176	57.97266666666667	60.11933333333333	63.83866666666667	52.49466666666667	30.369333333333334	34.98533333333334	47.090666666666664	31.552666666666667	22.111333333333334	19.630666666666666	20.454666666666668	16.487333333333332	15.022	14.068666666666667	13.146666666666667	7.728666666666666	5.822666666666667	4.685333333333333	4.334666666666666	3.9073333333333333	3.7986666666666666	3.490666666666667	2.2693333333333334	1.466	0.942	0.9253333333333333	0.722	0.6226666666666667	0.632	0.468	0.31533333333333335	0.104	0.09733333333333333	0.09	0.09533333333333334	0.04066666666666666	0.014666666666666666	0.006666666666666667	0.0006666666666666666	0.0	0.0	0.0	0.0	0.0	0.0	0.0	0.0	0.0	0.0	0.0	0.0	0.0	0.0	0.0	0.0	0.0	0.0	0.0	0.0	0.0	0.0	0.0	0.0	0.0	0.0	0.0	0.0	0.0	0.0	0.0	0.0	0.0	0.0	0.0	0.0	0.0	0.0	0.0	0.0	0.0	0.0	0.0	0.0	0.0	0.0	0.0	0.0	0.0	0.0	0.0	0.0	0.0	0.0	0.0	0.0	0.0	0.0	0.0	
107.30933333333333	58.193333333333335	59.69266666666667	64.05733333333333	52.70466666666667	30.028	34.94733333333333	47.146	31.618	22.06	19.936	20.260666666666665	16.586666666666666	15.184666666666667	14.185333333333332	13.134666666666666	7.798666666666667	5.672666666666666	4.468666666666667	4.277333333333333	3.994	3.792666666666667	3.509333333333333	2.252	1.4446666666666668	0.942	0.9146666666666666	0.7573333333333333	0.6366666666666667	0.6073333333333333	0.4653333333333333	0.3006666666666667	0.10933333333333334	0.08733333333333333	0.10266666666666667	0.08533333333333333	0.036	0.012	0.0013333333333333333	0.0006666666666666666	0.0	0.0	0.0	0.0	0.0	0.0	0.0	0.0	0.0	0.0	0.0	0.0	0.0	0.0	0.0	0.0	0.0	0.0	0.0	0.0	0.0	0.0	0.0	0.0	0.0	0.0	0.0	0.0	0.0	0.0	0.0	0.0	0.0	0.0	0.0	0.0	0.0	0.0	0.0	0.0	0.0	0.0	0.0	0.0	0.0	0.0	0.0	0.0	0.0	0.0	0.0	0.0	0.0	0.0	0.0	0.0	0.0	0.0	0.0	
107.29066666666667	58.19133333333333	59.328	64.28666666666666	52.78933333333333	30.342	34.836	46.98266666666667	31.897333333333332	22.296666666666667	19.642666666666667	20.46066666666667	16.632	15.184	13.927333333333333	13.213333333333333	7.818666666666667	5.726	4.666	4.264666666666667	4.132	3.780666666666667	3.5366666666666666	2.1986666666666665	1.4746666666666666	0.9733333333333334	0.9046666666666666	0.756	0.6586666666666666	0.5833333333333334	0.44733333333333336	0.31533333333333335	0.12933333333333333	0.08666666666666667	0.102	0.09866666666666667	0.044	0.02266666666666667	0.0026666666666666666	0.0013333333333333333	0.0	0.0	0.0	0.0	0.0	0.0	0.0	0.0	0.0	0.0	0.0	0.0	0.0	0.0	0.0	0.0	0.0	0.0	0.0	0.0	0.0	0.0	0.0	0.0	0.0	0.0	0.0	0.0	0.0	0.0	0.0	0.0	0.0	0.0	0.0	0.0	0.0	0.0	0.0	0.0	0.0	0.0	0.0	0.0	0.0	0.0	0.0	0.0	0.0	0.0	0.0	0.0	0.0	0.0	0.0	0.0	0.0	0.0	0.0	
107.736	58.035333333333334	60.068666666666665	64.156	52.60333333333333	30.272666666666666	34.704	47.49666666666667	31.665333333333333	22.169333333333334	19.72	20.292666666666666	16.817333333333334	15.186666666666667	14.264	13.130666666666666	7.796666666666667	5.6706666666666665	4.532	4.284	4.051333333333333	3.81	3.4726666666666666	2.3013333333333335	1.4606666666666666	0.9086666666666666	0.8613333333333333	0.6993333333333334	0.6906666666666667	0.58	0.44866666666666666	0.30866666666666664	0.11	0.08333333333333333	0.086	0.09933333333333333	0.04666666666666667	0.019333333333333334	0.0033333333333333335	0.0006666666666666666	0.0	0.0	0.0	0.0	0.0	0.0	0.0	0.0	0.0	0.0	0.0	0.0	0.0	0.0	0.0	0.0	0.0	0.0	0.0	0.0	0.0	0.0	0.0	0.0	0.0	0.0	0.0	0.0	0.0	0.0	0.0	0.0	0.0	0.0	0.0	0.0	0.0	0.0	0.0	0.0	0.0	0.0	0.0	0.0	0.0	0.0	0.0	0.0	0.0	0.0	0.0	0.0	0.0	0.0	0.0	0.0	0.0	0.0	0.0	
107.07533333333333	58.106	59.51266666666667	64.03666666666666	52.15866666666667	29.984666666666666	34.63733333333333	46.99666666666667	31.392666666666667	22.111333333333334	19.619333333333334	20.244666666666667	16.661333333333335	14.980666666666666	13.993333333333334	12.919333333333332	7.778	5.706666666666667	4.623333333333333	4.204666666666666	4.142	3.826	3.4726666666666666	2.2413333333333334	1.4266666666666667	0.9586666666666667	0.8686666666666667	0.7293333333333333	0.6893333333333334	0.5793333333333334	0.4653333333333333	0.33066666666666666	0.11066666666666666	0.10266666666666667	0.09933333333333333	0.084	0.04733333333333333	0.022	0.004666666666666667	0.0	0.0	0.0	0.0	0.0	0.0	0.0	0.0	0.0	0.0	0.0	0.0	0.0	0.0	0.0	0.0	0.0	0.0	0.0	0.0	0.0	0.0	0.0	0.0	0.0	0.0	0.0	0.0	0.0	0.0	0.0	0.0	0.0	0.0	0.0	0.0	0.0	0.0	0.0	0.0	0.0	0.0	0.0	0.0	0.0	0.0	0.0	0.0	0.0	0.0	0.0	0.0	0.0	0.0	0.0	0.0	0.0	0.0	0.0	0.0	
106.43133333333333	57.01266666666667	59.024	63.724	51.42933333333333	29.828	34.354	47.076	31.34	21.73	19.30666666666667	20.02	16.632	14.748666666666667	14.016	12.878	7.72	5.604666666666667	4.525333333333333	4.256666666666667	3.954	3.7933333333333334	3.4346666666666668	2.1746666666666665	1.5126666666666666	0.9073333333333333	0.8573333333333333	0.75	0.6373333333333333	0.6206666666666667	0.4633333333333333	0.30666666666666664	0.114	0.10066666666666667	0.10533333333333333	0.094	0.038	0.014	0.002	0.002	0.0	0.0	0.0	0.0	0.0	0.0	0.0	0.0	0.0	0.0	0.0	0.0	0.0	0.0	0.0	0.0	0.0	0.0	0.0	0.0	0.0	0.0	0.0	0.0	0.0	0.0	0.0	0.0	0.0	0.0	0.0	0.0	0.0	0.0	0.0	0.0	0.0	0.0	0.0	0.0	0.0	0.0	0.0	0.0	0.0	0.0	0.0	0.0	0.0	0.0	0.0	0.0	0.0	0.0	0.0	0.0	0.0	0.0	0.0	
95.66466666666666	50.284	52.77066666666666	57.282	46.27733333333333	26.472666666666665	30.596	41.815333333333335	27.988666666666667	19.676	17.352	18.044666666666668	14.542	13.176	12.203333333333333	11.486666666666666	6.784666666666666	4.989333333333334	3.9106666666666667	3.7306666666666666	3.5246666666666666	3.314	3.004	1.8506666666666667	1.3013333333333332	0.8233333333333334	0.766	0.6153333333333333	0.588	0.508	0.396	0.2693333333333333	0.082	0.084	0.09	0.056666666666666664	0.030666666666666665	0.012	0.004	0.0	0.0	0.0	0.0	0.0	0.0	0.0	0.0	0.0	0.0	0.0	0.0	0.0	0.0	0.0	0.0	0.0	0.0	0.0	0.0	0.0	0.0	0.0	0.0	0.0	0.0	0.0	0.0	0.0	0.0	0.0	0.0	0.0	0.0	0.0	0.0	0.0	0.0	0.0	0.0	0.0	0.0	0.0	0.0	0.0	0.0	0.0	0.0	0.0	0.0	0.0	0.0	0.0	0.0	0.0	0.0	0.0	0.0	0.0	0.0	
86.24133333333333	44.46666666666667	47.24733333333333	51.45466666666667	41.83266666666667	23.480666666666668	27.192666666666668	37.60333333333333	25.174666666666667	17.302666666666667	15.588666666666667	16.002666666666666	12.98	11.788666666666666	10.848666666666666	10.171333333333333	6.08	4.364	3.5766666666666667	3.235333333333333	3.0733333333333333	2.9566666666666666	2.694	1.634	1.0686666666666667	0.7046666666666667	0.6466666666666666	0.5273333333333333	0.4653333333333333	0.42933333333333334	0.33666666666666667	0.23133333333333334	0.07866666666666666	0.07533333333333334	0.07533333333333334	0.07533333333333334	0.038	0.008666666666666666	0.002	0.0	0.0	0.0	0.0	0.0	0.0	0.0	0.0	0.0	0.0	0.0	0.0	0.0	0.0	0.0	0.0	0.0	0.0	0.0	0.0	0.0	0.0	0.0	0.0	0.0	0.0	0.0	0.0	0.0	0.0	0.0	0.0	0.0	0.0	0.0	0.0	0.0	0.0	0.0	0.0	0.0	0.0	0.0	0.0	0.0	0.0	0.0	0.0	0.0	0.0	0.0	0.0	0.0	0.0	0.0	0.0	0.0	0.0	0.0	0.0	
78.69266666666667	40.056666666666665	42.95466666666667	46.694	37.88	20.676666666666666	24.572	34.379333333333335	22.88	15.595333333333333	13.85	14.56	11.597333333333333	10.434666666666667	9.808666666666667	9.126	5.317333333333333	3.9833333333333334	3.0873333333333335	2.882	2.752666666666667	2.6506666666666665	2.36	1.3986666666666667	0.9846666666666667	0.662	0.5713333333333334	0.5	0.42	0.376	0.28933333333333333	0.21533333333333332	0.078	0.058666666666666666	0.06466666666666666	0.058666666666666666	0.03133333333333333	0.006	0.002	0.0013333333333333333	0.0	0.0	0.0	0.0	0.0	0.0	0.0	0.0	0.0	0.0	0.0	0.0	0.0	0.0	0.0	0.0	0.0	0.0	0.0	0.0	0.0	0.0	0.0	0.0	0.0	0.0	0.0	0.0	0.0	0.0	0.0	0.0	0.0	0.0	0.0	0.0	0.0	0.0	0.0	0.0	0.0	0.0	0.0	0.0	0.0	0.0	0.0	0.0	0.0	0.0	0.0	0.0	0.0	0.0	0.0	0.0	0.0	0.0	0.0	
71.848	35.538666666666664	38.638	42.91466666666667	34.81733333333333	18.838	21.956666666666667	31.234666666666666	20.760666666666665	14.049333333333333	12.61	13.348666666666666	10.646	9.412666666666667	8.979333333333333	8.264	4.811333333333334	3.608	2.798	2.6206666666666667	2.4233333333333333	2.304	2.1626666666666665	1.3353333333333333	0.888	0.5413333333333333	0.5333333333333333	0.4206666666666667	0.372	0.354	0.25333333333333335	0.17866666666666667	0.06666666666666667	0.05533333333333333	0.07066666666666667	0.05533333333333333	0.021333333333333333	0.007333333333333333	0.0006666666666666666	0.0	0.0	0.0	0.0	0.0	0.0	0.0	0.0	0.0	0.0	0.0	0.0	0.0	0.0	0.0	0.0	0.0	0.0	0.0	0.0	0.0	0.0	0.0	0.0	0.0	0.0	0.0	0.0	0.0	0.0	0.0	0.0	0.0	0.0	0.0	0.0	0.0	0.0	0.0	0.0	0.0	0.0	0.0	0.0	0.0	0.0	0.0	0.0	0.0	0.0	0.0	0.0	0.0	0.0	0.0	0.0	0.0	0.0	0.0	0.0	
66.23866666666666	32.43333333333333	35.612	39.346	31.414	16.786	20.110666666666667	28.240666666666666	18.71066666666667	12.873333333333333	11.672	12.106	9.765333333333333	8.717333333333332	8.006	7.474	4.388	3.1806666666666668	2.6453333333333333	2.3933333333333335	2.244666666666667	2.0953333333333335	1.9246666666666667	1.1546666666666667	0.786	0.5053333333333333	0.4713333333333333	0.3893333333333333	0.30666666666666664	0.2693333333333333	0.22666666666666666	0.16933333333333334	0.05533333333333333	0.048666666666666664	0.05533333333333333	0.04066666666666666	0.019333333333333334	0.002	0.0013333333333333333	0.0013333333333333333	0.0	0.0	0.0	0.0	0.0	0.0	0.0	0.0	0.0	0.0	0.0	0.0	0.0	0.0	0.0	0.0	0.0	0.0	0.0	0.0	0.0	0.0	0.0	0.0	0.0	0.0	0.0	0.0	0.0	0.0	0.0	0.0	0.0	0.0	0.0	0.0	0.0	0.0	0.0	0.0	0.0	0.0	0.0	0.0	0.0	0.0	0.0	0.0	0.0	0.0	0.0	0.0	0.0	0.0	0.0	0.0	0.0	0.0	0.0	
61.182	29.318666666666665	32.432	36.214666666666666	28.984666666666666	15.275333333333334	18.744	26.15	17.297333333333334	11.708666666666666	10.507333333333333	11.054	8.894666666666666	7.876666666666667	7.355333333333333	6.966666666666667	4.036666666666667	2.945333333333333	2.268	2.09	2.016	1.9313333333333333	1.7446666666666666	1.026	0.698	0.44333333333333336	0.438	0.37	0.32	0.27466666666666667	0.19266666666666668	0.14	0.05533333333333333	0.042	0.046	0.04733333333333333	0.013333333333333334	0.006666666666666667	0.0033333333333333335	0.0	0.0	0.0	0.0	0.0	0.0	0.0	0.0	0.0	0.0	0.0	0.0	0.0	0.0	0.0	0.0	0.0	0.0	0.0	0.0	0.0	0.0	0.0	0.0	0.0	0.0	0.0	0.0	0.0	0.0	0.0	0.0	0.0	0.0	0.0	0.0	0.0	0.0	0.0	0.0	0.0	0.0	0.0	0.0	0.0	0.0	0.0	0.0	0.0	0.0	0.0	0.0	0.0	0.0	0.0	0.0	0.0	0.0	0.0	0.0	
56.605333333333334	26.913333333333334	29.936666666666667	33.65133333333333	27.066666666666666	13.916	16.990666666666666	24.434	15.906666666666666	10.934	9.700666666666667	10.226666666666667	8.063333333333333	7.156	6.6706666666666665	6.29	3.7666666666666666	2.735333333333333	2.076	1.9713333333333334	1.8093333333333332	1.7833333333333334	1.5346666666666666	0.9473333333333334	0.6566666666666666	0.422	0.40066666666666667	0.30533333333333335	0.2773333333333333	0.248	0.17933333333333334	0.13466666666666666	0.048666666666666664	0.034	0.037333333333333336	0.030666666666666665	0.012666666666666666	0.006666666666666667	0.0013333333333333333	0.0006666666666666666	0.0	0.0	0.0	0.0	0.0	0.0	0.0	0.0	0.0	0.0	0.0	0.0	0.0	0.0	0.0	0.0	0.0	0.0	0.0	0.0	0.0	0.0	0.0	0.0	0.0	0.0	0.0	0.0	0.0	0.0	0.0	0.0	0.0	0.0	0.0	0.0	0.0	0.0	0.0	0.0	0.0	0.0	0.0	0.0	0.0	0.0	0.0	0.0	0.0	0.0	0.0	0.0	0.0	0.0	0.0	0.0	0.0	0.0	0.0	
53.30466666666667	24.647333333333332	28.054	32.026666666666664	25.152	12.826666666666666	15.819333333333333	22.945333333333334	14.889333333333333	10.100666666666667	8.947333333333333	9.497333333333334	7.6386666666666665	6.752666666666666	6.22	5.826	3.4093333333333335	2.474666666666667	1.996	1.7653333333333334	1.6613333333333333	1.54	1.4666666666666666	0.8946666666666667	0.58	0.37533333333333335	0.35333333333333333	0.26866666666666666	0.22866666666666666	0.21266666666666667	0.162	0.118	0.034	0.03	0.032	0.027333333333333334	0.015333333333333332	0.008	0.0013333333333333333	0.0	0.0	0.0	0.0	0.0	0.0	0.0	0.0	0.0	0.0	0.0	0.0	0.0	0.0	0.0	0.0	0.0	0.0	0.0	0.0	0.0	0.0	0.0	0.0	0.0	0.0	0.0	0.0	0.0	0.0	0.0	0.0	0.0	0.0	0.0	0.0	0.0	0.0	0.0	0.0	0.0	0.0	0.0	0.0	0.0	0.0	0.0	0.0	0.0	0.0	0.0	0.0	0.0	0.0	0.0	0.0	0.0	0.0	0.0	0.0	
50.328	22.969333333333335	26.047333333333334	29.532666666666668	23.619333333333334	11.807333333333334	14.686666666666667	21.282666666666668	13.859333333333334	9.469333333333333	8.364666666666666	8.822	6.992666666666667	6.39	5.774666666666667	5.342	3.1426666666666665	2.248	1.74	1.6366666666666667	1.4946666666666666	1.448	1.3253333333333333	0.7773333333333333	0.492	0.33066666666666666	0.3333333333333333	0.25133333333333335	0.19866666666666666	0.19533333333333333	0.14466666666666667	0.10266666666666667	0.04066666666666666	0.030666666666666665	0.027333333333333334	0.02	0.009333333333333334	0.009333333333333334	0.0006666666666666666	0.0	0.0	0.0	0.0	0.0	0.0	0.0	0.0	0.0	0.0	0.0	0.0	0.0	0.0	0.0	0.0	0.0	0.0	0.0	0.0	0.0	0.0	0.0	0.0	0.0	0.0	0.0	0.0	0.0	0.0	0.0	0.0	0.0	0.0	0.0	0.0	0.0	0.0	0.0	0.0	0.0	0.0	0.0	0.0	0.0	0.0	0.0	0.0	0.0	0.0	0.0	0.0	0.0	0.0	0.0	0.0	0.0	0.0	0.0	0.0	
47.38933333333333	21.042	24.492	28.082666666666668	22.184666666666665	10.97	13.467333333333332	20.112666666666666	13.01	8.812	7.9366666666666665	8.346	6.512666666666667	5.752666666666666	5.328	5.1593333333333335	2.978666666666667	2.1513333333333335	1.6333333333333333	1.5213333333333334	1.4846666666666666	1.3573333333333333	1.254	0.7153333333333334	0.4653333333333333	0.30866666666666664	0.30666666666666664	0.23133333333333334	0.20133333333333334	0.18466666666666667	0.14333333333333334	0.084	0.03	0.030666666666666665	0.027333333333333334	0.023333333333333334	0.014	0.006	0.0006666666666666666	0.0006666666666666666	0.0	0.0	0.0	0.0	0.0	0.0	0.0	0.0	0.0	0.0	0.0	0.0	0.0	0.0	0.0	0.0	0.0	0.0	0.0	0.0	0.0	0.0	0.0	0.0	0.0	0.0	0.0	0.0	0.0	0.0	0.0	0.0	0.0	0.0	0.0	0.0	0.0	0.0	0.0	0.0	0.0	0.0	0.0	0.0	0.0	0.0	0.0	0.0	0.0	0.0	0.0	0.0	0.0	0.0	0.0	0.0	0.0	0.0	0.0	
44.443333333333335	19.664666666666665	22.841333333333335	26.429333333333332	21.060666666666666	10.258666666666667	12.918	18.74	12.286	8.134	7.4446666666666665	7.915333333333334	6.120666666666667	5.508666666666667	4.939333333333333	4.775333333333333	2.838	1.9626666666666666	1.5186666666666666	1.426	1.304	1.2686666666666666	1.1513333333333333	0.6633333333333333	0.42133333333333334	0.30466666666666664	0.30733333333333335	0.21933333333333332	0.18066666666666667	0.15933333333333333	0.118	0.07466666666666667	0.03266666666666666	0.032	0.024666666666666667	0.02	0.012	0.004	0.0	0.0	0.0	0.0	0.0	0.0	0.0	0.0	0.0	0.0	0.0	0.0	0.0	0.0	0.0	0.0	0.0	0.0	0.0	0.0	0.0	0.0	0.0	0.0	0.0	0.0	0.0	0.0	0.0	0.0	0.0	0.0	0.0	0.0	0.0	0.0	0.0	0.0	0.0	0.0	0.0	0.0	0.0	0.0	0.0	0.0	0.0	0.0	0.0	0.0	0.0	0.0	0.0	0.0	0.0	0.0	0.0	0.0	0.0	0.0	0.0	
42.11533333333333	18.536	21.451333333333334	25.068666666666665	19.802666666666667	9.574	12.08	17.647333333333332	11.634666666666666	7.707333333333334	6.982666666666667	7.541333333333333	5.632	5.028	4.681333333333333	4.341333333333333	2.6553333333333335	1.8533333333333333	1.444	1.3106666666666666	1.1953333333333334	1.22	1.0446666666666666	0.606	0.426	0.2793333333333333	0.238	0.19533333333333333	0.17	0.16466666666666666	0.11466666666666667	0.078	0.028666666666666667	0.020666666666666667	0.02266666666666667	0.026	0.014	0.004	0.0006666666666666666	0.0006666666666666666	0.0	0.0	0.0	0.0	0.0	0.0	0.0	0.0	0.0	0.0	0.0	0.0	0.0	0.0	0.0	0.0	0.0	0.0	0.0	0.0	0.0	0.0	0.0	0.0	0.0	0.0	0.0	0.0	0.0	0.0	0.0	0.0	0.0	0.0	0.0	0.0	0.0	0.0	0.0	0.0	0.0	0.0	0.0	0.0	0.0	0.0	0.0	0.0	0.0	0.0	0.0	0.0	0.0	0.0	0.0	0.0	0.0	0.0	0.0	
39.92933333333333	17.396	20.349333333333334	23.640666666666668	18.39666666666667	9.122	11.330666666666668	16.986	10.702666666666667	7.328	6.559333333333333	7.056	5.418	4.8406666666666665	4.539333333333333	4.18	2.4153333333333333	1.764	1.3226666666666667	1.2606666666666666	1.1606666666666667	1.0933333333333333	1.0406666666666666	0.5866666666666667	0.36466666666666664	0.258	0.23	0.20733333333333334	0.14466666666666667	0.12133333333333333	0.10133333333333333	0.08466666666666667	0.023333333333333334	0.018666666666666668	0.021333333333333333	0.026	0.01	0.0006666666666666666	0.0006666666666666666	0.0	0.0	0.0	0.0	0.0	0.0	0.0	0.0	0.0	0.0	0.0	0.0	0.0	0.0	0.0	0.0	0.0	0.0	0.0	0.0	0.0	0.0	0.0	0.0	0.0	0.0	0.0	0.0	0.0	0.0	0.0	0.0	0.0	0.0	0.0	0.0	0.0	0.0	0.0	0.0	0.0	0.0	0.0	0.0	0.0	0.0	0.0	0.0	0.0	0.0	0.0	0.0	0.0	0.0	0.0	0.0	0.0	0.0	0.0	0.0	
37.83733333333333	16.643333333333334	19.59	22.654666666666667	17.64	8.592666666666666	10.858	16.13	10.392666666666667	6.937333333333333	6.2026666666666666	6.658	5.164666666666666	4.605333333333333	4.194	3.98	2.4006666666666665	1.6553333333333333	1.318	1.1473333333333333	1.1246666666666667	1.0473333333333332	0.9513333333333334	0.5633333333333334	0.35133333333333333	0.26	0.218	0.182	0.15533333333333332	0.14733333333333334	0.10333333333333333	0.07933333333333334	0.019333333333333334	0.02266666666666667	0.020666666666666667	0.020666666666666667	0.008	0.002	0.002	0.0	0.0	0.0	0.0	0.0	0.0	0.0	0.0	0.0	0.0	0.0	0.0	0.0	0.0	0.0	0.0	0.0	0.0	0.0	0.0	0.0	0.0	0.0	0.0	0.0	0.0	0.0	0.0	0.0	0.0	0.0	0.0	0.0	0.0	0.0	0.0	0.0	0.0	0.0	0.0	0.0	0.0	0.0	0.0	0.0	0.0	0.0	0.0	0.0	0.0	0.0	0.0	0.0	0.0	0.0	0.0	0.0	0.0	0.0	0.0	
36.169333333333334	15.594666666666667	18.544	21.576666666666668	16.863333333333333	8.211333333333334	10.262666666666666	15.318666666666667	9.89	6.584	5.919333333333333	6.372	4.872	4.322	3.9833333333333334	3.7173333333333334	2.318	1.5606666666666666	1.2073333333333334	1.1173333333333333	1.034	0.9933333333333333	0.892	0.5113333333333333	0.328	0.22333333333333333	0.222	0.168	0.13133333333333333	0.11533333333333333	0.08866666666666667	0.06933333333333333	0.02666666666666667	0.020666666666666667	0.015333333333333332	0.010666666666666666	0.01	0.0033333333333333335	0.0013333333333333333	0.0	0.0	0.0	0.0	0.0	0.0	0.0	0.0	0.0	0.0	0.0	0.0	0.0	0.0	0.0	0.0	0.0	0.0	0.0	0.0	0.0	0.0	0.0	0.0	0.0	0.0	0.0	0.0	0.0	0.0	0.0	0.0	0.0	0.0	0.0	0.0	0.0	0.0	0.0	0.0	0.0	0.0	0.0	0.0	0.0	0.0	0.0	0.0	0.0	0.0	0.0	0.0	0.0	0.0	0.0	0.0	0.0	0.0	0.0	0.0	
34.90533333333333	14.860666666666667	17.861333333333334	20.688	16.232666666666667	7.776	9.634666666666666	14.634666666666666	9.617333333333333	6.35	5.755333333333334	6.138	4.6466666666666665	4.041333333333333	3.7506666666666666	3.5573333333333332	2.09	1.5906666666666667	1.128	1.0306666666666666	0.97	0.9326666666666666	0.8306666666666667	0.476	0.3426666666666667	0.20933333333333334	0.212	0.16466666666666666	0.144	0.12	0.08866666666666667	0.058	0.020666666666666667	0.02	0.017333333333333333	0.02	0.005333333333333333	0.0026666666666666666	0.0006666666666666666	0.0006666666666666666	0.0	0.0	0.0	0.0	0.0	0.0	0.0	0.0	0.0	0.0	0.0	0.0	0.0	0.0	0.0	0.0	0.0	0.0	0.0	0.0	0.0	0.0	0.0	0.0	0.0	0.0	0.0	0.0	0.0	0.0	0.0	0.0	0.0	0.0	0.0	0.0	0.0	0.0	0.0	0.0	0.0	0.0	0.0	0.0	0.0	0.0	0.0	0.0	0.0	0.0	0.0	0.0	0.0	0.0	0.0	0.0	0.0	0.0	0.0	
33.62	14.126666666666667	16.935333333333332	19.709333333333333	15.48	7.466666666666667	9.372	13.911333333333333	9.014666666666667	6.009333333333333	5.319333333333334	5.72	4.464	3.8953333333333333	3.529333333333333	3.4186666666666667	2.038	1.448	1.1006666666666667	1.034	0.9426666666666667	0.886	0.7586666666666667	0.4766666666666667	0.298	0.22933333333333333	0.18533333333333332	0.15133333333333332	0.11	0.12266666666666666	0.09333333333333334	0.068	0.017333333333333333	0.016	0.024	0.017333333333333333	0.006666666666666667	0.0013333333333333333	0.0006666666666666666	0.0	0.0	0.0	0.0	0.0	0.0	0.0	0.0	0.0	0.0	0.0	0.0	0.0	0.0	0.0	0.0	0.0	0.0	0.0	0.0	0.0	0.0	0.0	0.0	0.0	0.0	0.0	0.0	0.0	0.0	0.0	0.0	0.0	0.0	0.0	0.0	0.0	0.0	0.0	0.0	0.0	0.0	0.0	0.0	0.0	0.0	0.0	0.0	0.0	0.0	0.0	0.0	0.0	0.0	0.0	0.0	0.0	0.0	0.0	0.0	
32.01533333333333	13.516666666666667	16.00733333333333	18.748666666666665	14.842	7.064	8.979333333333333	13.608	8.628	5.774	5.174666666666667	5.521333333333334	4.382	3.7533333333333334	3.426	3.231333333333333	1.9746666666666666	1.3586666666666667	1.0386666666666666	0.9973333333333333	0.9066666666666666	0.8613333333333333	0.8253333333333334	0.5186666666666667	0.3313333333333333	0.21666666666666667	0.186	0.136	0.11266666666666666	0.106	0.07733333333333334	0.04933333333333333	0.015333333333333332	0.014	0.018666666666666668	0.018666666666666668	0.004666666666666667	0.0	0.0	0.0	0.0	0.0	0.0	0.0	0.0	0.0	0.0	0.0	0.0	0.0	0.0	0.0	0.0	0.0	0.0	0.0	0.0	0.0	0.0	0.0	0.0	0.0	0.0	0.0	0.0	0.0	0.0	0.0	0.0	0.0	0.0	0.0	0.0	0.0	0.0	0.0	0.0	0.0	0.0	0.0	0.0	0.0	0.0	0.0	0.0	0.0	0.0	0.0	0.0	0.0	0.0	0.0	0.0	0.0	0.0	0.0	0.0	0.0	0.0	
30.830666666666666	12.813333333333333	15.565333333333333	18.068666666666665	14.018	6.755333333333334	8.609333333333334	12.795333333333334	8.133333333333333	5.52	4.886	5.248	4.1193333333333335	3.6906666666666665	3.292666666666667	3.054	1.8793333333333333	1.3	1.0	0.952	0.872	0.794	0.7566666666666667	0.48333333333333334	0.33866666666666667	0.18466666666666667	0.17533333333333334	0.14933333333333335	0.136	0.092	0.07466666666666667	0.04933333333333333	0.016666666666666666	0.018666666666666668	0.019333333333333334	0.013333333333333334	0.004666666666666667	0.0033333333333333335	0.0006666666666666666	0.0	0.0	0.0	0.0	0.0	0.0	0.0	0.0	0.0	0.0	0.0	0.0	0.0	0.0	0.0	0.0	0.0	0.0	0.0	0.0	0.0	0.0	0.0	0.0	0.0	0.0	0.0	0.0	0.0	0.0	0.0	0.0	0.0	0.0	0.0	0.0	0.0	0.0	0.0	0.0	0.0	0.0	0.0	0.0	0.0	0.0	0.0	0.0	0.0	0.0	0.0	0.0	0.0	0.0	0.0	0.0	0.0	0.0	0.0	0.0	
29.37	12.368666666666666	14.718666666666667	17.343333333333334	13.638666666666667	6.388	8.126666666666667	12.348	8.013333333333334	5.248	4.743333333333333	5.176	4.560666666666667	3.7586666666666666	3.112	2.952	1.758	1.24	0.896	0.8453333333333334	0.84	0.7893333333333333	0.7693333333333333	0.4826666666666667	0.3233333333333333	0.17133333333333334	0.166	0.13133333333333333	0.11866666666666667	0.09533333333333334	0.06733333333333333	0.04933333333333333	0.018	0.012666666666666666	0.016666666666666666	0.009333333333333334	0.004666666666666667	0.004	0.0006666666666666666	0.0	0.0	0.0	0.0	0.0	0.0	0.0	0.0	0.0	0.0	0.0	0.0	0.0	0.0	0.0	0.0	0.0	0.0	0.0	0.0	0.0	0.0	0.0	0.0	0.0	0.0	0.0	0.0	0.0	0.0	0.0	0.0	0.0	0.0	0.0	0.0	0.0	0.0	0.0	0.0	0.0	0.0	0.0	0.0	0.0	0.0	0.0	0.0	0.0	0.0	0.0	0.0	0.0	0.0	0.0	0.0	0.0	0.0	0.0	0.0	
28.309333333333335	11.801333333333334	14.272	16.688666666666666	13.091333333333333	6.150666666666667	7.887333333333333	11.869333333333334	7.618666666666667	5.145333333333333	4.582	4.964666666666667	4.539333333333333	3.824666666666667	3.302	2.8013333333333335	1.6533333333333333	1.2086666666666666	0.9246666666666666	0.8273333333333334	0.7753333333333333	0.764	0.6986666666666667	0.4786666666666667	0.302	0.17133333333333334	0.15533333333333332	0.116	0.10466666666666667	0.08466666666666667	0.06266666666666666	0.043333333333333335	0.016	0.015333333333333332	0.012666666666666666	0.012	0.007333333333333333	0.005333333333333333	0.0	0.0	0.0	0.0	0.0	0.0	0.0	0.0	0.0	0.0	0.0	0.0	0.0	0.0	0.0	0.0	0.0	0.0	0.0	0.0	0.0	0.0	0.0	0.0	0.0	0.0	0.0	0.0	0.0	0.0	0.0	0.0	0.0	0.0	0.0	0.0	0.0	0.0	0.0	0.0	0.0	0.0	0.0	0.0	0.0	0.0	0.0	0.0	0.0	0.0	0.0	0.0	0.0	0.0	0.0	0.0	0.0	0.0	0.0	0.0	0.0	
27.378	11.353333333333333	13.788	16.273333333333333	12.689333333333334	5.9446666666666665	7.599333333333333	11.423333333333334	7.492	4.844666666666667	4.3053333333333335	4.749333333333333	4.344	3.8186666666666667	3.3213333333333335	2.779333333333333	1.6486666666666667	1.1206666666666667	0.842	0.8086666666666666	0.7313333333333333	0.6986666666666667	0.652	0.386	0.2653333333333333	0.15266666666666667	0.13866666666666666	0.12266666666666666	0.09733333333333333	0.08333333333333333	0.062	0.04533333333333334	0.014666666666666666	0.009333333333333334	0.011333333333333334	0.017333333333333333	0.006666666666666667	0.0033333333333333335	0.0013333333333333333	0.0	0.0	0.0	0.0	0.0	0.0	0.0	0.0	0.0	0.0	0.0	0.0	0.0	0.0	0.0	0.0	0.0	0.0	0.0	0.0	0.0	0.0	0.0	0.0	0.0	0.0	0.0	0.0	0.0	0.0	0.0	0.0	0.0	0.0	0.0	0.0	0.0	0.0	0.0	0.0	0.0	0.0	0.0	0.0	0.0	0.0	0.0	0.0	0.0	0.0	0.0	0.0	0.0	0.0	0.0	0.0	0.0	0.0	0.0	0.0	
26.382666666666665	10.922666666666666	13.137333333333334	15.646666666666667	12.092	5.767333333333333	7.415333333333334	11.000666666666667	7.134666666666667	4.76	4.25	4.594	4.286	3.612	3.1213333333333333	2.6866666666666665	1.598	1.114	0.846	0.7593333333333333	0.7026666666666667	0.7113333333333334	0.5993333333333334	0.31133333333333335	0.236	0.15266666666666667	0.138	0.12933333333333333	0.09333333333333334	0.06	0.068	0.04133333333333333	0.014	0.01	0.012666666666666666	0.012	0.002	0.0	0.0006666666666666666	0.0	0.0	0.0	0.0	0.0	0.0	0.0	0.0	0.0	0.0	0.0	0.0	0.0	0.0	0.0	0.0	0.0	0.0	0.0	0.0	0.0	0.0	0.0	0.0	0.0	0.0	0.0	0.0	0.0	0.0	0.0	0.0	0.0	0.0	0.0	0.0	0.0	0.0	0.0	0.0	0.0	0.0	0.0	0.0	0.0	0.0	0.0	0.0	0.0	0.0	0.0	0.0	0.0	0.0	0.0	0.0	0.0	0.0	0.0	0.0	
25.89666666666667	10.674666666666667	13.104	15.321333333333333	11.84	5.572666666666667	7.174	10.822	6.963333333333333	4.524666666666667	4.118666666666667	4.457333333333334	4.156666666666666	3.566666666666667	3.0513333333333335	2.574	1.5053333333333334	1.0613333333333332	0.7906666666666666	0.74	0.7086666666666667	0.6766666666666666	0.5793333333333334	0.322	0.21333333333333335	0.12466666666666666	0.13066666666666665	0.09866666666666667	0.098	0.08266666666666667	0.06666666666666667	0.04066666666666666	0.02	0.011333333333333334	0.011333333333333334	0.01	0.006666666666666667	0.0033333333333333335	0.0013333333333333333	0.0	0.0	0.0	0.0	0.0	0.0	0.0	0.0	0.0	0.0	0.0	0.0	0.0	0.0	0.0	0.0	0.0	0.0	0.0	0.0	0.0	0.0	0.0	0.0	0.0	0.0	0.0	0.0	0.0	0.0	0.0	0.0	0.0	0.0	0.0	0.0	0.0	0.0	0.0	0.0	0.0	0.0	0.0	0.0	0.0	0.0	0.0	0.0	0.0	0.0	0.0	0.0	0.0	0.0	0.0	0.0	0.0	0.0	0.0	0.0	
25.24	10.188	12.639333333333333	14.903333333333334	11.560666666666666	5.298	6.964666666666667	10.460666666666667	6.795333333333334	4.384	4.004	4.3693333333333335	4.013333333333334	3.422	2.997333333333333	2.498	1.508	1.0426666666666666	0.7833333333333333	0.704	0.6786666666666666	0.6673333333333333	0.5653333333333334	0.34	0.20066666666666666	0.15533333333333332	0.142	0.11466666666666667	0.072	0.08	0.066	0.04133333333333333	0.013333333333333334	0.012	0.011333333333333334	0.014	0.006	0.004666666666666667	0.0	0.0	0.0	0.0	0.0	0.0	0.0	0.0	0.0	0.0	0.0	0.0	0.0	0.0	0.0	0.0	0.0	0.0	0.0	0.0	0.0	0.0	0.0	0.0	0.0	0.0	0.0	0.0	0.0	0.0	0.0	0.0	0.0	0.0	0.0	0.0	0.0	0.0	0.0	0.0	0.0	0.0	0.0	0.0	0.0	0.0	0.0	0.0	0.0	0.0	0.0	0.0	0.0	0.0	0.0	0.0	0.0	0.0	0.0	0.0	0.0	
24.546	10.016666666666667	12.248	14.304	11.288	5.072	6.696	10.202	6.502666666666666	4.277333333333333	3.8526666666666665	4.322666666666667	3.9026666666666667	3.4066666666666667	2.906	2.454	1.4113333333333333	1.0226666666666666	0.75	0.692	0.694	0.62	0.5566666666666666	0.306	0.216	0.16533333333333333	0.128	0.10066666666666667	0.06866666666666667	0.06333333333333334	0.058666666666666666	0.034666666666666665	0.018	0.009333333333333334	0.013333333333333334	0.012	0.006	0.0033333333333333335	0.0	0.0	0.0	0.0	0.0	0.0	0.0	0.0	0.0	0.0	0.0	0.0	0.0	0.0	0.0	0.0	0.0	0.0	0.0	0.0	0.0	0.0	0.0	0.0	0.0	0.0	0.0	0.0	0.0	0.0	0.0	0.0	0.0	0.0	0.0	0.0	0.0	0.0	0.0	0.0	0.0	0.0	0.0	0.0	0.0	0.0	0.0	0.0	0.0	0.0	0.0	0.0	0.0	0.0	0.0	0.0	0.0	0.0	0.0	0.0	0.0	
23.758666666666667	9.821333333333333	12.086666666666666	14.198	10.987333333333334	5.156	6.6593333333333335	10.163333333333334	6.407333333333334	4.266	3.7773333333333334	4.104666666666667	3.7733333333333334	3.394	2.747333333333333	2.4286666666666665	1.43	1.0073333333333334	0.7366666666666667	0.6553333333333333	0.6366666666666667	0.564	0.536	0.316	0.19466666666666665	0.128	0.13333333333333333	0.09733333333333333	0.09066666666666667	0.072	0.05466666666666667	0.03	0.014	0.010666666666666666	0.014	0.015333333333333332	0.006666666666666667	0.004	0.0	0.0	0.0	0.0	0.0	0.0	0.0	0.0	0.0	0.0	0.0	0.0	0.0	0.0	0.0	0.0	0.0	0.0	0.0	0.0	0.0	0.0	0.0	0.0	0.0	0.0	0.0	0.0	0.0	0.0	0.0	0.0	0.0	0.0	0.0	0.0	0.0	0.0	0.0	0.0	0.0	0.0	0.0	0.0	0.0	0.0	0.0	0.0	0.0	0.0	0.0	0.0	0.0	0.0	0.0	0.0	0.0	0.0	0.0	0.0	0.0	
23.254	9.476	11.577333333333334	13.744666666666667	10.69	4.9526666666666666	6.406666666666666	9.847333333333333	6.215333333333334	4.186	3.7306666666666666	4.0	3.6613333333333333	3.171333333333333	2.683333333333333	2.296	1.39	0.976	0.7193333333333334	0.688	0.6426666666666667	0.6086666666666667	0.532	0.2906666666666667	0.19533333333333333	0.13466666666666666	0.126	0.096	0.09266666666666666	0.06133333333333333	0.06733333333333333	0.03266666666666666	0.012666666666666666	0.013333333333333334	0.014666666666666666	0.013333333333333334	0.005333333333333333	0.0	0.0	0.0	0.0	0.0	0.0	0.0	0.0	0.0	0.0	0.0	0.0	0.0	0.0	0.0	0.0	0.0	0.0	0.0	0.0	0.0	0.0	0.0	0.0	0.0	0.0	0.0	0.0	0.0	0.0	0.0	0.0	0.0	0.0	0.0	0.0	0.0	0.0	0.0	0.0	0.0	0.0	0.0	0.0	0.0	0.0	0.0	0.0	0.0	0.0	0.0	0.0	0.0	0.0	0.0	0.0	0.0	0.0	0.0	0.0	0.0	0.0	
22.584	9.077333333333334	11.384666666666666	13.548666666666668	10.454	4.789333333333333	6.181333333333333	9.607333333333333	6.204666666666666	3.982	3.654	3.9306666666666668	3.271333333333333	2.9846666666666666	2.5946666666666665	2.228666666666667	1.3393333333333333	0.904	0.6966666666666667	0.644	0.6033333333333334	0.6293333333333333	0.5146666666666667	0.282	0.21466666666666667	0.112	0.11333333333333333	0.08466666666666667	0.08133333333333333	0.06666666666666667	0.051333333333333335	0.04733333333333333	0.007333333333333333	0.012	0.006666666666666667	0.01	0.004666666666666667	0.0026666666666666666	0.0	0.0	0.0	0.0	0.0	0.0	0.0	0.0	0.0	0.0	0.0	0.0	0.0	0.0	0.0	0.0	0.0	0.0	0.0	0.0	0.0	0.0	0.0	0.0	0.0	0.0	0.0	0.0	0.0	0.0	0.0	0.0	0.0	0.0	0.0	0.0	0.0	0.0	0.0	0.0	0.0	0.0	0.0	0.0	0.0	0.0	0.0	0.0	0.0	0.0	0.0	0.0	0.0	0.0	0.0	0.0	0.0	0.0	0.0	0.0	0.0	
22.336666666666666	9.123333333333333	11.218666666666667	13.127333333333333	10.284666666666666	4.77	6.097333333333333	9.376	5.994	3.97	3.52	3.8846666666666665	2.864	2.838	2.6386666666666665	2.1513333333333335	1.3186666666666667	0.9386666666666666	0.6706666666666666	0.656	0.6453333333333333	0.5586666666666666	0.5253333333333333	0.27	0.18266666666666667	0.14666666666666667	0.10866666666666666	0.088	0.07	0.06333333333333334	0.05333333333333334	0.032	0.015333333333333332	0.007333333333333333	0.007333333333333333	0.009333333333333334	0.005333333333333333	0.0013333333333333333	0.0006666666666666666	0.0006666666666666666	0.0	0.0	0.0	0.0	0.0	0.0	0.0	0.0	0.0	0.0	0.0	0.0	0.0	0.0	0.0	0.0	0.0	0.0	0.0	0.0	0.0	0.0	0.0	0.0	0.0	0.0	0.0	0.0	0.0	0.0	0.0	0.0	0.0	0.0	0.0	0.0	0.0	0.0	0.0	0.0	0.0	0.0	0.0	0.0	0.0	0.0	0.0	0.0	0.0	0.0	0.0	0.0	0.0	0.0	0.0	0.0	0.0	0.0	0.0	
21.77466666666667	8.794666666666666	10.911333333333333	12.674666666666667	10.062	4.746666666666667	5.9046666666666665	9.058666666666667	5.811333333333334	3.8433333333333333	3.428	3.6813333333333333	2.894	2.542666666666667	2.402	2.2053333333333334	1.2833333333333334	0.8893333333333333	0.6546666666666666	0.604	0.6133333333333333	0.5273333333333333	0.5106666666666667	0.2773333333333333	0.18133333333333335	0.13133333333333333	0.10466666666666667	0.07933333333333334	0.078	0.06333333333333334	0.05533333333333333	0.03866666666666667	0.008666666666666666	0.01	0.008	0.012	0.004666666666666667	0.0006666666666666666	0.0	0.0	0.0	0.0	0.0	0.0	0.0	0.0	0.0	0.0	0.0	0.0	0.0	0.0	0.0	0.0	0.0	0.0	0.0	0.0	0.0	0.0	0.0	0.0	0.0	0.0	0.0	0.0	0.0	0.0	0.0	0.0	0.0	0.0	0.0	0.0	0.0	0.0	0.0	0.0	0.0	0.0	0.0	0.0	0.0	0.0	0.0	0.0	0.0	0.0	0.0	0.0	0.0	0.0	0.0	0.0	0.0	0.0	0.0	0.0	0.0	
21.514666666666667	8.606666666666667	10.611333333333333	12.71	9.782	4.432666666666667	5.851333333333334	8.965333333333334	5.644666666666667	3.6926666666666668	3.4233333333333333	3.7173333333333334	2.7826666666666666	2.489333333333333	2.2106666666666666	2.1066666666666665	1.2866666666666666	0.8453333333333334	0.6686666666666666	0.594	0.5953333333333334	0.5393333333333333	0.4513333333333333	0.26066666666666666	0.172	0.11733333333333333	0.11533333333333333	0.09333333333333334	0.066	0.068	0.048	0.032	0.006	0.010666666666666666	0.014	0.009333333333333334	0.006	0.002	0.0	0.0	0.0	0.0	0.0	0.0	0.0	0.0	0.0	0.0	0.0	0.0	0.0	0.0	0.0	0.0	0.0	0.0	0.0	0.0	0.0	0.0	0.0	0.0	0.0	0.0	0.0	0.0	0.0	0.0	0.0	0.0	0.0	0.0	0.0	0.0	0.0	0.0	0.0	0.0	0.0	0.0	0.0	0.0	0.0	0.0	0.0	0.0	0.0	0.0	0.0	0.0	0.0	0.0	0.0	0.0	0.0	0.0	0.0	0.0	0.0	
20.889333333333333	8.309333333333333	10.342666666666666	12.406	9.444	4.408666666666667	5.608666666666666	8.659333333333333	5.532666666666667	3.634	3.3226666666666667	3.5633333333333335	2.755333333333333	2.3886666666666665	2.1733333333333333	2.0646666666666667	1.1993333333333334	0.8973333333333333	0.6233333333333333	0.6006666666666667	0.5473333333333333	0.518	0.48	0.27266666666666667	0.16466666666666666	0.11466666666666667	0.108	0.084	0.07	0.059333333333333335	0.04466666666666667	0.032	0.015333333333333332	0.017333333333333333	0.008	0.011333333333333334	0.004	0.002	0.0	0.0	0.0	0.0	0.0	0.0	0.0	0.0	0.0	0.0	0.0	0.0	0.0	0.0	0.0	0.0	0.0	0.0	0.0	0.0	0.0	0.0	0.0	0.0	0.0	0.0	0.0	0.0	0.0	0.0	0.0	0.0	0.0	0.0	0.0	0.0	0.0	0.0	0.0	0.0	0.0	0.0	0.0	0.0	0.0	0.0	0.0	0.0	0.0	0.0	0.0	0.0	0.0	0.0	0.0	0.0	0.0	0.0	0.0	0.0	0.0	
20.550666666666668	8.319333333333333	10.125333333333334	12.063333333333333	9.332	4.451333333333333	5.492	8.587333333333333	5.355333333333333	3.6066666666666665	3.278	3.566	2.6966666666666668	2.320666666666667	2.0693333333333332	1.958	1.182	0.8373333333333334	0.6006666666666667	0.5546666666666666	0.5513333333333333	0.472	0.4646666666666667	0.26066666666666666	0.16266666666666665	0.12466666666666666	0.10066666666666667	0.084	0.068	0.066	0.04666666666666667	0.036	0.012666666666666666	0.009333333333333334	0.01	0.010666666666666666	0.0026666666666666666	0.0013333333333333333	0.0006666666666666666	0.0006666666666666666	0.0	0.0	0.0	0.0	0.0	0.0	0.0	0.0	0.0	0.0	0.0	0.0	0.0	0.0	0.0	0.0	0.0	0.0	0.0	0.0	0.0	0.0	0.0	0.0	0.0	0.0	0.0	0.0	0.0	0.0	0.0	0.0	0.0	0.0	0.0	0.0	0.0	0.0	0.0	0.0	0.0	0.0	0.0	0.0	0.0	0.0	0.0	0.0	0.0	0.0	0.0	0.0	0.0	0.0	0.0	0.0	0.0	0.0	0.0	
20.070666666666668	7.997333333333334	9.998	11.886	9.28	4.242666666666667	5.386	8.42	5.274	3.5806666666666667	3.166	3.4386666666666668	2.5713333333333335	2.2506666666666666	2.106	2.004	1.1653333333333333	0.7513333333333333	0.6286666666666667	0.6006666666666667	0.5146666666666667	0.4806666666666667	0.448	0.25333333333333335	0.14666666666666667	0.11733333333333333	0.11466666666666667	0.08533333333333333	0.059333333333333335	0.04933333333333333	0.042	0.030666666666666665	0.010666666666666666	0.004	0.005333333333333333	0.012	0.0013333333333333333	0.0006666666666666666	0.0	0.0006666666666666666	0.0	0.0	0.0	0.0	0.0	0.0	0.0	0.0	0.0	0.0	0.0	0.0	0.0	0.0	0.0	0.0	0.0	0.0	0.0	0.0	0.0	0.0	0.0	0.0	0.0	0.0	0.0	0.0	0.0	0.0	0.0	0.0	0.0	0.0	0.0	0.0	0.0	0.0	0.0	0.0	0.0	0.0	0.0	0.0	0.0	0.0	0.0	0.0	0.0	0.0	0.0	0.0	0.0	0.0	0.0	0.0	0.0	0.0	0.0	
19.825333333333333	7.872	9.848	11.616	8.94	4.223333333333334	5.44	8.334666666666667	5.339333333333333	3.506	3.0753333333333335	3.448	2.5906666666666665	2.288666666666667	2.030666666666667	1.93	1.1493333333333333	0.7533333333333333	0.6193333333333333	0.57	0.5273333333333333	0.492	0.4246666666666667	0.228	0.15266666666666667	0.10266666666666667	0.08666666666666667	0.08266666666666667	0.076	0.064	0.042666666666666665	0.028	0.010666666666666666	0.007333333333333333	0.006	0.008666666666666666	0.004666666666666667	0.0006666666666666666	0.0013333333333333333	0.0	0.0	0.0	0.0	0.0	0.0	0.0	0.0	0.0	0.0	0.0	0.0	0.0	0.0	0.0	0.0	0.0	0.0	0.0	0.0	0.0	0.0	0.0	0.0	0.0	0.0	0.0	0.0	0.0	0.0	0.0	0.0	0.0	0.0	0.0	0.0	0.0	0.0	0.0	0.0	0.0	0.0	0.0	0.0	0.0	0.0	0.0	0.0	0.0	0.0	0.0	0.0	0.0	0.0	0.0	0.0	0.0	0.0	0.0	0.0	
19.482666666666667	7.804666666666667	9.563333333333333	11.422	8.89	3.994666666666667	5.308	8.052	5.204666666666666	3.3033333333333332	3.01	3.268666666666667	2.517333333333333	2.2046666666666668	1.986	1.956	1.1366666666666667	0.7946666666666666	0.584	0.536	0.5226666666666666	0.4653333333333333	0.43466666666666665	0.23266666666666666	0.156	0.10333333333333333	0.10066666666666667	0.05533333333333333	0.06866666666666667	0.059333333333333335	0.03933333333333333	0.032	0.010666666666666666	0.007333333333333333	0.009333333333333334	0.011333333333333334	0.002	0.0013333333333333333	0.0006666666666666666	0.0	0.0	0.0	0.0	0.0	0.0	0.0	0.0	0.0	0.0	0.0	0.0	0.0	0.0	0.0	0.0	0.0	0.0	0.0	0.0	0.0	0.0	0.0	0.0	0.0	0.0	0.0	0.0	0.0	0.0	0.0	0.0	0.0	0.0	0.0	0.0	0.0	0.0	0.0	0.0	0.0	0.0	0.0	0.0	0.0	0.0	0.0	0.0	0.0	0.0	0.0	0.0	0.0	0.0	0.0	0.0	0.0	0.0	0.0	0.0	
