0.01	0.5149494949494949	1.0198989898989899	1.5248484848484847	2.0297979797979795	2.5347474747474745	3.039696969696969	3.544646464646464	4.049595959595959	4.554545454545454	5.059494949494949	5.564444444444444	6.0693939393939385	6.574343434343434	7.0792929292929285	7.584242424242424	8.089191919191919	8.594141414141413	9.099090909090908	9.604040404040404	10.108989898989899	10.613939393939393	11.118888888888888	11.623838383838383	12.128787878787877	12.633737373737373	13.138686868686868	13.643636363636363	14.148585858585857	14.653535353535352	15.158484848484848	15.663434343434343	16.16838383838384	16.673333333333336	17.17828282828283	17.683232323232325	18.188181818181818	18.693131313131314	19.19808080808081	19.703030303030303	20.2079797979798	20.712929292929292	21.21787878787879	21.722828282828285	22.227777777777778	22.732727272727274	23.237676767676767	23.742626262626263	24.247575757575756	24.752525252525253	25.25747474747475	25.762424242424242	26.267373737373738	26.77232323232323	27.277272727272727	27.782222222222224	28.287171717171717	28.792121212121213	29.297070707070706	29.802020202020202	30.3069696969697	30.81191919191919	31.316868686868688	31.82181818181818	32.32676767676767	32.831717171717166	33.336666666666666	33.84161616161616	34.34656565656565	34.851515151515144	35.356464646464644	35.86141414141414	36.36636363636363	36.87131313131313	37.37626262626262	37.881212121212116	38.386161616161615	38.89111111111111	39.3960606060606	39.901010101010094	40.405959595959594	40.91090909090909	41.41585858585858	41.92080808080808	42.42575757575757	42.930707070707065	43.435656565656565	43.94060606060606	44.44555555555555	44.95050505050504	45.45545454545454	45.960404040404036	46.46535353535353	46.97030303030303	47.47525252525252	47.980202020202015	48.48515151515151	48.99010101010101	49.4950505050505	50.0	
0.578	0.178	0.2733333333333333	0.37066666666666664	0.21533333333333332	0.08333333333333333	0.13866666666666666	0.258	0.15133333333333332	0.08466666666666667	0.07333333333333333	0.10133333333333333	0.05733333333333333	0.04733333333333333	0.036	0.04933333333333333	0.029333333333333333	0.02	0.015333333333333332	0.012666666666666666	0.008666666666666666	0.012666666666666666	0.007333333333333333	0.004	0.0033333333333333335	0.002	0.002	0.0006666666666666666	0.0006666666666666666	0.0	0.0	0.0	0.0	0.0	0.0	0.0	0.0	0.0	0.0	0.0	0.0	0.0	0.0	0.0	0.0	0.0	0.0	0.0	0.0	0.0	0.0	0.0	0.0	0.0	0.0	0.0	0.0	0.0	0.0	0.0	0.0	0.0	0.0	0.0	0.0	0.0	0.0	0.0	0.0	0.0	0.0	0.0	0.0	0.0	0.0	0.0	0.0	0.0	0.0	0.0	0.0	0.0	0.0	0.0	0.0	0.0	0.0	0.0	0.0	0.0	0.0	0.0	0.0	0.0	0.0	0.0	0.0	0.0	0.0	
0.6013333333333334	0.14266666666666666	0.276	0.34933333333333333	0.23066666666666666	0.08133333333333333	0.132	0.24266666666666667	0.13066666666666665	0.07133333333333333	0.074	0.09666666666666666	0.058666666666666666	0.064	0.042	0.04733333333333333	0.03	0.019333333333333334	0.014	0.009333333333333334	0.014	0.009333333333333334	0.007333333333333333	0.004	0.0026666666666666666	0.0	0.0013333333333333333	0.002	0.002	0.0006666666666666666	0.0	0.0	0.0	0.0	0.0	0.0	0.0	0.0	0.0	0.0	0.0	0.0	0.0	0.0	0.0	0.0	0.0	0.0	0.0	0.0	0.0	0.0	0.0	0.0	0.0	0.0	0.0	0.0	0.0	0.0	0.0	0.0	0.0	0.0	0.0	0.0	0.0	0.0	0.0	0.0	0.0	0.0	0.0	0.0	0.0	0.0	0.0	0.0	0.0	0.0	0.0	0.0	0.0	0.0	0.0	0.0	0.0	0.0	0.0	0.0	0.0	0.0	0.0	0.0	0.0	0.0	0.0	0.0	0.0	
0.544	0.14666666666666667	0.2813333333333333	0.32133333333333336	0.25266666666666665	0.08933333333333333	0.12333333333333334	0.23	0.15266666666666667	0.07866666666666666	0.06333333333333334	0.09466666666666666	0.07733333333333334	0.052	0.042666666666666665	0.042	0.026	0.016	0.012	0.016	0.009333333333333334	0.01	0.005333333333333333	0.004	0.002	0.0013333333333333333	0.0026666666666666666	0.0006666666666666666	0.0	0.0	0.0006666666666666666	0.0	0.0	0.0	0.0	0.0	0.0	0.0	0.0	0.0	0.0	0.0	0.0	0.0	0.0	0.0	0.0	0.0	0.0	0.0	0.0	0.0	0.0	0.0	0.0	0.0	0.0	0.0	0.0	0.0	0.0	0.0	0.0	0.0	0.0	0.0	0.0	0.0	0.0	0.0	0.0	0.0	0.0	0.0	0.0	0.0	0.0	0.0	0.0	0.0	0.0	0.0	0.0	0.0	0.0	0.0	0.0	0.0	0.0	0.0	0.0	0.0	0.0	0.0	0.0	0.0	0.0	0.0	0.0	
0.5433333333333333	0.14666666666666667	0.252	0.33266666666666667	0.23533333333333334	0.08333333333333333	0.13133333333333333	0.23533333333333334	0.11266666666666666	0.066	0.07466666666666667	0.09933333333333333	0.06466666666666666	0.048	0.037333333333333336	0.05	0.026	0.018666666666666668	0.006666666666666667	0.010666666666666666	0.006	0.01	0.006666666666666667	0.002	0.0026666666666666666	0.0006666666666666666	0.0	0.0006666666666666666	0.0	0.0	0.0	0.0006666666666666666	0.0006666666666666666	0.0	0.0006666666666666666	0.0	0.0	0.0	0.0	0.0	0.0	0.0	0.0	0.0	0.0	0.0	0.0	0.0	0.0	0.0	0.0	0.0	0.0	0.0	0.0	0.0	0.0	0.0	0.0	0.0	0.0	0.0	0.0	0.0	0.0	0.0	0.0	0.0	0.0	0.0	0.0	0.0	0.0	0.0	0.0	0.0	0.0	0.0	0.0	0.0	0.0	0.0	0.0	0.0	0.0	0.0	0.0	0.0	0.0	0.0	0.0	0.0	0.0	0.0	0.0	0.0	0.0	0.0	0.0	
0.5633333333333334	0.14	0.236	0.336	0.23866666666666667	0.084	0.13933333333333334	0.23133333333333334	0.12266666666666666	0.08466666666666667	0.062	0.09066666666666667	0.06266666666666666	0.05266666666666667	0.04466666666666667	0.04066666666666666	0.025333333333333333	0.014666666666666666	0.008666666666666666	0.012	0.012	0.010666666666666666	0.005333333333333333	0.004666666666666667	0.002	0.002	0.004	0.0013333333333333333	0.0	0.0013333333333333333	0.0006666666666666666	0.0	0.0	0.0	0.0006666666666666666	0.0	0.0	0.0	0.0	0.0	0.0	0.0	0.0	0.0	0.0	0.0	0.0	0.0	0.0	0.0	0.0	0.0	0.0	0.0	0.0	0.0	0.0	0.0	0.0	0.0	0.0	0.0	0.0	0.0	0.0	0.0	0.0	0.0	0.0	0.0	0.0	0.0	0.0	0.0	0.0	0.0	0.0	0.0	0.0	0.0	0.0	0.0	0.0	0.0	0.0	0.0	0.0	0.0	0.0	0.0	0.0	0.0	0.0	0.0	0.0	0.0	0.0	0.0	0.0	
0.5326666666666666	0.12133333333333333	0.24733333333333332	0.2986666666666667	0.20666666666666667	0.07733333333333334	0.112	0.228	0.14266666666666666	0.06666666666666667	0.066	0.08933333333333333	0.056	0.04933333333333333	0.042	0.037333333333333336	0.02266666666666667	0.016666666666666666	0.008666666666666666	0.010666666666666666	0.009333333333333334	0.01	0.0026666666666666666	0.0026666666666666666	0.0026666666666666666	0.0013333333333333333	0.0006666666666666666	0.0	0.0	0.0006666666666666666	0.0013333333333333333	0.0006666666666666666	0.0	0.0	0.0	0.0006666666666666666	0.0	0.0	0.0	0.0	0.0	0.0	0.0	0.0	0.0	0.0	0.0	0.0	0.0	0.0	0.0	0.0	0.0	0.0	0.0	0.0	0.0	0.0	0.0	0.0	0.0	0.0	0.0	0.0	0.0	0.0	0.0	0.0	0.0	0.0	0.0	0.0	0.0	0.0	0.0	0.0	0.0	0.0	0.0	0.0	0.0	0.0	0.0	0.0	0.0	0.0	0.0	0.0	0.0	0.0	0.0	0.0	0.0	0.0	0.0	0.0	0.0	0.0	0.0	
0.5086666666666667	0.122	0.23533333333333334	0.33066666666666666	0.194	0.06466666666666666	0.11733333333333333	0.21866666666666668	0.12466666666666666	0.06333333333333334	0.06733333333333333	0.08133333333333333	0.05533333333333333	0.046	0.034666666666666665	0.03933333333333333	0.018666666666666668	0.012666666666666666	0.013333333333333334	0.010666666666666666	0.004666666666666667	0.008	0.011333333333333334	0.0033333333333333335	0.0026666666666666666	0.0006666666666666666	0.0013333333333333333	0.0013333333333333333	0.0006666666666666666	0.0	0.0	0.0006666666666666666	0.0	0.0	0.0	0.0	0.0	0.0	0.0	0.0	0.0	0.0	0.0	0.0	0.0	0.0	0.0	0.0	0.0	0.0	0.0	0.0	0.0	0.0	0.0	0.0	0.0	0.0	0.0	0.0	0.0	0.0	0.0	0.0	0.0	0.0	0.0	0.0	0.0	0.0	0.0	0.0	0.0	0.0	0.0	0.0	0.0	0.0	0.0	0.0	0.0	0.0	0.0	0.0	0.0	0.0	0.0	0.0	0.0	0.0	0.0	0.0	0.0	0.0	0.0	0.0	0.0	0.0	0.0	
0.48533333333333334	0.14333333333333334	0.22866666666666666	0.282	0.21266666666666667	0.07666666666666666	0.11266666666666666	0.23733333333333334	0.11866666666666667	0.06466666666666666	0.06266666666666666	0.09266666666666666	0.04933333333333333	0.046	0.038	0.03333333333333333	0.024	0.013333333333333334	0.008	0.009333333333333334	0.010666666666666666	0.008666666666666666	0.010666666666666666	0.004	0.0026666666666666666	0.0006666666666666666	0.0026666666666666666	0.0013333333333333333	0.0	0.0	0.0	0.0	0.0	0.0	0.0006666666666666666	0.0	0.0	0.0	0.0	0.0	0.0	0.0	0.0	0.0	0.0	0.0	0.0	0.0	0.0	0.0	0.0	0.0	0.0	0.0	0.0	0.0	0.0	0.0	0.0	0.0	0.0	0.0	0.0	0.0	0.0	0.0	0.0	0.0	0.0	0.0	0.0	0.0	0.0	0.0	0.0	0.0	0.0	0.0	0.0	0.0	0.0	0.0	0.0	0.0	0.0	0.0	0.0	0.0	0.0	0.0	0.0	0.0	0.0	0.0	0.0	0.0	0.0	0.0	0.0	
0.5	0.12933333333333333	0.23066666666666666	0.2806666666666667	0.20533333333333334	0.05533333333333333	0.10666666666666667	0.18	0.10533333333333333	0.06333333333333334	0.058	0.07266666666666667	0.05533333333333333	0.04466666666666667	0.044	0.04533333333333334	0.02266666666666667	0.02	0.014	0.006	0.004666666666666667	0.006	0.008	0.0033333333333333335	0.0013333333333333333	0.002	0.0013333333333333333	0.002	0.0033333333333333335	0.0006666666666666666	0.0013333333333333333	0.0	0.0	0.0	0.0	0.0	0.0	0.0	0.0	0.0	0.0	0.0	0.0	0.0	0.0	0.0	0.0	0.0	0.0	0.0	0.0	0.0	0.0	0.0	0.0	0.0	0.0	0.0	0.0	0.0	0.0	0.0	0.0	0.0	0.0	0.0	0.0	0.0	0.0	0.0	0.0	0.0	0.0	0.0	0.0	0.0	0.0	0.0	0.0	0.0	0.0	0.0	0.0	0.0	0.0	0.0	0.0	0.0	0.0	0.0	0.0	0.0	0.0	0.0	0.0	0.0	0.0	0.0	0.0	
0.508	0.13266666666666665	0.21066666666666667	0.2833333333333333	0.21	0.068	0.11	0.18133333333333335	0.10933333333333334	0.062	0.06666666666666667	0.07533333333333334	0.05733333333333333	0.042666666666666665	0.04133333333333333	0.02266666666666667	0.020666666666666667	0.01	0.014666666666666666	0.008666666666666666	0.007333333333333333	0.007333333333333333	0.006666666666666667	0.0033333333333333335	0.002	0.002	0.0006666666666666666	0.0013333333333333333	0.0006666666666666666	0.002	0.0	0.0	0.0	0.0	0.0	0.0	0.0	0.0	0.0	0.0	0.0	0.0	0.0	0.0	0.0	0.0	0.0	0.0	0.0	0.0	0.0	0.0	0.0	0.0	0.0	0.0	0.0	0.0	0.0	0.0	0.0	0.0	0.0	0.0	0.0	0.0	0.0	0.0	0.0	0.0	0.0	0.0	0.0	0.0	0.0	0.0	0.0	0.0	0.0	0.0	0.0	0.0	0.0	0.0	0.0	0.0	0.0	0.0	0.0	0.0	0.0	0.0	0.0	0.0	0.0	0.0	0.0	0.0	0.0	
0.4806666666666667	0.13133333333333333	0.202	0.2693333333333333	0.20333333333333334	0.07	0.11533333333333333	0.19133333333333333	0.11266666666666666	0.058	0.05466666666666667	0.07733333333333334	0.052	0.03866666666666667	0.04	0.035333333333333335	0.018	0.014	0.011333333333333334	0.010666666666666666	0.004666666666666667	0.008666666666666666	0.011333333333333334	0.0013333333333333333	0.0006666666666666666	0.0006666666666666666	0.0006666666666666666	0.002	0.0	0.0006666666666666666	0.0006666666666666666	0.0	0.0	0.0	0.0	0.0	0.0	0.0	0.0	0.0	0.0	0.0	0.0	0.0	0.0	0.0	0.0	0.0	0.0	0.0	0.0	0.0	0.0	0.0	0.0	0.0	0.0	0.0	0.0	0.0	0.0	0.0	0.0	0.0	0.0	0.0	0.0	0.0	0.0	0.0	0.0	0.0	0.0	0.0	0.0	0.0	0.0	0.0	0.0	0.0	0.0	0.0	0.0	0.0	0.0	0.0	0.0	0.0	0.0	0.0	0.0	0.0	0.0	0.0	0.0	0.0	0.0	0.0	0.0	
0.44733333333333336	0.136	0.18066666666666667	0.23533333333333334	0.17266666666666666	0.06133333333333333	0.08533333333333333	0.18266666666666667	0.10066666666666667	0.06933333333333333	0.051333333333333335	0.07266666666666667	0.04933333333333333	0.04466666666666667	0.02666666666666667	0.036	0.021333333333333333	0.019333333333333334	0.005333333333333333	0.008666666666666666	0.008666666666666666	0.008	0.006666666666666667	0.0033333333333333335	0.0013333333333333333	0.0006666666666666666	0.002	0.0	0.0013333333333333333	0.0026666666666666666	0.0	0.0013333333333333333	0.0	0.0006666666666666666	0.0013333333333333333	0.0	0.0	0.0	0.0	0.0	0.0	0.0	0.0	0.0	0.0	0.0	0.0	0.0	0.0	0.0	0.0	0.0	0.0	0.0	0.0	0.0	0.0	0.0	0.0	0.0	0.0	0.0	0.0	0.0	0.0	0.0	0.0	0.0	0.0	0.0	0.0	0.0	0.0	0.0	0.0	0.0	0.0	0.0	0.0	0.0	0.0	0.0	0.0	0.0	0.0	0.0	0.0	0.0	0.0	0.0	0.0	0.0	0.0	0.0	0.0	0.0	0.0	0.0	0.0	
0.46066666666666667	0.12333333333333334	0.18266666666666667	0.26	0.18333333333333332	0.05333333333333334	0.106	0.172	0.10666666666666667	0.06933333333333333	0.06	0.08133333333333333	0.046	0.034666666666666665	0.04	0.034	0.02	0.014666666666666666	0.008666666666666666	0.01	0.008	0.008666666666666666	0.01	0.005333333333333333	0.0013333333333333333	0.0013333333333333333	0.0	0.002	0.0006666666666666666	0.0013333333333333333	0.0006666666666666666	0.0	0.0	0.0006666666666666666	0.0	0.0	0.0	0.0	0.0	0.0	0.0	0.0	0.0	0.0	0.0	0.0	0.0	0.0	0.0	0.0	0.0	0.0	0.0	0.0	0.0	0.0	0.0	0.0	0.0	0.0	0.0	0.0	0.0	0.0	0.0	0.0	0.0	0.0	0.0	0.0	0.0	0.0	0.0	0.0	0.0	0.0	0.0	0.0	0.0	0.0	0.0	0.0	0.0	0.0	0.0	0.0	0.0	0.0	0.0	0.0	0.0	0.0	0.0	0.0	0.0	0.0	0.0	0.0	0.0	
0.44133333333333336	0.126	0.18066666666666667	0.23533333333333334	0.16866666666666666	0.07	0.09733333333333333	0.18133333333333335	0.084	0.056	0.05333333333333334	0.06333333333333334	0.04533333333333334	0.04066666666666666	0.023333333333333334	0.03333333333333333	0.018	0.013333333333333334	0.005333333333333333	0.0026666666666666666	0.011333333333333334	0.006666666666666667	0.006	0.005333333333333333	0.0006666666666666666	0.0006666666666666666	0.0006666666666666666	0.0006666666666666666	0.0013333333333333333	0.0006666666666666666	0.0	0.0006666666666666666	0.0	0.0	0.0	0.0	0.0	0.0	0.0	0.0	0.0	0.0	0.0	0.0	0.0	0.0	0.0	0.0	0.0	0.0	0.0	0.0	0.0	0.0	0.0	0.0	0.0	0.0	0.0	0.0	0.0	0.0	0.0	0.0	0.0	0.0	0.0	0.0	0.0	0.0	0.0	0.0	0.0	0.0	0.0	0.0	0.0	0.0	0.0	0.0	0.0	0.0	0.0	0.0	0.0	0.0	0.0	0.0	0.0	0.0	0.0	0.0	0.0	0.0	0.0	0.0	0.0	0.0	0.0	
0.4053333333333333	0.116	0.19133333333333333	0.238	0.19266666666666668	0.06333333333333334	0.08466666666666667	0.15933333333333333	0.09666666666666666	0.050666666666666665	0.058666666666666666	0.06333333333333334	0.05	0.037333333333333336	0.024666666666666667	0.024	0.016666666666666666	0.01	0.004	0.007333333333333333	0.006666666666666667	0.008666666666666666	0.004666666666666667	0.002	0.0033333333333333335	0.0013333333333333333	0.0013333333333333333	0.0013333333333333333	0.0006666666666666666	0.0006666666666666666	0.0	0.0	0.0	0.0	0.0	0.0	0.0	0.0	0.0	0.0	0.0	0.0	0.0	0.0	0.0	0.0	0.0	0.0	0.0	0.0	0.0	0.0	0.0	0.0	0.0	0.0	0.0	0.0	0.0	0.0	0.0	0.0	0.0	0.0	0.0	0.0	0.0	0.0	0.0	0.0	0.0	0.0	0.0	0.0	0.0	0.0	0.0	0.0	0.0	0.0	0.0	0.0	0.0	0.0	0.0	0.0	0.0	0.0	0.0	0.0	0.0	0.0	0.0	0.0	0.0	0.0	0.0	0.0	0.0	
0.4073333333333333	0.10733333333333334	0.18466666666666667	0.208	0.16533333333333333	0.052	0.09733333333333333	0.17066666666666666	0.098	0.05266666666666667	0.048	0.064	0.035333333333333335	0.036	0.029333333333333333	0.034666666666666665	0.017333333333333333	0.006666666666666667	0.009333333333333334	0.006	0.007333333333333333	0.007333333333333333	0.008	0.0026666666666666666	0.002	0.0013333333333333333	0.0006666666666666666	0.0006666666666666666	0.0	0.0	0.0	0.0	0.0006666666666666666	0.0	0.0	0.0	0.0	0.0	0.0	0.0	0.0	0.0	0.0	0.0	0.0	0.0	0.0	0.0	0.0	0.0	0.0	0.0	0.0	0.0	0.0	0.0	0.0	0.0	0.0	0.0	0.0	0.0	0.0	0.0	0.0	0.0	0.0	0.0	0.0	0.0	0.0	0.0	0.0	0.0	0.0	0.0	0.0	0.0	0.0	0.0	0.0	0.0	0.0	0.0	0.0	0.0	0.0	0.0	0.0	0.0	0.0	0.0	0.0	0.0	0.0	0.0	0.0	0.0	0.0	
0.384	0.108	0.17533333333333334	0.23333333333333334	0.148	0.058	0.08933333333333333	0.162	0.09533333333333334	0.064	0.05	0.074	0.043333333333333335	0.03133333333333333	0.025333333333333333	0.024666666666666667	0.016666666666666666	0.010666666666666666	0.006666666666666667	0.008	0.006666666666666667	0.010666666666666666	0.004666666666666667	0.002	0.0013333333333333333	0.002	0.0013333333333333333	0.0006666666666666666	0.0	0.0	0.0006666666666666666	0.0	0.0	0.0	0.0	0.0	0.0	0.0	0.0	0.0	0.0	0.0	0.0	0.0	0.0	0.0	0.0	0.0	0.0	0.0	0.0	0.0	0.0	0.0	0.0	0.0	0.0	0.0	0.0	0.0	0.0	0.0	0.0	0.0	0.0	0.0	0.0	0.0	0.0	0.0	0.0	0.0	0.0	0.0	0.0	0.0	0.0	0.0	0.0	0.0	0.0	0.0	0.0	0.0	0.0	0.0	0.0	0.0	0.0	0.0	0.0	0.0	0.0	0.0	0.0	0.0	0.0	0.0	0.0	
0.37266666666666665	0.10266666666666667	0.18666666666666668	0.22333333333333333	0.16	0.06866666666666667	0.08866666666666667	0.16266666666666665	0.10333333333333333	0.04733333333333333	0.056666666666666664	0.058	0.04066666666666666	0.044	0.035333333333333335	0.04066666666666666	0.013333333333333334	0.012666666666666666	0.005333333333333333	0.007333333333333333	0.005333333333333333	0.004	0.008	0.002	0.002	0.0	0.0013333333333333333	0.0006666666666666666	0.0006666666666666666	0.0	0.0	0.0	0.0	0.0	0.0	0.0	0.0	0.0	0.0	0.0	0.0	0.0	0.0	0.0	0.0	0.0	0.0	0.0	0.0	0.0	0.0	0.0	0.0	0.0	0.0	0.0	0.0	0.0	0.0	0.0	0.0	0.0	0.0	0.0	0.0	0.0	0.0	0.0	0.0	0.0	0.0	0.0	0.0	0.0	0.0	0.0	0.0	0.0	0.0	0.0	0.0	0.0	0.0	0.0	0.0	0.0	0.0	0.0	0.0	0.0	0.0	0.0	0.0	0.0	0.0	0.0	0.0	0.0	0.0	
0.37066666666666664	0.10466666666666667	0.174	0.21266666666666667	0.16066666666666668	0.056666666666666664	0.088	0.16666666666666666	0.08	0.056	0.048666666666666664	0.06066666666666667	0.03666666666666667	0.04133333333333333	0.028666666666666667	0.02666666666666667	0.016	0.008666666666666666	0.006666666666666667	0.01	0.007333333333333333	0.006	0.005333333333333333	0.002	0.002	0.0033333333333333335	0.0	0.0013333333333333333	0.0006666666666666666	0.002	0.0	0.0	0.0	0.0	0.0	0.0	0.0	0.0	0.0	0.0	0.0	0.0	0.0	0.0	0.0	0.0	0.0	0.0	0.0	0.0	0.0	0.0	0.0	0.0	0.0	0.0	0.0	0.0	0.0	0.0	0.0	0.0	0.0	0.0	0.0	0.0	0.0	0.0	0.0	0.0	0.0	0.0	0.0	0.0	0.0	0.0	0.0	0.0	0.0	0.0	0.0	0.0	0.0	0.0	0.0	0.0	0.0	0.0	0.0	0.0	0.0	0.0	0.0	0.0	0.0	0.0	0.0	0.0	0.0	
0.3913333333333333	0.08266666666666667	0.152	0.218	0.14	0.05466666666666667	0.07666666666666666	0.162	0.08933333333333333	0.04533333333333334	0.04466666666666667	0.066	0.03666666666666667	0.02666666666666667	0.029333333333333333	0.028666666666666667	0.017333333333333333	0.011333333333333334	0.006	0.009333333333333334	0.005333333333333333	0.006	0.008	0.0033333333333333335	0.0033333333333333335	0.0006666666666666666	0.0033333333333333335	0.0006666666666666666	0.0	0.0	0.0	0.0	0.0	0.0	0.0	0.0	0.0	0.0	0.0	0.0	0.0	0.0	0.0	0.0	0.0	0.0	0.0	0.0	0.0	0.0	0.0	0.0	0.0	0.0	0.0	0.0	0.0	0.0	0.0	0.0	0.0	0.0	0.0	0.0	0.0	0.0	0.0	0.0	0.0	0.0	0.0	0.0	0.0	0.0	0.0	0.0	0.0	0.0	0.0	0.0	0.0	0.0	0.0	0.0	0.0	0.0	0.0	0.0	0.0	0.0	0.0	0.0	0.0	0.0	0.0	0.0	0.0	0.0	0.0	
0.37133333333333335	0.094	0.15266666666666667	0.21	0.15933333333333333	0.043333333333333335	0.08066666666666666	0.148	0.08533333333333333	0.050666666666666665	0.03666666666666667	0.06133333333333333	0.048666666666666664	0.025333333333333333	0.027333333333333334	0.032	0.015333333333333332	0.01	0.007333333333333333	0.0033333333333333335	0.004	0.005333333333333333	0.004666666666666667	0.002	0.0006666666666666666	0.0013333333333333333	0.0006666666666666666	0.0	0.0	0.0033333333333333335	0.0	0.0	0.0	0.0	0.0	0.0	0.0	0.0	0.0	0.0	0.0	0.0	0.0	0.0	0.0	0.0	0.0	0.0	0.0	0.0	0.0	0.0	0.0	0.0	0.0	0.0	0.0	0.0	0.0	0.0	0.0	0.0	0.0	0.0	0.0	0.0	0.0	0.0	0.0	0.0	0.0	0.0	0.0	0.0	0.0	0.0	0.0	0.0	0.0	0.0	0.0	0.0	0.0	0.0	0.0	0.0	0.0	0.0	0.0	0.0	0.0	0.0	0.0	0.0	0.0	0.0	0.0	0.0	0.0	
0.328	0.09066666666666667	0.164	0.18266666666666667	0.14133333333333334	0.05466666666666667	0.09066666666666667	0.13866666666666666	0.07666666666666666	0.044	0.032	0.056	0.037333333333333336	0.03133333333333333	0.029333333333333333	0.020666666666666667	0.011333333333333334	0.008	0.004	0.004666666666666667	0.004	0.007333333333333333	0.0026666666666666666	0.0033333333333333335	0.0006666666666666666	0.0013333333333333333	0.002	0.0	0.0006666666666666666	0.0	0.0	0.0	0.0	0.0	0.0	0.0	0.0	0.0	0.0	0.0	0.0	0.0	0.0	0.0	0.0	0.0	0.0	0.0	0.0	0.0	0.0	0.0	0.0	0.0	0.0	0.0	0.0	0.0	0.0	0.0	0.0	0.0	0.0	0.0	0.0	0.0	0.0	0.0	0.0	0.0	0.0	0.0	0.0	0.0	0.0	0.0	0.0	0.0	0.0	0.0	0.0	0.0	0.0	0.0	0.0	0.0	0.0	0.0	0.0	0.0	0.0	0.0	0.0	0.0	0.0	0.0	0.0	0.0	0.0	
0.3526666666666667	0.08333333333333333	0.16266666666666665	0.21533333333333332	0.14466666666666667	0.03866666666666667	0.08333333333333333	0.13866666666666666	0.086	0.034666666666666665	0.04533333333333334	0.043333333333333335	0.04133333333333333	0.030666666666666665	0.024666666666666667	0.027333333333333334	0.016666666666666666	0.009333333333333334	0.01	0.008666666666666666	0.004666666666666667	0.005333333333333333	0.006666666666666667	0.002	0.0013333333333333333	0.0026666666666666666	0.0013333333333333333	0.0	0.0	0.0	0.0	0.0	0.0	0.0	0.0	0.0	0.0	0.0	0.0	0.0	0.0	0.0	0.0	0.0	0.0	0.0	0.0	0.0	0.0	0.0	0.0	0.0	0.0	0.0	0.0	0.0	0.0	0.0	0.0	0.0	0.0	0.0	0.0	0.0	0.0	0.0	0.0	0.0	0.0	0.0	0.0	0.0	0.0	0.0	0.0	0.0	0.0	0.0	0.0	0.0	0.0	0.0	0.0	0.0	0.0	0.0	0.0	0.0	0.0	0.0	0.0	0.0	0.0	0.0	0.0	0.0	0.0	0.0	0.0	
0.35933333333333334	0.08866666666666667	0.16333333333333333	0.20866666666666667	0.148	0.042666666666666665	0.07666666666666666	0.12733333333333333	0.074	0.04466666666666667	0.04733333333333333	0.042666666666666665	0.03666666666666667	0.038	0.023333333333333334	0.026	0.012666666666666666	0.01	0.005333333333333333	0.006666666666666667	0.0033333333333333335	0.0006666666666666666	0.0026666666666666666	0.002	0.0013333333333333333	0.0033333333333333335	0.0013333333333333333	0.0	0.0	0.0	0.0	0.0	0.0	0.0	0.0	0.0	0.0	0.0	0.0	0.0	0.0	0.0	0.0	0.0	0.0	0.0	0.0	0.0	0.0	0.0	0.0	0.0	0.0	0.0	0.0	0.0	0.0	0.0	0.0	0.0	0.0	0.0	0.0	0.0	0.0	0.0	0.0	0.0	0.0	0.0	0.0	0.0	0.0	0.0	0.0	0.0	0.0	0.0	0.0	0.0	0.0	0.0	0.0	0.0	0.0	0.0	0.0	0.0	0.0	0.0	0.0	0.0	0.0	0.0	0.0	0.0	0.0	0.0	0.0	
0.33866666666666667	0.09333333333333334	0.14666666666666667	0.19266666666666668	0.14	0.04466666666666667	0.07066666666666667	0.136	0.07933333333333334	0.05333333333333334	0.042666666666666665	0.052	0.028	0.028	0.026	0.026	0.02266666666666667	0.008666666666666666	0.0013333333333333333	0.0026666666666666666	0.0033333333333333335	0.002	0.005333333333333333	0.0026666666666666666	0.0006666666666666666	0.0006666666666666666	0.0006666666666666666	0.0	0.0006666666666666666	0.0	0.0	0.0	0.0	0.0	0.0	0.0	0.0	0.0	0.0	0.0	0.0	0.0	0.0	0.0	0.0	0.0	0.0	0.0	0.0	0.0	0.0	0.0	0.0	0.0	0.0	0.0	0.0	0.0	0.0	0.0	0.0	0.0	0.0	0.0	0.0	0.0	0.0	0.0	0.0	0.0	0.0	0.0	0.0	0.0	0.0	0.0	0.0	0.0	0.0	0.0	0.0	0.0	0.0	0.0	0.0	0.0	0.0	0.0	0.0	0.0	0.0	0.0	0.0	0.0	0.0	0.0	0.0	0.0	0.0	
0.32066666666666666	0.08133333333333333	0.13333333333333333	0.19066666666666668	0.126	0.05333333333333334	0.07333333333333333	0.13533333333333333	0.059333333333333335	0.04533333333333334	0.04133333333333333	0.06133333333333333	0.036	0.016666666666666666	0.021333333333333333	0.024666666666666667	0.013333333333333334	0.006	0.007333333333333333	0.006	0.005333333333333333	0.0033333333333333335	0.004	0.0013333333333333333	0.0026666666666666666	0.0013333333333333333	0.0	0.0006666666666666666	0.0006666666666666666	0.0	0.0006666666666666666	0.0013333333333333333	0.0	0.0	0.0	0.0	0.0	0.0	0.0	0.0	0.0	0.0	0.0	0.0	0.0	0.0	0.0	0.0	0.0	0.0	0.0	0.0	0.0	0.0	0.0	0.0	0.0	0.0	0.0	0.0	0.0	0.0	0.0	0.0	0.0	0.0	0.0	0.0	0.0	0.0	0.0	0.0	0.0	0.0	0.0	0.0	0.0	0.0	0.0	0.0	0.0	0.0	0.0	0.0	0.0	0.0	0.0	0.0	0.0	0.0	0.0	0.0	0.0	0.0	0.0	0.0	0.0	0.0	0.0	
0.292	0.08266666666666667	0.12733333333333333	0.17266666666666666	0.13466666666666666	0.054	0.07133333333333333	0.13733333333333334	0.09	0.04466666666666667	0.036	0.04533333333333334	0.034	0.028	0.025333333333333333	0.024666666666666667	0.012666666666666666	0.006666666666666667	0.006666666666666667	0.008	0.0026666666666666666	0.006	0.004	0.0026666666666666666	0.002	0.0	0.0006666666666666666	0.0006666666666666666	0.002	0.0	0.0	0.0	0.0	0.0	0.0	0.0	0.0	0.0	0.0	0.0	0.0	0.0	0.0	0.0	0.0	0.0	0.0	0.0	0.0	0.0	0.0	0.0	0.0	0.0	0.0	0.0	0.0	0.0	0.0	0.0	0.0	0.0	0.0	0.0	0.0	0.0	0.0	0.0	0.0	0.0	0.0	0.0	0.0	0.0	0.0	0.0	0.0	0.0	0.0	0.0	0.0	0.0	0.0	0.0	0.0	0.0	0.0	0.0	0.0	0.0	0.0	0.0	0.0	0.0	0.0	0.0	0.0	0.0	0.0	
0.304	0.08266666666666667	0.14066666666666666	0.174	0.122	0.036	0.07333333333333333	0.13533333333333333	0.068	0.04066666666666666	0.038	0.04466666666666667	0.032	0.025333333333333333	0.02266666666666667	0.027333333333333334	0.012666666666666666	0.007333333333333333	0.008	0.006666666666666667	0.006666666666666667	0.005333333333333333	0.002	0.0013333333333333333	0.0013333333333333333	0.0013333333333333333	0.0006666666666666666	0.0	0.0006666666666666666	0.0006666666666666666	0.0	0.0013333333333333333	0.0	0.0	0.0	0.0	0.0	0.0	0.0	0.0	0.0	0.0	0.0	0.0	0.0	0.0	0.0	0.0	0.0	0.0	0.0	0.0	0.0	0.0	0.0	0.0	0.0	0.0	0.0	0.0	0.0	0.0	0.0	0.0	0.0	0.0	0.0	0.0	0.0	0.0	0.0	0.0	0.0	0.0	0.0	0.0	0.0	0.0	0.0	0.0	0.0	0.0	0.0	0.0	0.0	0.0	0.0	0.0	0.0	0.0	0.0	0.0	0.0	0.0	0.0	0.0	0.0	0.0	0.0	
0.2806666666666667	0.066	0.12	0.17733333333333334	0.128	0.029333333333333333	0.07	0.12333333333333334	0.07866666666666666	0.035333333333333335	0.037333333333333336	0.05	0.03266666666666666	0.02266666666666667	0.024666666666666667	0.022	0.006666666666666667	0.004	0.006666666666666667	0.005333333333333333	0.004666666666666667	0.004	0.006	0.004	0.0	0.0	0.0	0.0033333333333333335	0.0006666666666666666	0.0	0.0	0.0	0.0	0.0	0.0	0.0	0.0	0.0	0.0	0.0	0.0	0.0	0.0	0.0	0.0	0.0	0.0	0.0	0.0	0.0	0.0	0.0	0.0	0.0	0.0	0.0	0.0	0.0	0.0	0.0	0.0	0.0	0.0	0.0	0.0	0.0	0.0	0.0	0.0	0.0	0.0	0.0	0.0	0.0	0.0	0.0	0.0	0.0	0.0	0.0	0.0	0.0	0.0	0.0	0.0	0.0	0.0	0.0	0.0	0.0	0.0	0.0	0.0	0.0	0.0	0.0	0.0	0.0	0.0	
0.31733333333333336	0.07	0.118	0.168	0.12266666666666666	0.042	0.062	0.13066666666666665	0.06266666666666666	0.03133333333333333	0.036	0.04	0.03266666666666666	0.03133333333333333	0.014	0.022	0.009333333333333334	0.012666666666666666	0.002	0.006666666666666667	0.0033333333333333335	0.004666666666666667	0.004	0.0006666666666666666	0.0006666666666666666	0.002	0.0006666666666666666	0.0	0.0	0.0	0.0	0.0	0.0	0.0006666666666666666	0.0006666666666666666	0.0	0.0	0.0	0.0	0.0	0.0	0.0	0.0	0.0	0.0	0.0	0.0	0.0	0.0	0.0	0.0	0.0	0.0	0.0	0.0	0.0	0.0	0.0	0.0	0.0	0.0	0.0	0.0	0.0	0.0	0.0	0.0	0.0	0.0	0.0	0.0	0.0	0.0	0.0	0.0	0.0	0.0	0.0	0.0	0.0	0.0	0.0	0.0	0.0	0.0	0.0	0.0	0.0	0.0	0.0	0.0	0.0	0.0	0.0	0.0	0.0	0.0	0.0	0.0	
0.2826666666666667	0.068	0.11266666666666666	0.17333333333333334	0.12866666666666668	0.032	0.06133333333333333	0.13133333333333333	0.05333333333333334	0.030666666666666665	0.04133333333333333	0.044	0.029333333333333333	0.028666666666666667	0.017333333333333333	0.028	0.014666666666666666	0.008	0.005333333333333333	0.005333333333333333	0.004666666666666667	0.0026666666666666666	0.0013333333333333333	0.0026666666666666666	0.0	0.002	0.0	0.0	0.0013333333333333333	0.0006666666666666666	0.0	0.0	0.0	0.0	0.0006666666666666666	0.0	0.0	0.0	0.0	0.0	0.0	0.0	0.0	0.0	0.0	0.0	0.0	0.0	0.0	0.0	0.0	0.0	0.0	0.0	0.0	0.0	0.0	0.0	0.0	0.0	0.0	0.0	0.0	0.0	0.0	0.0	0.0	0.0	0.0	0.0	0.0	0.0	0.0	0.0	0.0	0.0	0.0	0.0	0.0	0.0	0.0	0.0	0.0	0.0	0.0	0.0	0.0	0.0	0.0	0.0	0.0	0.0	0.0	0.0	0.0	0.0	0.0	0.0	0.0	
0.2986666666666667	0.07733333333333334	0.11866666666666667	0.16	0.11266666666666666	0.03266666666666666	0.058666666666666666	0.12066666666666667	0.064	0.04	0.024666666666666667	0.04466666666666667	0.032	0.027333333333333334	0.028666666666666667	0.013333333333333334	0.007333333333333333	0.009333333333333334	0.0033333333333333335	0.005333333333333333	0.007333333333333333	0.005333333333333333	0.0026666666666666666	0.0033333333333333335	0.0013333333333333333	0.0	0.0006666666666666666	0.0013333333333333333	0.0006666666666666666	0.0	0.0	0.0	0.0	0.0	0.0	0.0	0.0	0.0	0.0	0.0	0.0	0.0	0.0	0.0	0.0	0.0	0.0	0.0	0.0	0.0	0.0	0.0	0.0	0.0	0.0	0.0	0.0	0.0	0.0	0.0	0.0	0.0	0.0	0.0	0.0	0.0	0.0	0.0	0.0	0.0	0.0	0.0	0.0	0.0	0.0	0.0	0.0	0.0	0.0	0.0	0.0	0.0	0.0	0.0	0.0	0.0	0.0	0.0	0.0	0.0	0.0	0.0	0.0	0.0	0.0	0.0	0.0	0.0	0.0	
0.282	0.06666666666666667	0.11333333333333333	0.156	0.10533333333333333	0.03866666666666667	0.06866666666666667	0.11466666666666667	0.07066666666666667	0.036	0.04066666666666666	0.03666666666666667	0.022	0.029333333333333333	0.021333333333333333	0.018666666666666668	0.012666666666666666	0.006666666666666667	0.004	0.004	0.008666666666666666	0.006	0.0033333333333333335	0.0026666666666666666	0.0006666666666666666	0.0013333333333333333	0.0	0.0	0.0	0.0	0.0	0.0006666666666666666	0.0	0.0	0.0	0.0	0.0	0.0	0.0	0.0	0.0	0.0	0.0	0.0	0.0	0.0	0.0	0.0	0.0	0.0	0.0	0.0	0.0	0.0	0.0	0.0	0.0	0.0	0.0	0.0	0.0	0.0	0.0	0.0	0.0	0.0	0.0	0.0	0.0	0.0	0.0	0.0	0.0	0.0	0.0	0.0	0.0	0.0	0.0	0.0	0.0	0.0	0.0	0.0	0.0	0.0	0.0	0.0	0.0	0.0	0.0	0.0	0.0	0.0	0.0	0.0	0.0	0.0	0.0	
0.278	0.066	0.12133333333333333	0.156	0.12066666666666667	0.032	0.058666666666666666	0.104	0.05266666666666667	0.036	0.03666666666666667	0.04	0.02666666666666667	0.018	0.023333333333333334	0.019333333333333334	0.008	0.0033333333333333335	0.007333333333333333	0.004	0.0026666666666666666	0.002	0.004666666666666667	0.002	0.0	0.0006666666666666666	0.0013333333333333333	0.0	0.0006666666666666666	0.0	0.0	0.0	0.0006666666666666666	0.0	0.0	0.0	0.0	0.0	0.0	0.0	0.0	0.0	0.0	0.0	0.0	0.0	0.0	0.0	0.0	0.0	0.0	0.0	0.0	0.0	0.0	0.0	0.0	0.0	0.0	0.0	0.0	0.0	0.0	0.0	0.0	0.0	0.0	0.0	0.0	0.0	0.0	0.0	0.0	0.0	0.0	0.0	0.0	0.0	0.0	0.0	0.0	0.0	0.0	0.0	0.0	0.0	0.0	0.0	0.0	0.0	0.0	0.0	0.0	0.0	0.0	0.0	0.0	0.0	0.0	
0.2966666666666667	0.05733333333333333	0.114	0.15133333333333332	0.10866666666666666	0.032	0.05333333333333334	0.10733333333333334	0.04933333333333333	0.028	0.03333333333333333	0.03933333333333333	0.021333333333333333	0.022	0.016666666666666666	0.028	0.006	0.006	0.006666666666666667	0.004666666666666667	0.0026666666666666666	0.0033333333333333335	0.0033333333333333335	0.0013333333333333333	0.0	0.0006666666666666666	0.0	0.0013333333333333333	0.0006666666666666666	0.0006666666666666666	0.0006666666666666666	0.0	0.0	0.0	0.0	0.0	0.0	0.0	0.0	0.0	0.0	0.0	0.0	0.0	0.0	0.0	0.0	0.0	0.0	0.0	0.0	0.0	0.0	0.0	0.0	0.0	0.0	0.0	0.0	0.0	0.0	0.0	0.0	0.0	0.0	0.0	0.0	0.0	0.0	0.0	0.0	0.0	0.0	0.0	0.0	0.0	0.0	0.0	0.0	0.0	0.0	0.0	0.0	0.0	0.0	0.0	0.0	0.0	0.0	0.0	0.0	0.0	0.0	0.0	0.0	0.0	0.0	0.0	0.0	
0.24	0.076	0.10133333333333333	0.14133333333333334	0.09933333333333333	0.034666666666666665	0.04933333333333333	0.11866666666666667	0.058666666666666666	0.027333333333333334	0.023333333333333334	0.037333333333333336	0.027333333333333334	0.016	0.014666666666666666	0.016	0.01	0.006	0.0026666666666666666	0.0006666666666666666	0.004666666666666667	0.004	0.002	0.0006666666666666666	0.0006666666666666666	0.0	0.0013333333333333333	0.0006666666666666666	0.0013333333333333333	0.0006666666666666666	0.0	0.0	0.0	0.0006666666666666666	0.0	0.0	0.0	0.0	0.0	0.0	0.0	0.0	0.0	0.0	0.0	0.0	0.0	0.0	0.0	0.0	0.0	0.0	0.0	0.0	0.0	0.0	0.0	0.0	0.0	0.0	0.0	0.0	0.0	0.0	0.0	0.0	0.0	0.0	0.0	0.0	0.0	0.0	0.0	0.0	0.0	0.0	0.0	0.0	0.0	0.0	0.0	0.0	0.0	0.0	0.0	0.0	0.0	0.0	0.0	0.0	0.0	0.0	0.0	0.0	0.0	0.0	0.0	0.0	0.0	
0.20533333333333334	0.058	0.08466666666666667	0.10533333333333333	0.08	0.028666666666666667	0.058666666666666666	0.07333333333333333	0.056666666666666664	0.017333333333333333	0.02666666666666667	0.035333333333333335	0.018	0.018	0.016	0.016	0.006666666666666667	0.005333333333333333	0.004666666666666667	0.0033333333333333335	0.0033333333333333335	0.0013333333333333333	0.0006666666666666666	0.0006666666666666666	0.0	0.0	0.0033333333333333335	0.0006666666666666666	0.0	0.0	0.0013333333333333333	0.0	0.0	0.0	0.0	0.0	0.0	0.0	0.0	0.0	0.0	0.0	0.0	0.0	0.0	0.0	0.0	0.0	0.0	0.0	0.0	0.0	0.0	0.0	0.0	0.0	0.0	0.0	0.0	0.0	0.0	0.0	0.0	0.0	0.0	0.0	0.0	0.0	0.0	0.0	0.0	0.0	0.0	0.0	0.0	0.0	0.0	0.0	0.0	0.0	0.0	0.0	0.0	0.0	0.0	0.0	0.0	0.0	0.0	0.0	0.0	0.0	0.0	0.0	0.0	0.0	0.0	0.0	0.0	
0.19866666666666666	0.03933333333333333	0.08266666666666667	0.11533333333333333	0.078	0.024666666666666667	0.050666666666666665	0.07266666666666667	0.037333333333333336	0.022	0.027333333333333334	0.027333333333333334	0.015333333333333332	0.007333333333333333	0.011333333333333334	0.009333333333333334	0.008666666666666666	0.004	0.004666666666666667	0.002	0.004666666666666667	0.005333333333333333	0.004	0.0006666666666666666	0.0006666666666666666	0.0	0.0	0.0	0.0	0.0006666666666666666	0.0	0.0	0.0	0.0	0.0	0.0	0.0	0.0	0.0	0.0	0.0	0.0	0.0	0.0	0.0	0.0	0.0	0.0	0.0	0.0	0.0	0.0	0.0	0.0	0.0	0.0	0.0	0.0	0.0	0.0	0.0	0.0	0.0	0.0	0.0	0.0	0.0	0.0	0.0	0.0	0.0	0.0	0.0	0.0	0.0	0.0	0.0	0.0	0.0	0.0	0.0	0.0	0.0	0.0	0.0	0.0	0.0	0.0	0.0	0.0	0.0	0.0	0.0	0.0	0.0	0.0	0.0	0.0	0.0	
0.168	0.02666666666666667	0.07533333333333334	0.08266666666666667	0.06933333333333333	0.012	0.03	0.082	0.042	0.011333333333333334	0.023333333333333334	0.022	0.014666666666666666	0.016	0.008666666666666666	0.014	0.004666666666666667	0.0026666666666666666	0.006	0.0006666666666666666	0.002	0.002	0.0013333333333333333	0.0013333333333333333	0.0006666666666666666	0.0	0.0	0.0013333333333333333	0.0	0.0006666666666666666	0.0	0.0	0.0	0.0	0.0	0.0	0.0	0.0	0.0	0.0	0.0	0.0	0.0	0.0	0.0	0.0	0.0	0.0	0.0	0.0	0.0	0.0	0.0	0.0	0.0	0.0	0.0	0.0	0.0	0.0	0.0	0.0	0.0	0.0	0.0	0.0	0.0	0.0	0.0	0.0	0.0	0.0	0.0	0.0	0.0	0.0	0.0	0.0	0.0	0.0	0.0	0.0	0.0	0.0	0.0	0.0	0.0	0.0	0.0	0.0	0.0	0.0	0.0	0.0	0.0	0.0	0.0	0.0	0.0	
0.15666666666666668	0.04533333333333334	0.06066666666666667	0.082	0.07	0.025333333333333333	0.04	0.05533333333333333	0.04066666666666666	0.014	0.02	0.025333333333333333	0.017333333333333333	0.011333333333333334	0.014	0.016	0.006	0.0033333333333333335	0.0026666666666666666	0.0013333333333333333	0.0006666666666666666	0.002	0.0026666666666666666	0.0013333333333333333	0.0006666666666666666	0.0	0.0	0.0006666666666666666	0.0	0.0	0.0	0.0	0.0	0.0	0.0	0.0	0.0	0.0	0.0	0.0	0.0	0.0	0.0	0.0	0.0	0.0	0.0	0.0	0.0	0.0	0.0	0.0	0.0	0.0	0.0	0.0	0.0	0.0	0.0	0.0	0.0	0.0	0.0	0.0	0.0	0.0	0.0	0.0	0.0	0.0	0.0	0.0	0.0	0.0	0.0	0.0	0.0	0.0	0.0	0.0	0.0	0.0	0.0	0.0	0.0	0.0	0.0	0.0	0.0	0.0	0.0	0.0	0.0	0.0	0.0	0.0	0.0	0.0	0.0	
0.138	0.04	0.05533333333333333	0.084	0.062	0.02	0.026	0.051333333333333335	0.03133333333333333	0.016666666666666666	0.018	0.014	0.007333333333333333	0.012	0.009333333333333334	0.011333333333333334	0.007333333333333333	0.004	0.004666666666666667	0.0006666666666666666	0.0033333333333333335	0.0006666666666666666	0.0006666666666666666	0.002	0.0	0.0	0.0	0.0013333333333333333	0.0006666666666666666	0.0	0.0006666666666666666	0.0	0.0	0.0	0.0	0.0	0.0	0.0	0.0	0.0	0.0	0.0	0.0	0.0	0.0	0.0	0.0	0.0	0.0	0.0	0.0	0.0	0.0	0.0	0.0	0.0	0.0	0.0	0.0	0.0	0.0	0.0	0.0	0.0	0.0	0.0	0.0	0.0	0.0	0.0	0.0	0.0	0.0	0.0	0.0	0.0	0.0	0.0	0.0	0.0	0.0	0.0	0.0	0.0	0.0	0.0	0.0	0.0	0.0	0.0	0.0	0.0	0.0	0.0	0.0	0.0	0.0	0.0	0.0	
0.13466666666666666	0.028666666666666667	0.05733333333333333	0.06866666666666667	0.044	0.011333333333333334	0.027333333333333334	0.043333333333333335	0.027333333333333334	0.018	0.015333333333333332	0.02	0.009333333333333334	0.006	0.012666666666666666	0.008	0.006666666666666667	0.0026666666666666666	0.002	0.0013333333333333333	0.002	0.0013333333333333333	0.0013333333333333333	0.0006666666666666666	0.0006666666666666666	0.0	0.0	0.0	0.0	0.0	0.0	0.0	0.0	0.0	0.0	0.0	0.0	0.0	0.0	0.0	0.0	0.0	0.0	0.0	0.0	0.0	0.0	0.0	0.0	0.0	0.0	0.0	0.0	0.0	0.0	0.0	0.0	0.0	0.0	0.0	0.0	0.0	0.0	0.0	0.0	0.0	0.0	0.0	0.0	0.0	0.0	0.0	0.0	0.0	0.0	0.0	0.0	0.0	0.0	0.0	0.0	0.0	0.0	0.0	0.0	0.0	0.0	0.0	0.0	0.0	0.0	0.0	0.0	0.0	0.0	0.0	0.0	0.0	0.0	
0.11333333333333333	0.018	0.052	0.07	0.048666666666666664	0.012666666666666666	0.021333333333333333	0.044	0.024666666666666667	0.020666666666666667	0.01	0.02	0.014	0.009333333333333334	0.006666666666666667	0.011333333333333334	0.007333333333333333	0.002	0.0026666666666666666	0.0006666666666666666	0.0006666666666666666	0.0	0.0	0.0	0.0	0.0	0.0	0.0	0.0006666666666666666	0.0	0.0	0.0006666666666666666	0.0	0.0	0.0	0.0	0.0	0.0	0.0	0.0	0.0	0.0	0.0	0.0	0.0	0.0	0.0	0.0	0.0	0.0	0.0	0.0	0.0	0.0	0.0	0.0	0.0	0.0	0.0	0.0	0.0	0.0	0.0	0.0	0.0	0.0	0.0	0.0	0.0	0.0	0.0	0.0	0.0	0.0	0.0	0.0	0.0	0.0	0.0	0.0	0.0	0.0	0.0	0.0	0.0	0.0	0.0	0.0	0.0	0.0	0.0	0.0	0.0	0.0	0.0	0.0	0.0	0.0	0.0	
0.09666666666666666	0.019333333333333334	0.04533333333333334	0.06466666666666666	0.04533333333333334	0.011333333333333334	0.020666666666666667	0.048	0.02266666666666667	0.009333333333333334	0.010666666666666666	0.016666666666666666	0.01	0.009333333333333334	0.008	0.006666666666666667	0.006	0.004	0.002	0.0013333333333333333	0.0006666666666666666	0.0013333333333333333	0.0033333333333333335	0.0	0.0	0.0	0.0006666666666666666	0.0	0.0	0.0	0.0	0.0006666666666666666	0.0	0.0	0.0	0.0	0.0	0.0	0.0	0.0	0.0	0.0	0.0	0.0	0.0	0.0	0.0	0.0	0.0	0.0	0.0	0.0	0.0	0.0	0.0	0.0	0.0	0.0	0.0	0.0	0.0	0.0	0.0	0.0	0.0	0.0	0.0	0.0	0.0	0.0	0.0	0.0	0.0	0.0	0.0	0.0	0.0	0.0	0.0	0.0	0.0	0.0	0.0	0.0	0.0	0.0	0.0	0.0	0.0	0.0	0.0	0.0	0.0	0.0	0.0	0.0	0.0	0.0	0.0	
0.088	0.020666666666666667	0.04666666666666667	0.06733333333333333	0.037333333333333336	0.013333333333333334	0.019333333333333334	0.036	0.025333333333333333	0.006	0.009333333333333334	0.02	0.012	0.008	0.008	0.010666666666666666	0.0	0.0013333333333333333	0.004	0.0006666666666666666	0.0006666666666666666	0.0013333333333333333	0.002	0.0	0.0	0.0006666666666666666	0.0	0.0	0.0	0.0	0.0	0.0	0.0	0.0	0.0	0.0	0.0	0.0	0.0	0.0	0.0	0.0	0.0	0.0	0.0	0.0	0.0	0.0	0.0	0.0	0.0	0.0	0.0	0.0	0.0	0.0	0.0	0.0	0.0	0.0	0.0	0.0	0.0	0.0	0.0	0.0	0.0	0.0	0.0	0.0	0.0	0.0	0.0	0.0	0.0	0.0	0.0	0.0	0.0	0.0	0.0	0.0	0.0	0.0	0.0	0.0	0.0	0.0	0.0	0.0	0.0	0.0	0.0	0.0	0.0	0.0	0.0	0.0	0.0	
0.086	0.017333333333333333	0.042	0.059333333333333335	0.03	0.014	0.015333333333333332	0.030666666666666665	0.014	0.012	0.012	0.018	0.007333333333333333	0.006	0.006666666666666667	0.0026666666666666666	0.0013333333333333333	0.0026666666666666666	0.0033333333333333335	0.0006666666666666666	0.0006666666666666666	0.002	0.0	0.0	0.0006666666666666666	0.0	0.0	0.0	0.0	0.0	0.0	0.0	0.0	0.0	0.0	0.0	0.0	0.0	0.0	0.0	0.0	0.0	0.0	0.0	0.0	0.0	0.0	0.0	0.0	0.0	0.0	0.0	0.0	0.0	0.0	0.0	0.0	0.0	0.0	0.0	0.0	0.0	0.0	0.0	0.0	0.0	0.0	0.0	0.0	0.0	0.0	0.0	0.0	0.0	0.0	0.0	0.0	0.0	0.0	0.0	0.0	0.0	0.0	0.0	0.0	0.0	0.0	0.0	0.0	0.0	0.0	0.0	0.0	0.0	0.0	0.0	0.0	0.0	0.0	
0.096	0.012666666666666666	0.037333333333333336	0.05266666666666667	0.023333333333333334	0.007333333333333333	0.02266666666666667	0.03933333333333333	0.017333333333333333	0.012666666666666666	0.008	0.01	0.014	0.005333333333333333	0.006	0.004666666666666667	0.004666666666666667	0.002	0.0	0.0006666666666666666	0.0013333333333333333	0.0013333333333333333	0.0013333333333333333	0.0	0.0	0.0006666666666666666	0.0	0.0	0.0	0.0	0.0	0.0	0.0	0.0	0.0	0.0	0.0	0.0	0.0	0.0	0.0	0.0	0.0	0.0	0.0	0.0	0.0	0.0	0.0	0.0	0.0	0.0	0.0	0.0	0.0	0.0	0.0	0.0	0.0	0.0	0.0	0.0	0.0	0.0	0.0	0.0	0.0	0.0	0.0	0.0	0.0	0.0	0.0	0.0	0.0	0.0	0.0	0.0	0.0	0.0	0.0	0.0	0.0	0.0	0.0	0.0	0.0	0.0	0.0	0.0	0.0	0.0	0.0	0.0	0.0	0.0	0.0	0.0	0.0	
0.07466666666666667	0.014	0.030666666666666665	0.04666666666666667	0.032	0.010666666666666666	0.014666666666666666	0.02666666666666667	0.02	0.008666666666666666	0.01	0.010666666666666666	0.007333333333333333	0.01	0.006	0.004666666666666667	0.004	0.0013333333333333333	0.0006666666666666666	0.0013333333333333333	0.0026666666666666666	0.0006666666666666666	0.0006666666666666666	0.0006666666666666666	0.0	0.0013333333333333333	0.0006666666666666666	0.0	0.0	0.0	0.0	0.0	0.0	0.0	0.0	0.0	0.0	0.0	0.0	0.0	0.0	0.0	0.0	0.0	0.0	0.0	0.0	0.0	0.0	0.0	0.0	0.0	0.0	0.0	0.0	0.0	0.0	0.0	0.0	0.0	0.0	0.0	0.0	0.0	0.0	0.0	0.0	0.0	0.0	0.0	0.0	0.0	0.0	0.0	0.0	0.0	0.0	0.0	0.0	0.0	0.0	0.0	0.0	0.0	0.0	0.0	0.0	0.0	0.0	0.0	0.0	0.0	0.0	0.0	0.0	0.0	0.0	0.0	0.0	
0.068	0.017333333333333333	0.025333333333333333	0.03666666666666667	0.024666666666666667	0.008	0.017333333333333333	0.04533333333333334	0.018666666666666668	0.007333333333333333	0.010666666666666666	0.011333333333333334	0.006	0.004666666666666667	0.007333333333333333	0.0033333333333333335	0.0026666666666666666	0.0	0.0006666666666666666	0.0013333333333333333	0.0	0.002	0.0	0.0	0.0	0.0	0.0	0.0	0.0	0.0	0.0	0.0	0.0	0.0006666666666666666	0.0	0.0	0.0	0.0	0.0	0.0	0.0	0.0	0.0	0.0	0.0	0.0	0.0	0.0	0.0	0.0	0.0	0.0	0.0	0.0	0.0	0.0	0.0	0.0	0.0	0.0	0.0	0.0	0.0	0.0	0.0	0.0	0.0	0.0	0.0	0.0	0.0	0.0	0.0	0.0	0.0	0.0	0.0	0.0	0.0	0.0	0.0	0.0	0.0	0.0	0.0	0.0	0.0	0.0	0.0	0.0	0.0	0.0	0.0	0.0	0.0	0.0	0.0	0.0	0.0	
0.06333333333333334	0.013333333333333334	0.03133333333333333	0.037333333333333336	0.015333333333333332	0.005333333333333333	0.012666666666666666	0.024666666666666667	0.011333333333333334	0.008	0.007333333333333333	0.010666666666666666	0.008	0.004666666666666667	0.004	0.006	0.0026666666666666666	0.0013333333333333333	0.0013333333333333333	0.0006666666666666666	0.0006666666666666666	0.0013333333333333333	0.0006666666666666666	0.0	0.0	0.0	0.0	0.0	0.0	0.0	0.0	0.0	0.0	0.0	0.0	0.0	0.0	0.0	0.0	0.0	0.0	0.0	0.0	0.0	0.0	0.0	0.0	0.0	0.0	0.0	0.0	0.0	0.0	0.0	0.0	0.0	0.0	0.0	0.0	0.0	0.0	0.0	0.0	0.0	0.0	0.0	0.0	0.0	0.0	0.0	0.0	0.0	0.0	0.0	0.0	0.0	0.0	0.0	0.0	0.0	0.0	0.0	0.0	0.0	0.0	0.0	0.0	0.0	0.0	0.0	0.0	0.0	0.0	0.0	0.0	0.0	0.0	0.0	0.0	
0.05733333333333333	0.006	0.020666666666666667	0.03666666666666667	0.015333333333333332	0.007333333333333333	0.01	0.020666666666666667	0.019333333333333334	0.004	0.004666666666666667	0.009333333333333334	0.005333333333333333	0.0033333333333333335	0.0033333333333333335	0.0033333333333333335	0.0033333333333333335	0.0	0.0006666666666666666	0.0006666666666666666	0.0006666666666666666	0.0013333333333333333	0.002	0.0	0.0	0.0	0.0	0.0	0.0006666666666666666	0.0	0.0	0.0	0.0	0.0	0.0	0.0	0.0	0.0	0.0	0.0	0.0	0.0	0.0	0.0	0.0	0.0	0.0	0.0	0.0	0.0	0.0	0.0	0.0	0.0	0.0	0.0	0.0	0.0	0.0	0.0	0.0	0.0	0.0	0.0	0.0	0.0	0.0	0.0	0.0	0.0	0.0	0.0	0.0	0.0	0.0	0.0	0.0	0.0	0.0	0.0	0.0	0.0	0.0	0.0	0.0	0.0	0.0	0.0	0.0	0.0	0.0	0.0	0.0	0.0	0.0	0.0	0.0	0.0	0.0	
0.06666666666666667	0.006	0.02266666666666667	0.038	0.021333333333333333	0.0033333333333333335	0.01	0.03266666666666666	0.011333333333333334	0.0026666666666666666	0.007333333333333333	0.01	0.004666666666666667	0.0033333333333333335	0.004666666666666667	0.0026666666666666666	0.0026666666666666666	0.0006666666666666666	0.0006666666666666666	0.002	0.0	0.0006666666666666666	0.0	0.0006666666666666666	0.0	0.0	0.0	0.0	0.0	0.0	0.0	0.0	0.0	0.0	0.0006666666666666666	0.0	0.0	0.0	0.0	0.0	0.0	0.0	0.0	0.0	0.0	0.0	0.0	0.0	0.0	0.0	0.0	0.0	0.0	0.0	0.0	0.0	0.0	0.0	0.0	0.0	0.0	0.0	0.0	0.0	0.0	0.0	0.0	0.0	0.0	0.0	0.0	0.0	0.0	0.0	0.0	0.0	0.0	0.0	0.0	0.0	0.0	0.0	0.0	0.0	0.0	0.0	0.0	0.0	0.0	0.0	0.0	0.0	0.0	0.0	0.0	0.0	0.0	0.0	0.0	
0.059333333333333335	0.009333333333333334	0.016	0.028666666666666667	0.02	0.005333333333333333	0.008	0.012666666666666666	0.015333333333333332	0.004666666666666667	0.005333333333333333	0.008666666666666666	0.006666666666666667	0.004666666666666667	0.002	0.005333333333333333	0.0013333333333333333	0.0006666666666666666	0.0	0.0013333333333333333	0.0	0.0006666666666666666	0.0	0.0	0.0	0.0	0.0	0.0	0.0	0.0	0.0	0.0	0.0	0.0	0.0	0.0	0.0	0.0	0.0	0.0	0.0	0.0	0.0	0.0	0.0	0.0	0.0	0.0	0.0	0.0	0.0	0.0	0.0	0.0	0.0	0.0	0.0	0.0	0.0	0.0	0.0	0.0	0.0	0.0	0.0	0.0	0.0	0.0	0.0	0.0	0.0	0.0	0.0	0.0	0.0	0.0	0.0	0.0	0.0	0.0	0.0	0.0	0.0	0.0	0.0	0.0	0.0	0.0	0.0	0.0	0.0	0.0	0.0	0.0	0.0	0.0	0.0	0.0	0.0	
0.04666666666666667	0.008	0.017333333333333333	0.029333333333333333	0.02	0.0033333333333333335	0.008666666666666666	0.015333333333333332	0.009333333333333334	0.0013333333333333333	0.006	0.007333333333333333	0.0033333333333333335	0.004	0.002	0.0013333333333333333	0.0033333333333333335	0.0006666666666666666	0.002	0.002	0.0006666666666666666	0.0013333333333333333	0.0	0.0	0.0	0.0	0.0	0.0	0.0	0.0	0.0	0.0	0.0	0.0	0.0	0.0	0.0	0.0	0.0	0.0	0.0	0.0	0.0	0.0	0.0	0.0	0.0	0.0	0.0	0.0	0.0	0.0	0.0	0.0	0.0	0.0	0.0	0.0	0.0	0.0	0.0	0.0	0.0	0.0	0.0	0.0	0.0	0.0	0.0	0.0	0.0	0.0	0.0	0.0	0.0	0.0	0.0	0.0	0.0	0.0	0.0	0.0	0.0	0.0	0.0	0.0	0.0	0.0	0.0	0.0	0.0	0.0	0.0	0.0	0.0	0.0	0.0	0.0	0.0	
0.03933333333333333	0.006	0.013333333333333334	0.02	0.018	0.005333333333333333	0.010666666666666666	0.014666666666666666	0.007333333333333333	0.0026666666666666666	0.004	0.007333333333333333	0.0026666666666666666	0.0006666666666666666	0.0026666666666666666	0.004666666666666667	0.0013333333333333333	0.0006666666666666666	0.0	0.0	0.0006666666666666666	0.0	0.0006666666666666666	0.0	0.0	0.0	0.0	0.0	0.0	0.0	0.0	0.0	0.0	0.0	0.0	0.0	0.0	0.0	0.0	0.0	0.0	0.0	0.0	0.0	0.0	0.0	0.0	0.0	0.0	0.0	0.0	0.0	0.0	0.0	0.0	0.0	0.0	0.0	0.0	0.0	0.0	0.0	0.0	0.0	0.0	0.0	0.0	0.0	0.0	0.0	0.0	0.0	0.0	0.0	0.0	0.0	0.0	0.0	0.0	0.0	0.0	0.0	0.0	0.0	0.0	0.0	0.0	0.0	0.0	0.0	0.0	0.0	0.0	0.0	0.0	0.0	0.0	0.0	0.0	
