0.01	0.5149494949494949	1.0198989898989899	1.5248484848484847	2.0297979797979795	2.5347474747474745	3.039696969696969	3.544646464646464	4.049595959595959	4.554545454545454	5.059494949494949	5.564444444444444	6.0693939393939385	6.574343434343434	7.0792929292929285	7.584242424242424	8.089191919191919	8.594141414141413	9.099090909090908	9.604040404040404	10.108989898989899	10.613939393939393	11.118888888888888	11.623838383838383	12.128787878787877	12.633737373737373	13.138686868686868	13.643636363636363	14.148585858585857	14.653535353535352	15.158484848484848	15.663434343434343	16.16838383838384	16.673333333333336	17.17828282828283	17.683232323232325	18.188181818181818	18.693131313131314	19.19808080808081	19.703030303030303	20.2079797979798	20.712929292929292	21.21787878787879	21.722828282828285	22.227777777777778	22.732727272727274	23.237676767676767	23.742626262626263	24.247575757575756	24.752525252525253	25.25747474747475	25.762424242424242	26.267373737373738	26.77232323232323	27.277272727272727	27.782222222222224	28.287171717171717	28.792121212121213	29.297070707070706	29.802020202020202	30.3069696969697	30.81191919191919	31.316868686868688	31.82181818181818	32.32676767676767	32.831717171717166	33.336666666666666	33.84161616161616	34.34656565656565	34.851515151515144	35.356464646464644	35.86141414141414	36.36636363636363	36.87131313131313	37.37626262626262	37.881212121212116	38.386161616161615	38.89111111111111	39.3960606060606	39.901010101010094	40.405959595959594	40.91090909090909	41.41585858585858	41.92080808080808	42.42575757575757	42.930707070707065	43.435656565656565	43.94060606060606	44.44555555555555	44.95050505050504	45.45545454545454	45.960404040404036	46.46535353535353	46.97030303030303	47.47525252525252	47.980202020202015	48.48515151515151	48.99010101010101	49.4950505050505	50.0	
36.282666666666664	19.557333333333332	24.281333333333333	29.087333333333333	24.136666666666667	15.094	12.350666666666667	10.978	15.724666666666666	17.819333333333333	17.008666666666667	13.785333333333334	10.928	9.445333333333334	8.286666666666667	7.42	9.694	9.569333333333333	9.205333333333334	8.352666666666666	6.425333333333334	5.854	5.541333333333333	5.506	5.8726666666666665	5.87	5.168666666666667	4.972	4.711333333333333	3.7533333333333334	3.3493333333333335	3.192	3.2186666666666666	3.1226666666666665	2.992	2.8773333333333335	2.6293333333333333	2.354	2.006	1.798	1.7906666666666666	1.6766666666666667	1.658	1.524	1.4886666666666666	1.3273333333333333	1.2286666666666666	1.1373333333333333	1.1113333333333333	1.0133333333333334	0.9173333333333333	0.8666666666666667	0.8206666666666667	0.7613333333333333	0.7193333333333334	0.71	0.676	0.6426666666666667	0.598	0.542	0.49733333333333335	0.472	0.4166666666666667	0.41133333333333333	0.38333333333333336	0.35933333333333334	0.346	0.3353333333333333	0.31533333333333335	0.2926666666666667	0.2753333333333333	0.282	0.26866666666666666	0.2633333333333333	0.24	0.23533333333333334	0.23	0.21933333333333332	0.206	0.17466666666666666	0.17066666666666666	0.14666666666666667	0.13133333333333333	0.11933333333333333	0.11733333333333333	0.11533333333333333	0.12333333333333334	0.11333333333333333	0.10733333333333334	0.106	0.09666666666666666	0.08533333333333333	0.09	0.07933333333333334	0.07866666666666666	0.06866666666666667	0.064	0.05333333333333334	0.06666666666666667	
35.73266666666667	19.471333333333334	23.874666666666666	28.688666666666666	24.176666666666666	14.790666666666667	12.06	10.824666666666667	15.589333333333334	17.596	16.623333333333335	13.678666666666667	10.972666666666667	9.413333333333334	8.255333333333333	7.265333333333333	9.612	9.617333333333333	9.112	8.219333333333333	6.3966666666666665	5.729333333333333	5.520666666666667	5.546666666666667	5.784	5.8	5.18	4.897333333333333	4.5873333333333335	3.698	3.3493333333333335	3.2053333333333334	3.235333333333333	3.1046666666666667	2.9093333333333335	2.703333333333333	2.668	2.3313333333333333	1.9693333333333334	1.8626666666666667	1.7493333333333334	1.7253333333333334	1.5386666666666666	1.5033333333333334	1.4746666666666666	1.3473333333333333	1.174	1.118	1.0473333333333332	1.032	0.8973333333333333	0.8346666666666667	0.8586666666666667	0.77	0.7246666666666667	0.7253333333333334	0.6926666666666667	0.6453333333333333	0.5853333333333334	0.5373333333333333	0.46066666666666667	0.45866666666666667	0.3953333333333333	0.4013333333333333	0.4053333333333333	0.36733333333333335	0.334	0.338	0.2853333333333333	0.28933333333333333	0.2906666666666667	0.2673333333333333	0.28	0.23533333333333334	0.21866666666666668	0.21333333333333335	0.22133333333333333	0.17333333333333334	0.16866666666666666	0.16333333333333333	0.16	0.16733333333333333	0.13466666666666666	0.11733333333333333	0.11333333333333333	0.122	0.09333333333333334	0.1	0.11466666666666667	0.106	0.09333333333333334	0.09266666666666666	0.06533333333333333	0.08333333333333333	0.06533333333333333	0.07466666666666667	0.06533333333333333	0.059333333333333335	0.056	
35.38466666666667	19.256666666666668	23.788	28.23	24.029333333333334	14.825333333333333	12.034	10.66	15.402	17.446666666666665	16.636	13.638	10.740666666666666	9.222	7.892666666666667	7.195333333333333	9.551333333333334	9.547333333333333	8.992	8.236666666666666	6.312666666666667	5.675333333333334	5.39	5.4013333333333335	5.712	5.731333333333334	5.136666666666667	4.769333333333333	4.435333333333333	3.5753333333333335	3.251333333333333	3.184	3.1893333333333334	3.016	2.937333333333333	2.7613333333333334	2.6266666666666665	2.3653333333333335	1.902	1.8266666666666667	1.746	1.6766666666666667	1.5733333333333333	1.4753333333333334	1.368	1.3	1.1946666666666668	1.068	1.064	0.9753333333333334	0.9253333333333333	0.8406666666666667	0.8646666666666667	0.7626666666666667	0.7506666666666667	0.696	0.6366666666666667	0.6353333333333333	0.5726666666666667	0.5206666666666667	0.49266666666666664	0.44333333333333336	0.432	0.37866666666666665	0.396	0.35933333333333334	0.35133333333333333	0.31733333333333336	0.2926666666666667	0.25933333333333336	0.2773333333333333	0.258	0.24266666666666667	0.236	0.20466666666666666	0.23533333333333334	0.21133333333333335	0.19733333333333333	0.16666666666666666	0.204	0.17666666666666667	0.15466666666666667	0.11933333333333333	0.12	0.11533333333333333	0.10133333333333333	0.10933333333333334	0.12133333333333333	0.106	0.10533333333333333	0.094	0.07733333333333334	0.08266666666666667	0.07733333333333334	0.068	0.068	0.06333333333333334	0.06333333333333334	0.05733333333333333	
35.138666666666666	18.99	23.601333333333333	27.873333333333335	23.779333333333334	14.44	11.961333333333334	10.407333333333334	15.246	17.375333333333334	16.459333333333333	13.376	10.759333333333334	9.102666666666666	7.934666666666667	7.152666666666667	9.452	9.418666666666667	8.808	8.063333333333333	6.2	5.452	5.330666666666667	5.404	5.623333333333333	5.612	5.0	4.792	4.416	3.4873333333333334	3.1666666666666665	3.1346666666666665	3.0593333333333335	2.9713333333333334	2.9286666666666665	2.78	2.6286666666666667	2.3313333333333333	1.9206666666666667	1.802	1.6813333333333333	1.6033333333333333	1.5506666666666666	1.426	1.4266666666666667	1.2753333333333334	1.1786666666666668	1.0873333333333333	1.0346666666666666	0.9813333333333333	0.8633333333333333	0.8013333333333333	0.7786666666666666	0.7946666666666666	0.7113333333333334	0.682	0.6346666666666667	0.6093333333333333	0.58	0.5273333333333333	0.45266666666666666	0.4266666666666667	0.41133333333333333	0.36533333333333334	0.384	0.3393333333333333	0.316	0.31666666666666665	0.2806666666666667	0.254	0.2713333333333333	0.25	0.22	0.248	0.24133333333333334	0.21066666666666667	0.18933333333333333	0.18733333333333332	0.16866666666666666	0.166	0.15	0.13666666666666666	0.12	0.11733333333333333	0.11933333333333333	0.11266666666666666	0.10466666666666667	0.10133333333333333	0.09466666666666666	0.08666666666666667	0.09333333333333334	0.08333333333333333	0.07333333333333333	0.074	0.076	0.06133333333333333	0.07533333333333334	0.06066666666666667	0.059333333333333335	
34.910666666666664	18.52466666666667	23.350666666666665	27.92866666666667	23.395333333333333	14.206666666666667	11.628666666666666	10.343333333333334	15.095333333333333	17.13533333333333	16.13	13.340666666666667	10.504666666666667	9.066666666666666	7.798	6.926666666666667	9.351333333333333	9.372	8.640666666666666	7.980666666666667	6.158666666666667	5.485333333333333	5.184	5.343333333333334	5.676666666666667	5.682666666666667	4.892	4.683333333333334	4.326666666666667	3.473333333333333	3.1886666666666668	3.0846666666666667	3.066	2.9646666666666666	2.9086666666666665	2.723333333333333	2.508	2.2946666666666666	1.9	1.7166666666666666	1.6726666666666667	1.6613333333333333	1.51	1.464	1.4253333333333333	1.2893333333333334	1.1626666666666667	1.0726666666666667	1.0446666666666666	0.94	0.8353333333333334	0.8213333333333334	0.7713333333333333	0.752	0.6673333333333333	0.6853333333333333	0.6553333333333333	0.6346666666666667	0.55	0.46	0.45466666666666666	0.41933333333333334	0.39	0.36666666666666664	0.33866666666666667	0.36466666666666664	0.30866666666666664	0.282	0.2813333333333333	0.26066666666666666	0.25066666666666665	0.23333333333333334	0.22266666666666668	0.264	0.216	0.21866666666666668	0.20533333333333334	0.15733333333333333	0.168	0.15	0.15466666666666667	0.11866666666666667	0.14133333333333334	0.106	0.11133333333333334	0.104	0.096	0.10066666666666667	0.10266666666666667	0.09866666666666667	0.086	0.07333333333333333	0.08133333333333333	0.06733333333333333	0.06266666666666666	0.07733333333333334	0.06666666666666667	0.068	0.06066666666666667	
34.623333333333335	18.340666666666667	23.046666666666667	27.659333333333333	23.082	14.14	11.596	10.254	15.011333333333333	17.131333333333334	16.146	13.117333333333333	10.556	8.919333333333332	7.738	6.9	9.106666666666667	9.244	8.816666666666666	8.036	5.995333333333333	5.4366666666666665	5.259333333333333	5.286666666666667	5.528666666666667	5.517333333333333	4.856	4.698	4.322666666666667	3.45	3.1393333333333335	3.005333333333333	3.041333333333333	2.9833333333333334	2.8293333333333335	2.6613333333333333	2.486666666666667	2.291333333333333	1.7926666666666666	1.7493333333333334	1.704	1.5806666666666667	1.474	1.448	1.3253333333333333	1.2606666666666666	1.1326666666666667	1.0473333333333332	1.0133333333333334	0.9193333333333333	0.8546666666666667	0.812	0.758	0.7113333333333334	0.6866666666666666	0.628	0.6613333333333333	0.62	0.5506666666666666	0.4613333333333333	0.4	0.3993333333333333	0.3933333333333333	0.3453333333333333	0.3446666666666667	0.3273333333333333	0.2986666666666667	0.27266666666666667	0.2733333333333333	0.268	0.248	0.24333333333333335	0.224	0.228	0.23666666666666666	0.20266666666666666	0.192	0.162	0.154	0.134	0.13333333333333333	0.144	0.11666666666666667	0.118	0.112	0.10533333333333333	0.11533333333333333	0.09866666666666667	0.08266666666666667	0.086	0.088	0.09066666666666667	0.08333333333333333	0.07133333333333333	0.07266666666666667	0.06866666666666667	0.05533333333333333	0.06066666666666667	0.043333333333333335	
34.547333333333334	18.298666666666666	22.986666666666668	27.522666666666666	22.964666666666666	13.882666666666667	11.297333333333333	10.268666666666666	14.786666666666667	17.084	15.822666666666667	13.040666666666667	10.499333333333333	8.768	7.633333333333334	6.785333333333333	9.238	9.199333333333334	8.767333333333333	7.734666666666667	6.028	5.316666666666666	5.13	5.296666666666667	5.572	5.519333333333333	5.017333333333333	4.629333333333333	4.259333333333333	3.3586666666666667	3.1053333333333333	3.044	2.949333333333333	2.906	2.7853333333333334	2.72	2.5406666666666666	2.236	1.7666666666666666	1.7593333333333334	1.6326666666666667	1.5853333333333333	1.4826666666666666	1.416	1.29	1.1913333333333334	1.1746666666666667	1.0566666666666666	1.0006666666666666	0.948	0.8506666666666667	0.7806666666666666	0.744	0.736	0.6713333333333333	0.6506666666666666	0.6146666666666667	0.5973333333333334	0.5546666666666666	0.5	0.41	0.404	0.39066666666666666	0.3606666666666667	0.364	0.31466666666666665	0.3233333333333333	0.27066666666666667	0.2833333333333333	0.2673333333333333	0.26666666666666666	0.252	0.242	0.23133333333333334	0.21933333333333332	0.19266666666666668	0.20533333333333334	0.18	0.16466666666666666	0.13133333333333333	0.15666666666666668	0.124	0.10466666666666667	0.10266666666666667	0.10933333333333334	0.1	0.1	0.08666666666666667	0.088	0.08933333333333333	0.08666666666666667	0.068	0.076	0.06666666666666667	0.07466666666666667	0.06133333333333333	0.07266666666666667	0.058	0.058	
34.01866666666667	18.07133333333333	22.696	27.216666666666665	22.72533333333333	13.757333333333333	11.16	10.125333333333334	14.612	16.777333333333335	15.794666666666666	12.988	10.223333333333333	8.585333333333333	7.364	6.575333333333333	8.938666666666666	8.964	8.574666666666667	7.838	6.020666666666667	5.298	5.132666666666666	5.17	5.41	5.45	4.951333333333333	4.626666666666667	4.155333333333333	3.3373333333333335	3.037333333333333	2.8713333333333333	3.0726666666666667	2.8553333333333333	2.756666666666667	2.5933333333333333	2.4286666666666665	2.1666666666666665	1.8193333333333332	1.6753333333333333	1.6393333333333333	1.5746666666666667	1.4566666666666668	1.392	1.2813333333333334	1.1946666666666668	1.1313333333333333	0.9813333333333333	1.0	0.926	0.8573333333333333	0.8186666666666667	0.7566666666666667	0.706	0.702	0.6533333333333333	0.6093333333333333	0.6026666666666667	0.52	0.464	0.434	0.42533333333333334	0.368	0.3466666666666667	0.32866666666666666	0.31	0.312	0.27066666666666667	0.2673333333333333	0.27066666666666667	0.246	0.22533333333333333	0.212	0.23466666666666666	0.20666666666666667	0.20733333333333334	0.21133333333333335	0.164	0.15133333333333332	0.14	0.13533333333333333	0.12733333333333333	0.13	0.11466666666666667	0.10733333333333334	0.11066666666666666	0.09733333333333333	0.106	0.09066666666666667	0.088	0.08733333333333333	0.086	0.059333333333333335	0.076	0.059333333333333335	0.06933333333333333	0.054	0.04933333333333333	0.044	
33.87266666666667	17.968666666666667	22.487333333333332	27.172	22.565333333333335	13.6	11.065333333333333	10.008666666666667	14.538	16.596666666666668	15.635333333333334	12.773333333333333	10.023333333333333	8.519333333333334	7.454666666666666	6.6786666666666665	8.972666666666667	8.918	8.468	7.548666666666667	5.941333333333334	5.225333333333333	5.025333333333333	5.13	5.344666666666667	5.288	4.728	4.454666666666666	4.19	3.286	3.050666666666667	2.946	3.026666666666667	2.8293333333333335	2.7213333333333334	2.574	2.5046666666666666	2.2546666666666666	1.7206666666666666	1.6446666666666667	1.6093333333333333	1.512	1.4486666666666668	1.3693333333333333	1.3346666666666667	1.184	1.076	0.9926666666666667	0.9353333333333333	0.8446666666666667	0.7866666666666666	0.7846666666666666	0.7493333333333333	0.704	0.6293333333333333	0.6106666666666667	0.5653333333333334	0.5793333333333334	0.54	0.4706666666666667	0.44533333333333336	0.38466666666666666	0.37933333333333336	0.3426666666666667	0.31733333333333336	0.30266666666666664	0.2753333333333333	0.29733333333333334	0.27666666666666667	0.246	0.25866666666666666	0.234	0.22666666666666666	0.23066666666666666	0.19533333333333333	0.188	0.194	0.16266666666666665	0.14266666666666666	0.13933333333333334	0.14466666666666667	0.11733333333333333	0.104	0.11266666666666666	0.10666666666666667	0.09933333333333333	0.09466666666666666	0.096	0.09466666666666666	0.07666666666666666	0.07133333333333333	0.07333333333333333	0.08066666666666666	0.07333333333333333	0.06066666666666667	0.06866666666666667	0.06333333333333334	0.048	0.06133333333333333	
32.786	16.939333333333334	21.583333333333332	26.282666666666668	21.92	13.024666666666667	10.569333333333333	9.298	13.957333333333333	16.002	15.040666666666667	12.096	9.654666666666667	8.188666666666666	7.234666666666667	6.312666666666667	8.638	8.638	8.136666666666667	7.314	5.578	5.026	4.796	4.867333333333334	5.118	5.121333333333333	4.498	4.291333333333333	3.9566666666666666	3.138	2.8726666666666665	2.768666666666667	2.8653333333333335	2.6686666666666667	2.584	2.5246666666666666	2.336	2.148	1.6093333333333333	1.5326666666666666	1.53	1.4746666666666666	1.398	1.3233333333333333	1.236	1.1433333333333333	1.028	0.9873333333333333	0.9026666666666666	0.8246666666666667	0.7613333333333333	0.7453333333333333	0.674	0.6026666666666667	0.6346666666666667	0.58	0.5746666666666667	0.512	0.49666666666666665	0.4493333333333333	0.38466666666666666	0.36533333333333334	0.31933333333333336	0.33	0.28933333333333333	0.262	0.29933333333333334	0.2793333333333333	0.254	0.24333333333333335	0.20733333333333334	0.226	0.20933333333333334	0.20533333333333334	0.19333333333333333	0.188	0.17466666666666666	0.19	0.14866666666666667	0.13266666666666665	0.13066666666666665	0.10933333333333334	0.08466666666666667	0.078	0.09466666666666666	0.10266666666666667	0.07266666666666667	0.08333333333333333	0.06666666666666667	0.074	0.06333333333333334	0.07533333333333334	0.058	0.06466666666666666	0.064	0.06	0.044	0.052	0.04466666666666667	
31.318	16.192	20.742	25.191333333333333	20.947333333333333	12.481333333333334	10.115333333333334	8.909333333333333	13.616666666666667	15.344	14.491333333333333	11.88	9.246666666666666	7.875333333333334	6.736666666666666	5.994	8.193333333333333	8.252666666666666	7.88	7.174	5.406666666666666	4.738	4.616666666666666	4.794666666666667	4.878666666666667	4.954	4.410666666666667	4.140666666666666	3.7146666666666666	2.9353333333333333	2.7946666666666666	2.6353333333333335	2.672	2.5366666666666666	2.4466666666666668	2.3613333333333335	2.26	1.9593333333333334	1.602	1.5146666666666666	1.384	1.3933333333333333	1.3013333333333332	1.2333333333333334	1.1373333333333333	1.046	0.9446666666666667	0.8773333333333333	0.8486666666666667	0.798	0.7546666666666667	0.6533333333333333	0.6266666666666667	0.644	0.5653333333333334	0.5206666666666667	0.5513333333333333	0.5	0.4666666666666667	0.42866666666666664	0.354	0.37066666666666664	0.31266666666666665	0.25333333333333335	0.25666666666666665	0.27066666666666667	0.23333333333333334	0.24533333333333332	0.232	0.21466666666666667	0.21266666666666667	0.198	0.18466666666666667	0.17866666666666667	0.182	0.16666666666666666	0.16866666666666666	0.14933333333333335	0.14133333333333334	0.12	0.12866666666666668	0.102	0.10133333333333333	0.09466666666666666	0.082	0.09066666666666667	0.07733333333333334	0.066	0.08133333333333333	0.07133333333333333	0.06133333333333333	0.062	0.058666666666666666	0.056666666666666664	0.05733333333333333	0.05533333333333333	0.048	0.04466666666666667	0.036	
30.208	15.454	20.237333333333332	24.80666666666667	20.476	11.929333333333334	9.659333333333333	8.54	13.016	15.176666666666666	14.267333333333333	11.386	9.090666666666667	7.556666666666667	6.566	5.748	7.8773333333333335	7.905333333333333	7.684	6.803333333333334	5.161333333333333	4.503333333333333	4.4446666666666665	4.490666666666667	4.677333333333333	4.804666666666667	4.1033333333333335	3.9053333333333335	3.598	2.9106666666666667	2.5813333333333333	2.468	2.6193333333333335	2.437333333333333	2.4406666666666665	2.302	2.1126666666666667	1.938	1.4633333333333334	1.39	1.3646666666666667	1.2293333333333334	1.2006666666666668	1.212	1.1306666666666667	1.012	0.9306666666666666	0.8646666666666667	0.7646666666666667	0.7586666666666667	0.6873333333333334	0.648	0.6013333333333334	0.574	0.5226666666666666	0.518	0.49866666666666665	0.4613333333333333	0.446	0.4	0.31933333333333336	0.33466666666666667	0.2946666666666667	0.2613333333333333	0.258	0.26266666666666666	0.22466666666666665	0.20133333333333334	0.198	0.182	0.2	0.18066666666666667	0.17133333333333334	0.17733333333333334	0.16666666666666666	0.16133333333333333	0.154	0.156	0.144	0.12133333333333333	0.112	0.11133333333333334	0.084	0.08333333333333333	0.08866666666666667	0.08533333333333333	0.064	0.07866666666666666	0.06333333333333334	0.06533333333333333	0.072	0.05733333333333333	0.05733333333333333	0.06733333333333333	0.04666666666666667	0.035333333333333335	0.046	0.04733333333333333	0.038	
29.862666666666666	14.947333333333333	19.760666666666665	24.054666666666666	19.922666666666668	11.600666666666667	9.434666666666667	8.340666666666667	12.747333333333334	14.694666666666667	14.033333333333333	11.174666666666667	8.830666666666668	7.432	6.358666666666666	5.497333333333334	7.857333333333333	7.716666666666667	7.3533333333333335	6.87	5.132	4.367333333333334	4.243333333333333	4.372	4.518	4.68	4.08	3.824	3.51	2.8706666666666667	2.506666666666667	2.3833333333333333	2.518666666666667	2.4093333333333335	2.3446666666666665	2.1526666666666667	2.0833333333333335	1.8313333333333333	1.3806666666666667	1.4053333333333333	1.3346666666666667	1.2333333333333334	1.1306666666666667	1.104	1.0373333333333334	0.9013333333333333	0.8953333333333333	0.8346666666666667	0.7853333333333333	0.7426666666666667	0.664	0.596	0.576	0.5253333333333333	0.5133333333333333	0.4726666666666667	0.4713333333333333	0.45266666666666666	0.4086666666666667	0.4066666666666667	0.33	0.2906666666666667	0.27666666666666667	0.2633333333333333	0.25333333333333335	0.25266666666666665	0.24133333333333334	0.23266666666666666	0.20866666666666667	0.18933333333333333	0.176	0.18466666666666667	0.17733333333333334	0.15533333333333332	0.164	0.14066666666666666	0.128	0.14266666666666666	0.12266666666666666	0.108	0.10666666666666667	0.08666666666666667	0.07733333333333334	0.07666666666666666	0.082	0.07	0.07066666666666667	0.076	0.068	0.06	0.058	0.052	0.054	0.05466666666666667	0.05266666666666667	0.042666666666666665	0.052	0.04466666666666667	0.043333333333333335	
28.933333333333334	14.941333333333333	19.454	23.672666666666668	19.692666666666668	11.464	9.184	8.076666666666666	12.6	14.495333333333333	13.788	11.144666666666666	8.768666666666666	7.165333333333334	6.208	5.4366666666666665	7.726666666666667	7.656	7.324666666666666	6.6466666666666665	5.101333333333334	4.408666666666667	4.1706666666666665	4.28	4.628	4.597333333333333	4.048666666666667	3.735333333333333	3.517333333333333	2.7693333333333334	2.5926666666666667	2.388	2.453333333333333	2.3573333333333335	2.296666666666667	2.176	1.99	1.8526666666666667	1.4186666666666667	1.3153333333333332	1.286	1.2893333333333334	1.112	1.0826666666666667	1.078	0.958	0.866	0.774	0.7666666666666667	0.7053333333333334	0.6386666666666667	0.594	0.5906666666666667	0.514	0.4646666666666667	0.472	0.472	0.43133333333333335	0.37	0.37933333333333336	0.296	0.32266666666666666	0.27	0.296	0.25	0.23	0.21866666666666668	0.20133333333333334	0.17133333333333334	0.20533333333333334	0.188	0.18266666666666667	0.14333333333333334	0.166	0.16333333333333333	0.14333333333333334	0.14333333333333334	0.11933333333333333	0.12866666666666668	0.11066666666666666	0.10266666666666667	0.08533333333333333	0.06666666666666667	0.07933333333333334	0.08066666666666666	0.07	0.068	0.058666666666666666	0.064	0.056666666666666664	0.04733333333333333	0.04533333333333334	0.05266666666666667	0.043333333333333335	0.04666666666666667	0.03266666666666666	0.044	0.034	0.038	
28.997333333333334	14.643333333333333	19.152	23.758	19.586	11.264666666666667	9.117333333333333	8.081333333333333	12.492	14.513333333333334	13.572	11.015333333333333	8.558666666666667	6.999333333333333	6.073333333333333	5.464666666666667	7.632	7.625333333333334	7.318	6.506	4.912	4.335333333333334	4.1193333333333335	4.258666666666667	4.384	4.518	3.962666666666667	3.6626666666666665	3.474	2.780666666666667	2.4046666666666665	2.332	2.4133333333333336	2.316	2.2506666666666666	2.156	2.032	1.7813333333333334	1.41	1.2906666666666666	1.258	1.1993333333333334	1.1386666666666667	1.118	1.044	0.958	0.8433333333333334	0.7986666666666666	0.768	0.732	0.6173333333333333	0.5453333333333333	0.5373333333333333	0.548	0.524	0.452	0.43333333333333335	0.41133333333333333	0.4086666666666667	0.3566666666666667	0.32466666666666666	0.296	0.2886666666666667	0.264	0.24266666666666667	0.25066666666666665	0.19	0.20066666666666666	0.20066666666666666	0.17933333333333334	0.178	0.16133333333333333	0.154	0.16	0.14466666666666667	0.14266666666666666	0.14666666666666667	0.12666666666666668	0.13333333333333333	0.09533333333333334	0.10266666666666667	0.084	0.07466666666666667	0.07466666666666667	0.082	0.058666666666666666	0.072	0.07	0.06866666666666667	0.04733333333333333	0.058	0.04666666666666667	0.056	0.05533333333333333	0.046	0.04	0.032	0.04666666666666667	0.04	
29.040666666666667	14.629333333333333	19.002	23.568666666666665	19.358666666666668	11.144	9.087333333333333	8.154666666666667	12.387333333333334	14.171333333333333	13.795333333333334	10.940666666666667	8.514666666666667	7.092666666666666	6.045333333333334	5.332666666666666	7.624	7.628666666666667	7.224	6.596	4.890666666666666	4.267333333333333	4.0906666666666665	4.18	4.45	4.518666666666666	3.9153333333333333	3.696	3.4006666666666665	2.763333333333333	2.457333333333333	2.3653333333333335	2.3973333333333335	2.286	2.2413333333333334	2.1533333333333333	2.0126666666666666	1.774	1.3526666666666667	1.3273333333333333	1.2546666666666666	1.144	1.134	1.0586666666666666	1.0086666666666666	0.904	0.8306666666666667	0.78	0.742	0.7026666666666667	0.62	0.5806666666666667	0.5406666666666666	0.5186666666666667	0.47733333333333333	0.472	0.432	0.42866666666666664	0.3626666666666667	0.3473333333333333	0.32	0.30266666666666664	0.27066666666666667	0.254	0.25	0.22066666666666668	0.218	0.198	0.19866666666666666	0.18466666666666667	0.17666666666666667	0.17733333333333334	0.16466666666666666	0.14733333333333334	0.13066666666666665	0.13733333333333334	0.124	0.12533333333333332	0.11333333333333333	0.10866666666666666	0.10333333333333333	0.10333333333333333	0.06866666666666667	0.082	0.06466666666666666	0.05466666666666667	0.06866666666666667	0.06666666666666667	0.07466666666666667	0.06133333333333333	0.058666666666666666	0.07066666666666667	0.044	0.05266666666666667	0.03266666666666666	0.048666666666666664	0.03933333333333333	0.024666666666666667	0.035333333333333335	
28.685333333333332	14.535333333333334	19.006666666666668	23.407333333333334	19.437333333333335	10.956	8.962666666666667	7.979333333333333	12.387333333333334	14.272666666666666	13.503333333333334	10.844666666666667	8.366666666666667	7.078	6.018	5.406666666666666	7.483333333333333	7.455333333333333	7.262666666666667	6.6353333333333335	4.883333333333334	4.240666666666667	4.086	4.245333333333333	4.3533333333333335	4.417333333333334	3.9433333333333334	3.7	3.4513333333333334	2.6973333333333334	2.3713333333333333	2.404	2.3826666666666667	2.320666666666667	2.187333333333333	2.0893333333333333	2.006	1.7353333333333334	1.3666666666666667	1.2793333333333334	1.2833333333333334	1.2013333333333334	1.0713333333333332	1.0346666666666666	1.032	0.9446666666666667	0.8286666666666667	0.7686666666666667	0.7473333333333333	0.7366666666666667	0.608	0.6093333333333333	0.542	0.5093333333333333	0.5026666666666667	0.44866666666666666	0.4513333333333333	0.436	0.37866666666666665	0.35733333333333334	0.31933333333333336	0.29533333333333334	0.282	0.24533333333333332	0.24266666666666667	0.21733333333333332	0.186	0.21266666666666667	0.18333333333333332	0.17266666666666666	0.17333333333333334	0.156	0.16066666666666668	0.154	0.14133333333333334	0.154	0.146	0.12066666666666667	0.11866666666666667	0.09666666666666666	0.09866666666666667	0.078	0.07066666666666667	0.07666666666666666	0.07	0.07066666666666667	0.06	0.064	0.06266666666666666	0.059333333333333335	0.04466666666666667	0.034666666666666665	0.044	0.042	0.046	0.04933333333333333	0.03933333333333333	0.030666666666666665	0.035333333333333335	
28.078666666666667	14.155333333333333	18.822	23.100666666666665	19.003333333333334	10.834	8.684666666666667	7.776	12.323333333333334	14.190666666666667	13.422	10.610666666666667	8.377333333333333	6.817333333333333	5.841333333333333	5.237333333333333	7.440666666666667	7.523333333333333	7.120666666666667	6.382666666666666	4.700666666666667	4.120666666666667	4.032666666666667	4.126	4.312666666666667	4.352666666666667	3.8373333333333335	3.5886666666666667	3.294	2.6946666666666665	2.336	2.292666666666667	2.3726666666666665	2.2146666666666666	2.0933333333333333	2.104	1.9526666666666668	1.7953333333333332	1.3533333333333333	1.2606666666666666	1.2806666666666666	1.1673333333333333	1.084	1.054	1.0066666666666666	0.9	0.7673333333333333	0.7713333333333333	0.7446666666666667	0.6786666666666666	0.6106666666666667	0.5486666666666666	0.5293333333333333	0.49866666666666665	0.47333333333333333	0.4513333333333333	0.418	0.3973333333333333	0.38666666666666666	0.33266666666666667	0.3006666666666667	0.278	0.23866666666666667	0.24133333333333334	0.214	0.19866666666666666	0.21133333333333335	0.188	0.16866666666666666	0.16533333333333333	0.162	0.16666666666666666	0.15333333333333332	0.16066666666666668	0.12866666666666668	0.15	0.13666666666666666	0.128	0.11333333333333333	0.10466666666666667	0.088	0.06733333333333333	0.06	0.07266666666666667	0.06	0.07466666666666667	0.06266666666666666	0.058	0.059333333333333335	0.059333333333333335	0.05466666666666667	0.05333333333333334	0.04933333333333333	0.04066666666666666	0.037333333333333336	0.04133333333333333	0.04533333333333334	0.03933333333333333	0.03333333333333333	
27.722666666666665	13.664	18.49	22.944666666666667	18.488	10.538666666666666	8.480666666666666	7.533333333333333	11.741333333333333	13.756	13.15	10.396	8.111333333333333	6.761333333333333	5.87	4.984666666666667	7.149333333333334	7.1706666666666665	6.841333333333333	6.28	4.618	4.147333333333333	3.9506666666666668	4.024666666666667	4.285333333333333	4.258666666666667	3.78	3.5953333333333335	3.1553333333333335	2.648	2.3466666666666667	2.25	2.2213333333333334	2.1846666666666668	2.1426666666666665	2.0153333333333334	1.8846666666666667	1.732	1.2933333333333332	1.2113333333333334	1.2066666666666668	1.146	1.01	1.0513333333333332	0.9826666666666667	0.8933333333333333	0.814	0.732	0.716	0.68	0.6293333333333333	0.5373333333333333	0.514	0.44733333333333336	0.44266666666666665	0.412	0.4206666666666667	0.42866666666666664	0.352	0.32866666666666666	0.30466666666666664	0.28933333333333333	0.24133333333333334	0.22066666666666668	0.23266666666666666	0.20733333333333334	0.18933333333333333	0.17933333333333334	0.16666666666666666	0.172	0.154	0.15133333333333332	0.15	0.14533333333333334	0.13533333333333333	0.13466666666666666	0.124	0.098	0.11	0.10333333333333333	0.08333333333333333	0.092	0.07533333333333334	0.07066666666666667	0.06666666666666667	0.062	0.07466666666666667	0.05466666666666667	0.05733333333333333	0.04933333333333333	0.05	0.05333333333333334	0.048	0.036	0.032	0.03266666666666666	0.030666666666666665	0.028666666666666667	0.025333333333333333	
23.674666666666667	11.564666666666668	15.555333333333333	19.35333333333333	15.744	8.822	7.060666666666667	6.468	10.118	11.791333333333334	11.042	8.743333333333334	6.691333333333334	5.700666666666667	4.752	4.1513333333333335	5.991333333333333	6.25	5.8	5.330666666666667	3.9726666666666666	3.34	3.308	3.376	3.458	3.6653333333333333	3.16	2.984	2.727333333333333	2.1766666666666667	1.9533333333333334	1.8253333333333333	1.8466666666666667	1.8306666666666667	1.7786666666666666	1.666	1.5486666666666666	1.4486666666666668	1.0406666666666666	1.0393333333333334	0.93	0.9293333333333333	0.8753333333333333	0.9073333333333333	0.8073333333333333	0.744	0.6693333333333333	0.6006666666666667	0.598	0.5333333333333333	0.514	0.466	0.422	0.4106666666666667	0.348	0.368	0.3253333333333333	0.33	0.298	0.27	0.22266666666666668	0.22466666666666665	0.186	0.18	0.168	0.14266666666666666	0.15133333333333332	0.14666666666666667	0.138	0.14266666666666666	0.10666666666666667	0.12933333333333333	0.12333333333333334	0.11266666666666666	0.09333333333333334	0.11466666666666667	0.10866666666666666	0.104	0.082	0.09533333333333334	0.07666666666666666	0.06933333333333333	0.04933333333333333	0.052	0.048666666666666664	0.048	0.04	0.043333333333333335	0.046	0.038	0.03333333333333333	0.03333333333333333	0.035333333333333335	0.03	0.029333333333333333	0.029333333333333333	0.037333333333333336	0.024666666666666667	0.034	
19.846	9.693333333333333	13.198666666666666	16.49266666666667	13.482	7.334	5.959333333333333	5.1706666666666665	8.656	10.014666666666667	9.502666666666666	7.532	5.677333333333333	4.784666666666666	3.9246666666666665	3.5986666666666665	5.21	5.227333333333333	5.044	4.532666666666667	3.3313333333333333	2.7813333333333334	2.707333333333333	2.8606666666666665	2.92	3.096	2.666	2.5366666666666666	2.3586666666666667	1.7826666666666666	1.6733333333333333	1.5226666666666666	1.612	1.5473333333333332	1.5133333333333334	1.4406666666666668	1.308	1.148	0.864	0.816	0.8	0.8173333333333334	0.7266666666666667	0.7173333333333334	0.6526666666666666	0.606	0.5953333333333334	0.496	0.49866666666666665	0.454	0.402	0.36	0.326	0.35733333333333334	0.322	0.2966666666666667	0.2906666666666667	0.248	0.25333333333333335	0.21666666666666667	0.198	0.156	0.15466666666666667	0.17266666666666666	0.146	0.11666666666666667	0.126	0.11	0.11666666666666667	0.09933333333333333	0.09733333333333333	0.10733333333333334	0.10466666666666667	0.09266666666666666	0.10066666666666667	0.088	0.08933333333333333	0.08	0.06266666666666666	0.06133333333333333	0.05733333333333333	0.056666666666666664	0.05	0.04666666666666667	0.05333333333333334	0.052	0.044	0.04533333333333334	0.04133333333333333	0.042666666666666665	0.037333333333333336	0.021333333333333333	0.03	0.03133333333333333	0.028666666666666667	0.024	0.019333333333333334	0.024666666666666667	0.02666666666666667	
16.96066666666667	8.132666666666667	11.124	14.256666666666666	11.413333333333334	6.264	5.054666666666667	4.426	7.3373333333333335	8.573333333333334	8.154666666666667	6.232666666666667	4.851333333333334	3.985333333333333	3.308	2.962666666666667	4.492	4.575333333333333	4.238666666666667	3.8713333333333333	2.776666666666667	2.402	2.278	2.3966666666666665	2.6266666666666665	2.624	2.302	2.194	1.9846666666666666	1.504	1.3353333333333333	1.31	1.3253333333333333	1.366	1.2406666666666666	1.2146666666666666	1.126	0.9846666666666667	0.7073333333333334	0.7206666666666667	0.6946666666666667	0.6693333333333333	0.6266666666666667	0.56	0.5546666666666666	0.506	0.43666666666666665	0.39466666666666667	0.43533333333333335	0.36933333333333335	0.33266666666666667	0.2906666666666667	0.2946666666666667	0.24066666666666667	0.264	0.24666666666666667	0.228	0.21533333333333332	0.212	0.17866666666666667	0.15533333333333332	0.15066666666666667	0.13	0.114	0.10533333333333333	0.10666666666666667	0.08666666666666667	0.11266666666666666	0.09866666666666667	0.086	0.08666666666666667	0.07	0.078	0.088	0.07266666666666667	0.068	0.07133333333333333	0.058	0.050666666666666665	0.056666666666666664	0.04733333333333333	0.048666666666666664	0.034	0.028666666666666667	0.03133333333333333	0.028	0.02266666666666667	0.030666666666666665	0.035333333333333335	0.019333333333333334	0.018	0.021333333333333333	0.024666666666666667	0.02	0.021333333333333333	0.027333333333333334	0.022	0.022	0.014666666666666666	
14.628	6.912	9.763333333333334	12.244666666666667	9.860666666666667	5.208	4.182	3.75	6.309333333333333	7.4526666666666666	7.1113333333333335	5.522666666666667	4.1386666666666665	3.3406666666666665	2.828666666666667	2.489333333333333	3.736666666666667	3.9193333333333333	3.6586666666666665	3.3346666666666667	2.418	1.9973333333333334	1.9193333333333333	2.054666666666667	2.1806666666666668	2.176	1.8313333333333333	1.8426666666666667	1.63	1.2326666666666666	1.162	1.09	1.164	1.0993333333333333	1.096	0.9633333333333334	0.9606666666666667	0.8153333333333334	0.6186666666666667	0.5853333333333334	0.5626666666666666	0.5553333333333333	0.4613333333333333	0.4806666666666667	0.486	0.41	0.356	0.35333333333333333	0.35133333333333333	0.3233333333333333	0.2946666666666667	0.24333333333333335	0.22933333333333333	0.224	0.20533333333333334	0.20666666666666667	0.19466666666666665	0.19533333333333333	0.17533333333333334	0.158	0.13866666666666666	0.13733333333333334	0.108	0.09066666666666667	0.09133333333333334	0.086	0.08466666666666667	0.084	0.072	0.07066666666666667	0.06733333333333333	0.058666666666666666	0.048666666666666664	0.062	0.07	0.06133333333333333	0.05333333333333334	0.038	0.046	0.043333333333333335	0.04066666666666666	0.03	0.034	0.025333333333333333	0.02	0.021333333333333333	0.034	0.028666666666666667	0.019333333333333334	0.028666666666666667	0.020666666666666667	0.02266666666666667	0.018	0.022	0.017333333333333333	0.014666666666666666	0.014666666666666666	0.016666666666666666	0.014	
12.612	5.8406666666666665	8.268666666666666	10.458666666666666	8.375333333333334	4.389333333333333	3.488	3.066	5.426666666666667	6.276	6.115333333333333	4.584	3.4606666666666666	2.812	2.3466666666666667	2.14	3.2213333333333334	3.316666666666667	3.11	2.8513333333333333	2.0	1.744	1.6533333333333333	1.7193333333333334	1.88	1.9033333333333333	1.6293333333333333	1.5853333333333333	1.352	1.0326666666666666	0.9366666666666666	0.908	0.93	0.9053333333333333	0.9113333333333333	0.888	0.7933333333333333	0.7213333333333334	0.538	0.496	0.468	0.48333333333333334	0.43666666666666665	0.39	0.37933333333333336	0.35533333333333333	0.31533333333333335	0.3	0.28	0.25666666666666665	0.21466666666666667	0.20266666666666666	0.19	0.20266666666666666	0.176	0.156	0.16866666666666666	0.14133333333333334	0.15266666666666667	0.13066666666666665	0.12133333333333333	0.09866666666666667	0.08733333333333333	0.09466666666666666	0.07733333333333334	0.06666666666666667	0.06533333333333333	0.06133333333333333	0.06066666666666667	0.051333333333333335	0.054	0.058	0.056	0.052	0.05733333333333333	0.05266666666666667	0.04466666666666667	0.03333333333333333	0.04	0.028	0.028666666666666667	0.028	0.027333333333333334	0.022	0.028666666666666667	0.018666666666666668	0.022	0.020666666666666667	0.018	0.018	0.014666666666666666	0.020666666666666667	0.014	0.012666666666666666	0.014666666666666666	0.008	0.01	0.016	0.013333333333333334	
10.808666666666667	4.863333333333333	7.175333333333334	9.191333333333333	7.548	3.644	3.018	2.6053333333333333	4.658666666666667	5.591333333333333	5.325333333333333	3.994	2.945333333333333	2.441333333333333	2.026	1.7493333333333334	2.774	2.834	2.742	2.437333333333333	1.732	1.4426666666666668	1.3993333333333333	1.4266666666666667	1.6046666666666667	1.626	1.3766666666666667	1.32	1.19	0.8846666666666667	0.838	0.788	0.8053333333333333	0.794	0.7553333333333333	0.7526666666666667	0.6793333333333333	0.6113333333333333	0.41733333333333333	0.39066666666666666	0.3953333333333333	0.388	0.358	0.30933333333333335	0.29133333333333333	0.294	0.27	0.21466666666666667	0.24066666666666667	0.21133333333333335	0.20133333333333334	0.166	0.15533333333333332	0.13933333333333334	0.13733333333333334	0.12266666666666666	0.12266666666666666	0.126	0.09933333333333333	0.11666666666666667	0.09	0.07466666666666667	0.064	0.06133333333333333	0.059333333333333335	0.04733333333333333	0.056666666666666664	0.05333333333333334	0.04466666666666667	0.05266666666666667	0.050666666666666665	0.037333333333333336	0.042666666666666665	0.048	0.04466666666666667	0.04066666666666666	0.03266666666666666	0.032	0.038	0.020666666666666667	0.028	0.026	0.024666666666666667	0.022	0.012666666666666666	0.016666666666666666	0.017333333333333333	0.016	0.008666666666666666	0.01	0.014	0.016666666666666666	0.012666666666666666	0.012666666666666666	0.011333333333333334	0.011333333333333334	0.013333333333333334	0.010666666666666666	0.006666666666666667	
9.542666666666667	4.031333333333333	6.160666666666667	7.979333333333333	6.364	3.195333333333333	2.5113333333333334	2.211333333333333	3.9806666666666666	4.799333333333333	4.589333333333333	3.472	2.518	1.96	1.7006666666666668	1.4973333333333334	2.4553333333333334	2.504	2.388	2.2106666666666666	1.4706666666666666	1.226	1.1853333333333333	1.25	1.4113333333333333	1.3826666666666667	1.226	1.1846666666666668	1.0286666666666666	0.7273333333333334	0.6533333333333333	0.6933333333333334	0.73	0.6806666666666666	0.624	0.6466666666666666	0.5786666666666667	0.508	0.392	0.31066666666666665	0.3486666666666667	0.31533333333333335	0.3006666666666667	0.282	0.272	0.25	0.24133333333333334	0.2	0.20066666666666666	0.186	0.164	0.128	0.11866666666666667	0.12066666666666667	0.11866666666666667	0.10666666666666667	0.11266666666666666	0.10133333333333333	0.098	0.08666666666666667	0.07066666666666667	0.07266666666666667	0.06733333333333333	0.05466666666666667	0.04666666666666667	0.044	0.037333333333333336	0.04733333333333333	0.037333333333333336	0.043333333333333335	0.03133333333333333	0.042	0.03133333333333333	0.03133333333333333	0.04	0.032	0.025333333333333333	0.027333333333333334	0.027333333333333334	0.02666666666666667	0.018666666666666668	0.018	0.011333333333333334	0.012	0.014	0.017333333333333333	0.013333333333333334	0.011333333333333334	0.017333333333333333	0.010666666666666666	0.016666666666666666	0.017333333333333333	0.016666666666666666	0.014	0.005333333333333333	0.008666666666666666	0.012	0.010666666666666666	0.008	
8.440666666666667	3.6013333333333333	5.464	7.106	5.679333333333333	2.732	2.1726666666666667	1.91	3.517333333333333	4.268666666666666	3.990666666666667	3.0773333333333333	2.247333333333333	1.7646666666666666	1.4306666666666668	1.2993333333333332	2.216	2.098	2.072	1.8673333333333333	1.316	1.0386666666666666	1.008	1.0666666666666667	1.138	1.1813333333333333	1.05	0.9866666666666667	0.8706666666666667	0.7013333333333334	0.5726666666666667	0.586	0.602	0.5626666666666666	0.542	0.5406666666666666	0.504	0.468	0.30733333333333335	0.29933333333333334	0.294	0.274	0.23866666666666667	0.246	0.24133333333333334	0.194	0.20333333333333334	0.188	0.16133333333333333	0.13733333333333334	0.128	0.12066666666666667	0.10933333333333334	0.10666666666666667	0.10333333333333333	0.09466666666666666	0.08866666666666667	0.08666666666666667	0.092	0.07466666666666667	0.056	0.05533333333333333	0.048	0.04133333333333333	0.04666666666666667	0.04933333333333333	0.03333333333333333	0.03866666666666667	0.03	0.036	0.03666666666666667	0.03333333333333333	0.038	0.026	0.02266666666666667	0.028	0.023333333333333334	0.021333333333333333	0.024666666666666667	0.018	0.011333333333333334	0.016	0.007333333333333333	0.01	0.011333333333333334	0.009333333333333334	0.011333333333333334	0.012666666666666666	0.009333333333333334	0.014666666666666666	0.006	0.004666666666666667	0.007333333333333333	0.012	0.005333333333333333	0.006666666666666667	0.006	0.006	0.012	
7.347333333333333	2.978	4.816	6.25	4.8486666666666665	2.2706666666666666	1.8066666666666666	1.6506666666666667	3.1513333333333335	3.828666666666667	3.5286666666666666	2.6606666666666667	1.8826666666666667	1.4773333333333334	1.216	1.142	1.8926666666666667	1.942	1.7906666666666666	1.6466666666666667	1.0753333333333333	0.9026666666666666	0.8606666666666667	0.942	0.9853333333333333	1.082	0.932	0.8133333333333334	0.82	0.548	0.544	0.466	0.54	0.5106666666666667	0.48733333333333334	0.4706666666666667	0.434	0.3453333333333333	0.282	0.24333333333333335	0.22733333333333333	0.24266666666666667	0.22066666666666668	0.18933333333333333	0.198	0.17533333333333334	0.144	0.132	0.13866666666666666	0.11866666666666667	0.098	0.09866666666666667	0.09	0.07666666666666666	0.09333333333333334	0.076	0.066	0.06133333333333333	0.06066666666666667	0.06133333333333333	0.052	0.051333333333333335	0.038	0.03933333333333333	0.04066666666666666	0.030666666666666665	0.037333333333333336	0.029333333333333333	0.02666666666666667	0.020666666666666667	0.023333333333333334	0.020666666666666667	0.029333333333333333	0.020666666666666667	0.018666666666666668	0.014666666666666666	0.02	0.018666666666666668	0.013333333333333334	0.009333333333333334	0.010666666666666666	0.007333333333333333	0.012	0.01	0.007333333333333333	0.01	0.008666666666666666	0.014	0.007333333333333333	0.012666666666666666	0.012666666666666666	0.004666666666666667	0.008666666666666666	0.01	0.002	0.0013333333333333333	0.004666666666666667	0.005333333333333333	0.006666666666666667	
6.496	2.6253333333333333	4.300666666666666	5.594	4.338	2.006	1.58	1.38	2.7373333333333334	3.488	3.227333333333333	2.260666666666667	1.596	1.2626666666666666	1.042	0.9953333333333333	1.7166666666666666	1.744	1.594	1.4513333333333334	0.9973333333333333	0.8026666666666666	0.7273333333333334	0.8253333333333334	0.916	0.946	0.79	0.7913333333333333	0.6813333333333333	0.49666666666666665	0.442	0.44533333333333336	0.4513333333333333	0.416	0.44333333333333336	0.41133333333333333	0.3953333333333333	0.31666666666666665	0.22066666666666668	0.22666666666666666	0.23733333333333334	0.198	0.20133333333333334	0.17933333333333334	0.15266666666666667	0.15066666666666667	0.14533333333333334	0.11933333333333333	0.10933333333333334	0.10733333333333334	0.09133333333333334	0.08666666666666667	0.074	0.08266666666666667	0.058666666666666666	0.064	0.064	0.058	0.06933333333333333	0.05	0.04666666666666667	0.03133333333333333	0.03866666666666667	0.029333333333333333	0.030666666666666665	0.024666666666666667	0.028	0.02	0.025333333333333333	0.027333333333333334	0.018666666666666668	0.024	0.02	0.019333333333333334	0.022	0.013333333333333334	0.02	0.018	0.012	0.011333333333333334	0.014	0.012666666666666666	0.01	0.006	0.007333333333333333	0.008	0.007333333333333333	0.007333333333333333	0.008	0.007333333333333333	0.005333333333333333	0.004666666666666667	0.004666666666666667	0.005333333333333333	0.002	0.0033333333333333335	0.004666666666666667	0.004	0.006	
5.931333333333333	2.288666666666667	3.746	5.056	3.97	1.7826666666666666	1.3113333333333332	1.2193333333333334	2.4873333333333334	3.038666666666667	2.836	2.0913333333333335	1.4273333333333333	1.112	0.9166666666666666	0.8206666666666667	1.5326666666666666	1.594	1.4513333333333334	1.2646666666666666	0.8533333333333334	0.672	0.6733333333333333	0.72	0.794	0.822	0.7633333333333333	0.6693333333333333	0.5693333333333334	0.426	0.38066666666666665	0.36133333333333334	0.41733333333333333	0.39466666666666667	0.386	0.3466666666666667	0.3353333333333333	0.2713333333333333	0.18066666666666667	0.2	0.16266666666666665	0.15933333333333333	0.192	0.142	0.13733333333333334	0.11666666666666667	0.114	0.09933333333333333	0.086	0.088	0.07066666666666667	0.06933333333333333	0.06466666666666666	0.06066666666666667	0.051333333333333335	0.05466666666666667	0.05333333333333334	0.051333333333333335	0.05333333333333334	0.03933333333333333	0.038	0.028666666666666667	0.03133333333333333	0.025333333333333333	0.019333333333333334	0.018666666666666668	0.02266666666666667	0.024666666666666667	0.022	0.016	0.016666666666666666	0.013333333333333334	0.014666666666666666	0.014	0.016666666666666666	0.011333333333333334	0.013333333333333334	0.007333333333333333	0.013333333333333334	0.015333333333333332	0.007333333333333333	0.004	0.008	0.006666666666666667	0.006666666666666667	0.009333333333333334	0.005333333333333333	0.0033333333333333335	0.004	0.005333333333333333	0.007333333333333333	0.004	0.005333333333333333	0.005333333333333333	0.0013333333333333333	0.004	0.005333333333333333	0.0033333333333333335	0.004	
5.243333333333333	2.022666666666667	3.424	4.558666666666666	3.4833333333333334	1.5013333333333334	1.1786666666666668	1.0553333333333332	2.240666666666667	2.7973333333333334	2.6486666666666667	1.954	1.2993333333333332	1.014	0.7873333333333333	0.726	1.3306666666666667	1.412	1.2813333333333334	1.2293333333333334	0.7153333333333334	0.5993333333333334	0.57	0.5893333333333334	0.694	0.7453333333333333	0.6286666666666667	0.64	0.5346666666666666	0.37866666666666665	0.33666666666666667	0.3353333333333333	0.36533333333333334	0.3526666666666667	0.32666666666666666	0.344	0.3006666666666667	0.24133333333333334	0.186	0.168	0.17	0.14533333333333334	0.15466666666666667	0.12333333333333334	0.11933333333333333	0.112	0.08	0.09733333333333333	0.078	0.06466666666666666	0.06333333333333334	0.05733333333333333	0.05266666666666667	0.048666666666666664	0.04666666666666667	0.05533333333333333	0.04733333333333333	0.048666666666666664	0.03933333333333333	0.034666666666666665	0.035333333333333335	0.032	0.018	0.024666666666666667	0.012666666666666666	0.017333333333333333	0.018666666666666668	0.018	0.014666666666666666	0.017333333333333333	0.017333333333333333	0.015333333333333332	0.01	0.012666666666666666	0.014666666666666666	0.010666666666666666	0.010666666666666666	0.010666666666666666	0.01	0.006666666666666667	0.007333333333333333	0.0026666666666666666	0.007333333333333333	0.0033333333333333335	0.004	0.0033333333333333335	0.006	0.004	0.002	0.0033333333333333335	0.0026666666666666666	0.0026666666666666666	0.0026666666666666666	0.0033333333333333335	0.0006666666666666666	0.0033333333333333335	0.002	0.005333333333333333	0.0013333333333333333	
4.786	1.7173333333333334	3.0773333333333333	4.154	3.184	1.3526666666666667	1.03	0.972	2.001333333333333	2.485333333333333	2.3566666666666665	1.7133333333333334	1.1653333333333333	0.9073333333333333	0.7186666666666667	0.6486666666666666	1.1613333333333333	1.2573333333333334	1.178	1.106	0.6593333333333333	0.526	0.5073333333333333	0.5413333333333333	0.6413333333333333	0.6513333333333333	0.5666666666666667	0.5346666666666666	0.47333333333333333	0.30866666666666664	0.292	0.282	0.30866666666666664	0.304	0.29133333333333333	0.2853333333333333	0.22666666666666666	0.228	0.15733333333333333	0.148	0.13866666666666666	0.134	0.12066666666666667	0.10133333333333333	0.10266666666666667	0.09133333333333334	0.10266666666666667	0.082	0.074	0.064	0.06533333333333333	0.042	0.046	0.044	0.04066666666666666	0.04133333333333333	0.03266666666666666	0.03866666666666667	0.037333333333333336	0.03133333333333333	0.02	0.026	0.009333333333333334	0.02	0.016	0.018	0.013333333333333334	0.012	0.016	0.014	0.012666666666666666	0.012666666666666666	0.012	0.008666666666666666	0.006	0.008666666666666666	0.014666666666666666	0.013333333333333334	0.009333333333333334	0.004666666666666667	0.004666666666666667	0.007333333333333333	0.006666666666666667	0.004666666666666667	0.0026666666666666666	0.004	0.002	0.0013333333333333333	0.004666666666666667	0.002	0.004666666666666667	0.0013333333333333333	0.0033333333333333335	0.0026666666666666666	0.0033333333333333335	0.0013333333333333333	0.0026666666666666666	0.0013333333333333333	0.0026666666666666666	
4.276	1.5673333333333332	2.740666666666667	3.8746666666666667	2.916	1.1986666666666668	0.916	0.8373333333333334	1.8526666666666667	2.2226666666666666	2.1433333333333335	1.5473333333333332	1.018	0.7653333333333333	0.596	0.536	1.0846666666666667	1.1526666666666667	1.0946666666666667	0.958	0.6213333333333333	0.462	0.4493333333333333	0.5046666666666667	0.5806666666666667	0.5726666666666667	0.508	0.5013333333333333	0.422	0.2773333333333333	0.2633333333333333	0.264	0.2713333333333333	0.2713333333333333	0.27066666666666667	0.29	0.22733333333333333	0.20266666666666666	0.13666666666666666	0.11666666666666667	0.116	0.12133333333333333	0.10266666666666667	0.10466666666666667	0.10466666666666667	0.07933333333333334	0.06666666666666667	0.06333333333333334	0.066	0.058666666666666666	0.05533333333333333	0.04666666666666667	0.032	0.04666666666666667	0.03866666666666667	0.036	0.037333333333333336	0.03266666666666666	0.024666666666666667	0.028666666666666667	0.02666666666666667	0.018666666666666668	0.011333333333333334	0.01	0.014666666666666666	0.011333333333333334	0.014666666666666666	0.010666666666666666	0.013333333333333334	0.012	0.006	0.008666666666666666	0.006666666666666667	0.01	0.006	0.008666666666666666	0.0026666666666666666	0.010666666666666666	0.004666666666666667	0.005333333333333333	0.004666666666666667	0.006	0.004	0.0013333333333333333	0.0026666666666666666	0.0026666666666666666	0.005333333333333333	0.004666666666666667	0.0026666666666666666	0.004	0.0006666666666666666	0.0026666666666666666	0.0026666666666666666	0.0013333333333333333	0.0006666666666666666	0.002	0.0033333333333333335	0.0006666666666666666	0.0006666666666666666	
3.954	1.3953333333333333	2.642	3.5273333333333334	2.7226666666666666	1.0913333333333333	0.8346666666666667	0.76	1.7193333333333334	2.118	1.9566666666666668	1.3626666666666667	0.9086666666666666	0.6906666666666667	0.5506666666666666	0.5353333333333333	1.0206666666666666	1.096	0.978	0.8933333333333333	0.574	0.44533333333333336	0.3933333333333333	0.4493333333333333	0.532	0.5633333333333334	0.49466666666666664	0.444	0.38333333333333336	0.2633333333333333	0.22533333333333333	0.23733333333333334	0.278	0.25466666666666665	0.19866666666666666	0.21533333333333332	0.208	0.168	0.12066666666666667	0.118	0.09133333333333334	0.10133333333333333	0.10533333333333333	0.09133333333333334	0.09533333333333334	0.07733333333333334	0.07666666666666666	0.07	0.054	0.04733333333333333	0.03666666666666667	0.044	0.042	0.03	0.034666666666666665	0.02666666666666667	0.030666666666666665	0.023333333333333334	0.036	0.018	0.02266666666666667	0.016666666666666666	0.010666666666666666	0.011333333333333334	0.009333333333333334	0.012	0.006	0.008666666666666666	0.0026666666666666666	0.007333333333333333	0.006	0.008	0.009333333333333334	0.007333333333333333	0.011333333333333334	0.006	0.0033333333333333335	0.007333333333333333	0.0033333333333333335	0.0013333333333333333	0.004666666666666667	0.005333333333333333	0.0033333333333333335	0.002	0.0006666666666666666	0.005333333333333333	0.0033333333333333335	0.002	0.0013333333333333333	0.0026666666666666666	0.0006666666666666666	0.0013333333333333333	0.0013333333333333333	0.0013333333333333333	0.0013333333333333333	0.0013333333333333333	0.0006666666666666666	0.0013333333333333333	0.0006666666666666666	
3.758	1.274	2.3513333333333333	3.316666666666667	2.516	0.9366666666666666	0.7453333333333333	0.6606666666666666	1.538	1.9633333333333334	1.8046666666666666	1.312	0.8213333333333334	0.6053333333333333	0.504	0.468	0.9306666666666666	1.0226666666666666	0.9593333333333334	0.802	0.476	0.38066666666666665	0.37133333333333335	0.4	0.45	0.5213333333333333	0.43733333333333335	0.41733333333333333	0.36733333333333335	0.226	0.17866666666666667	0.214	0.23333333333333334	0.226	0.21333333333333335	0.226	0.17933333333333334	0.14333333333333334	0.10666666666666667	0.096	0.078	0.08	0.09933333333333333	0.07466666666666667	0.07266666666666667	0.059333333333333335	0.07266666666666667	0.058666666666666666	0.03666666666666667	0.052	0.03333333333333333	0.03	0.03266666666666666	0.024666666666666667	0.03133333333333333	0.024666666666666667	0.019333333333333334	0.028666666666666667	0.020666666666666667	0.015333333333333332	0.017333333333333333	0.009333333333333334	0.010666666666666666	0.009333333333333334	0.008	0.010666666666666666	0.008666666666666666	0.006	0.010666666666666666	0.008	0.008	0.01	0.008666666666666666	0.004	0.004666666666666667	0.006666666666666667	0.004666666666666667	0.0026666666666666666	0.005333333333333333	0.009333333333333334	0.002	0.006	0.0006666666666666666	0.0013333333333333333	0.002	0.0013333333333333333	0.002	0.002	0.0026666666666666666	0.0006666666666666666	0.0026666666666666666	0.0013333333333333333	0.002	0.0006666666666666666	0.0006666666666666666	0.0006666666666666666	0.0	0.002	0.0026666666666666666	
3.4473333333333334	1.154	2.223333333333333	3.018	2.2706666666666666	0.8846666666666667	0.6453333333333333	0.614	1.5093333333333334	1.8253333333333333	1.7073333333333334	1.164	0.764	0.5946666666666667	0.444	0.404	0.8966666666666666	0.9033333333333333	0.836	0.7753333333333333	0.43733333333333335	0.3446666666666667	0.3413333333333333	0.36866666666666664	0.4226666666666667	0.468	0.4066666666666667	0.36333333333333334	0.348	0.23466666666666666	0.19066666666666668	0.19066666666666668	0.20133333333333334	0.20533333333333334	0.202	0.16866666666666666	0.17533333333333334	0.142	0.09133333333333334	0.08866666666666667	0.084	0.08133333333333333	0.07266666666666667	0.06866666666666667	0.058	0.07133333333333333	0.05333333333333334	0.04933333333333333	0.04733333333333333	0.035333333333333335	0.036	0.029333333333333333	0.019333333333333334	0.020666666666666667	0.021333333333333333	0.022	0.016	0.018666666666666668	0.014	0.016	0.014	0.016	0.016	0.011333333333333334	0.01	0.0033333333333333335	0.004	0.007333333333333333	0.010666666666666666	0.007333333333333333	0.011333333333333334	0.007333333333333333	0.005333333333333333	0.004666666666666667	0.005333333333333333	0.004666666666666667	0.004666666666666667	0.0033333333333333335	0.0026666666666666666	0.0033333333333333335	0.0026666666666666666	0.002	0.004666666666666667	0.0006666666666666666	0.0013333333333333333	0.002	0.0033333333333333335	0.002	0.002	0.002	0.0	0.0006666666666666666	0.0006666666666666666	0.0006666666666666666	0.0006666666666666666	0.0006666666666666666	0.0013333333333333333	0.0006666666666666666	0.0	
3.2266666666666666	1.0586666666666666	2.13	2.8426666666666667	2.1526666666666667	0.7866666666666666	0.586	0.5506666666666666	1.348	1.6826666666666668	1.6066666666666667	1.0833333333333333	0.6933333333333334	0.5266666666666666	0.4093333333333333	0.366	0.8633333333333333	0.88	0.8126666666666666	0.6866666666666666	0.404	0.31533333333333335	0.32	0.37466666666666665	0.4126666666666667	0.45466666666666666	0.366	0.37533333333333335	0.31466666666666665	0.202	0.16266666666666665	0.17533333333333334	0.20266666666666666	0.19133333333333333	0.16666666666666666	0.17066666666666666	0.14066666666666666	0.13533333333333333	0.08866666666666667	0.08266666666666667	0.074	0.084	0.08266666666666667	0.06466666666666666	0.05333333333333334	0.05533333333333333	0.05	0.05	0.050666666666666665	0.03866666666666667	0.024666666666666667	0.028	0.022	0.026	0.024	0.016666666666666666	0.026	0.023333333333333334	0.022	0.021333333333333333	0.01	0.01	0.009333333333333334	0.006	0.006	0.006	0.011333333333333334	0.008666666666666666	0.0033333333333333335	0.007333333333333333	0.006666666666666667	0.008	0.0033333333333333335	0.006	0.004666666666666667	0.0033333333333333335	0.004	0.0013333333333333333	0.0013333333333333333	0.0013333333333333333	0.0006666666666666666	0.0013333333333333333	0.0	0.002	0.0006666666666666666	0.0013333333333333333	0.002	0.0006666666666666666	0.0026666666666666666	0.0033333333333333335	0.0	0.002	0.0033333333333333335	0.0013333333333333333	0.002	0.0013333333333333333	0.0	0.0006666666666666666	0.0006666666666666666	
3.0393333333333334	1.002	1.948	2.767333333333333	1.9773333333333334	0.7146666666666667	0.5346666666666666	0.49	1.3186666666666667	1.5806666666666667	1.4526666666666668	0.9846666666666667	0.6413333333333333	0.5093333333333333	0.384	0.35533333333333333	0.8053333333333333	0.796	0.7886666666666666	0.6653333333333333	0.38466666666666666	0.30933333333333335	0.278	0.356	0.37333333333333335	0.4053333333333333	0.35133333333333333	0.328	0.28733333333333333	0.20466666666666666	0.16333333333333333	0.176	0.17866666666666667	0.19533333333333333	0.15266666666666667	0.166	0.15866666666666668	0.11666666666666667	0.07066666666666667	0.07866666666666666	0.07533333333333334	0.056	0.06666666666666667	0.06666666666666667	0.07133333333333333	0.052	0.05333333333333334	0.04933333333333333	0.046	0.03333333333333333	0.029333333333333333	0.024666666666666667	0.017333333333333333	0.018	0.018	0.019333333333333334	0.013333333333333334	0.016	0.013333333333333334	0.013333333333333334	0.012	0.008	0.006666666666666667	0.008666666666666666	0.006	0.004666666666666667	0.006666666666666667	0.0026666666666666666	0.006	0.004666666666666667	0.005333333333333333	0.006	0.0013333333333333333	0.0026666666666666666	0.006	0.006666666666666667	0.0033333333333333335	0.0033333333333333335	0.0026666666666666666	0.0033333333333333335	0.002	0.002	0.0	0.002	0.002	0.0013333333333333333	0.0013333333333333333	0.0006666666666666666	0.0013333333333333333	0.0006666666666666666	0.0013333333333333333	0.002	0.0	0.0013333333333333333	0.0006666666666666666	0.0013333333333333333	0.0013333333333333333	0.0013333333333333333	0.0006666666666666666	
2.774	0.8813333333333333	1.7366666666666666	2.564	1.874	0.6493333333333333	0.486	0.4806666666666667	1.158	1.5166666666666666	1.406	1.0246666666666666	0.594	0.43466666666666665	0.3433333333333333	0.3446666666666667	0.722	0.7893333333333333	0.718	0.596	0.36666666666666664	0.2613333333333333	0.24733333333333332	0.28733333333333333	0.332	0.39866666666666667	0.30533333333333335	0.29	0.26866666666666666	0.16733333333333333	0.14333333333333334	0.13866666666666666	0.17	0.15933333333333333	0.17266666666666666	0.15066666666666667	0.13533333333333333	0.10466666666666667	0.08533333333333333	0.07666666666666666	0.066	0.05333333333333334	0.06333333333333334	0.058	0.04666666666666667	0.038	0.038	0.042	0.03133333333333333	0.034666666666666665	0.028	0.025333333333333333	0.013333333333333334	0.02	0.02	0.018666666666666668	0.013333333333333334	0.010666666666666666	0.014666666666666666	0.007333333333333333	0.011333333333333334	0.002	0.005333333333333333	0.005333333333333333	0.0033333333333333335	0.007333333333333333	0.008666666666666666	0.006666666666666667	0.0026666666666666666	0.0033333333333333335	0.0026666666666666666	0.0026666666666666666	0.004	0.0033333333333333335	0.006	0.0026666666666666666	0.0006666666666666666	0.002	0.0026666666666666666	0.0	0.0006666666666666666	0.0006666666666666666	0.0006666666666666666	0.0013333333333333333	0.0013333333333333333	0.0	0.0013333333333333333	0.0006666666666666666	0.0026666666666666666	0.0013333333333333333	0.0013333333333333333	0.002	0.002	0.002	0.0013333333333333333	0.0013333333333333333	0.0006666666666666666	0.0006666666666666666	0.0006666666666666666	
2.6013333333333333	0.7913333333333333	1.6993333333333334	2.485333333333333	1.8193333333333332	0.686	0.4646666666666667	0.436	1.142	1.4313333333333333	1.3386666666666667	0.906	0.5646666666666667	0.4146666666666667	0.32666666666666666	0.28733333333333333	0.6873333333333334	0.7133333333333334	0.67	0.5726666666666667	0.3433333333333333	0.242	0.236	0.25533333333333336	0.31333333333333335	0.364	0.292	0.29533333333333334	0.25	0.166	0.12933333333333333	0.14466666666666667	0.16333333333333333	0.156	0.144	0.13066666666666665	0.13466666666666666	0.11133333333333334	0.072	0.072	0.056	0.06266666666666666	0.05333333333333334	0.05333333333333334	0.043333333333333335	0.04533333333333334	0.028666666666666667	0.028	0.028	0.034666666666666665	0.02	0.010666666666666666	0.01	0.015333333333333332	0.017333333333333333	0.012	0.018666666666666668	0.008	0.01	0.009333333333333334	0.008	0.006666666666666667	0.004	0.007333333333333333	0.0033333333333333335	0.006666666666666667	0.008	0.004	0.0026666666666666666	0.002	0.002	0.0033333333333333335	0.005333333333333333	0.002	0.0006666666666666666	0.0033333333333333335	0.004	0.0026666666666666666	0.0013333333333333333	0.002	0.0006666666666666666	0.0006666666666666666	0.0006666666666666666	0.0006666666666666666	0.0033333333333333335	0.002	0.002	0.0	0.0013333333333333333	0.0006666666666666666	0.0013333333333333333	0.0	0.0	0.0	0.0	0.0	0.0	0.0	0.0	
2.5406666666666666	0.7366666666666667	1.602	2.2733333333333334	1.6846666666666668	0.5853333333333334	0.47333333333333333	0.4146666666666667	1.054	1.368	1.3266666666666667	0.882	0.538	0.37333333333333335	0.31866666666666665	0.2866666666666667	0.63	0.6573333333333333	0.6526666666666666	0.5693333333333334	0.326	0.222	0.228	0.26	0.3273333333333333	0.3526666666666667	0.32666666666666666	0.2806666666666667	0.22866666666666666	0.14733333333333334	0.132	0.128	0.14533333333333334	0.13666666666666666	0.14066666666666666	0.13933333333333334	0.122	0.094	0.06866666666666667	0.052	0.04066666666666666	0.05333333333333334	0.050666666666666665	0.04466666666666667	0.037333333333333336	0.032	0.03933333333333333	0.034	0.027333333333333334	0.022	0.020666666666666667	0.016	0.014666666666666666	0.012666666666666666	0.012666666666666666	0.007333333333333333	0.014	0.007333333333333333	0.013333333333333334	0.012	0.005333333333333333	0.004666666666666667	0.005333333333333333	0.006	0.0033333333333333335	0.0026666666666666666	0.002	0.004666666666666667	0.005333333333333333	0.002	0.0026666666666666666	0.0026666666666666666	0.0	0.0013333333333333333	0.0013333333333333333	0.002	0.0013333333333333333	0.002	0.0026666666666666666	0.0006666666666666666	0.0013333333333333333	0.0013333333333333333	0.0	0.0013333333333333333	0.0	0.0006666666666666666	0.0006666666666666666	0.002	0.0	0.0	0.0	0.0	0.0	0.0006666666666666666	0.0006666666666666666	0.0006666666666666666	0.0	0.0006666666666666666	0.0	
2.3653333333333335	0.6846666666666666	1.524	2.09	1.6533333333333333	0.534	0.4206666666666667	0.40066666666666667	1.0526666666666666	1.3673333333333333	1.202	0.8313333333333334	0.49733333333333335	0.37733333333333335	0.2926666666666667	0.256	0.6186666666666667	0.6273333333333333	0.568	0.5506666666666666	0.31	0.20133333333333334	0.20733333333333334	0.24333333333333335	0.30866666666666664	0.32266666666666666	0.27066666666666667	0.254	0.21933333333333332	0.14866666666666667	0.11	0.12933333333333333	0.14066666666666666	0.13466666666666666	0.12666666666666668	0.12666666666666668	0.118	0.10933333333333334	0.06533333333333333	0.06666666666666667	0.048	0.04933333333333333	0.059333333333333335	0.042666666666666665	0.04733333333333333	0.032	0.03	0.03	0.02666666666666667	0.02	0.012666666666666666	0.016666666666666666	0.013333333333333334	0.016	0.007333333333333333	0.014	0.016666666666666666	0.012	0.008	0.013333333333333334	0.008	0.006666666666666667	0.006	0.004	0.0033333333333333335	0.005333333333333333	0.006	0.007333333333333333	0.0026666666666666666	0.004	0.002	0.002	0.0026666666666666666	0.0	0.0033333333333333335	0.0013333333333333333	0.002	0.0013333333333333333	0.0006666666666666666	0.0026666666666666666	0.0013333333333333333	0.0013333333333333333	0.0006666666666666666	0.0013333333333333333	0.0006666666666666666	0.0013333333333333333	0.0	0.0006666666666666666	0.0	0.0	0.0	0.0006666666666666666	0.0006666666666666666	0.002	0.0006666666666666666	0.0	0.0006666666666666666	0.0	0.0	
2.272666666666667	0.6646666666666666	1.5126666666666666	2.01	1.5566666666666666	0.49666666666666665	0.414	0.37733333333333335	0.94	1.1953333333333334	1.2053333333333334	0.7826666666666666	0.45866666666666667	0.32266666666666666	0.254	0.23	0.6153333333333333	0.5913333333333334	0.534	0.536	0.258	0.21333333333333335	0.17533333333333334	0.23066666666666666	0.2853333333333333	0.31933333333333336	0.2886666666666667	0.24933333333333332	0.238	0.12466666666666666	0.10933333333333334	0.11666666666666667	0.13133333333333333	0.12066666666666667	0.128	0.12266666666666666	0.11	0.08266666666666667	0.044	0.052	0.052	0.058	0.030666666666666665	0.034666666666666665	0.036	0.03	0.026	0.02666666666666667	0.028666666666666667	0.02266666666666667	0.011333333333333334	0.012666666666666666	0.016666666666666666	0.018666666666666668	0.007333333333333333	0.008666666666666666	0.01	0.008666666666666666	0.011333333333333334	0.010666666666666666	0.006666666666666667	0.004666666666666667	0.004	0.0026666666666666666	0.005333333333333333	0.0026666666666666666	0.0013333333333333333	0.004666666666666667	0.005333333333333333	0.0013333333333333333	0.0033333333333333335	0.002	0.004	0.002	0.004	0.0026666666666666666	0.0026666666666666666	0.004	0.0013333333333333333	0.0006666666666666666	0.0013333333333333333	0.0013333333333333333	0.0006666666666666666	0.0	0.0	0.0	0.0013333333333333333	0.0013333333333333333	0.0006666666666666666	0.0	0.0006666666666666666	0.0	0.0	0.0006666666666666666	0.0	0.0	0.0	0.0006666666666666666	0.0	
2.1393333333333335	0.6413333333333333	1.362	1.9866666666666666	1.4693333333333334	0.48533333333333334	0.36466666666666664	0.364	0.9286666666666666	1.2	1.1633333333333333	0.7946666666666666	0.43	0.31933333333333336	0.23733333333333334	0.22666666666666666	0.5906666666666667	0.588	0.5633333333333334	0.5366666666666666	0.2793333333333333	0.202	0.18666666666666668	0.22533333333333333	0.2613333333333333	0.302	0.262	0.21466666666666667	0.18733333333333332	0.12933333333333333	0.10733333333333334	0.12666666666666668	0.12866666666666668	0.11933333333333333	0.116	0.11133333333333334	0.10533333333333333	0.078	0.048	0.043333333333333335	0.03666666666666667	0.037333333333333336	0.043333333333333335	0.035333333333333335	0.04066666666666666	0.038	0.02266666666666667	0.032	0.024	0.021333333333333333	0.022	0.012666666666666666	0.011333333333333334	0.014	0.015333333333333332	0.006666666666666667	0.01	0.013333333333333334	0.006	0.006666666666666667	0.006	0.0006666666666666666	0.0033333333333333335	0.006666666666666667	0.002	0.006	0.004666666666666667	0.0033333333333333335	0.004	0.004666666666666667	0.0033333333333333335	0.0033333333333333335	0.0033333333333333335	0.0026666666666666666	0.0	0.0013333333333333333	0.0	0.0013333333333333333	0.0006666666666666666	0.0006666666666666666	0.002	0.0	0.0006666666666666666	0.0006666666666666666	0.0006666666666666666	0.0	0.0006666666666666666	0.0	0.0	0.0006666666666666666	0.0	0.0	0.0006666666666666666	0.0	0.0	0.0	0.0	0.0006666666666666666	0.0	
2.1186666666666665	0.5926666666666667	1.3533333333333333	1.9133333333333333	1.422	0.464	0.36333333333333334	0.33266666666666667	0.89	1.178	1.058	0.712	0.44533333333333336	0.324	0.246	0.21866666666666668	0.5033333333333333	0.554	0.5206666666666667	0.47533333333333333	0.252	0.188	0.18466666666666667	0.204	0.26266666666666666	0.27066666666666667	0.236	0.226	0.186	0.11066666666666666	0.09333333333333334	0.10333333333333333	0.126	0.11	0.11466666666666667	0.09	0.08733333333333333	0.09133333333333334	0.062	0.054	0.04466666666666667	0.04466666666666667	0.037333333333333336	0.034	0.029333333333333333	0.026	0.027333333333333334	0.019333333333333334	0.022	0.016	0.017333333333333333	0.008	0.012	0.01	0.014666666666666666	0.010666666666666666	0.01	0.006	0.008666666666666666	0.007333333333333333	0.0033333333333333335	0.005333333333333333	0.005333333333333333	0.0033333333333333335	0.004	0.0033333333333333335	0.0033333333333333335	0.0013333333333333333	0.004666666666666667	0.0013333333333333333	0.0033333333333333335	0.0013333333333333333	0.0013333333333333333	0.004	0.0026666666666666666	0.0006666666666666666	0.0013333333333333333	0.0	0.0013333333333333333	0.0006666666666666666	0.0026666666666666666	0.0013333333333333333	0.0	0.0	0.0	0.0006666666666666666	0.0013333333333333333	0.0	0.0	0.0006666666666666666	0.0006666666666666666	0.0006666666666666666	0.0	0.0006666666666666666	0.0013333333333333333	0.0	0.0006666666666666666	0.0	0.0006666666666666666	
2.01	0.532	1.3086666666666666	1.88	1.3613333333333333	0.44733333333333336	0.3273333333333333	0.29733333333333334	0.8726666666666667	1.0906666666666667	1.0426666666666666	0.6986666666666667	0.4226666666666667	0.2806666666666667	0.23133333333333334	0.21533333333333332	0.5346666666666666	0.5586666666666666	0.5293333333333333	0.4593333333333333	0.254	0.176	0.16333333333333333	0.21266666666666667	0.212	0.25866666666666666	0.222	0.20733333333333334	0.19	0.10866666666666666	0.08466666666666667	0.09733333333333333	0.132	0.09866666666666667	0.09933333333333333	0.10333333333333333	0.08933333333333333	0.07933333333333334	0.048	0.04533333333333334	0.043333333333333335	0.044	0.03133333333333333	0.037333333333333336	0.028666666666666667	0.036	0.025333333333333333	0.014666666666666666	0.018	0.016	0.016666666666666666	0.015333333333333332	0.004666666666666667	0.012	0.013333333333333334	0.005333333333333333	0.008	0.01	0.006	0.014	0.005333333333333333	0.0033333333333333335	0.0033333333333333335	0.002	0.002	0.006	0.004666666666666667	0.002	0.004	0.0006666666666666666	0.0	0.0	0.0	0.002	0.004	0.002	0.0013333333333333333	0.0	0.0006666666666666666	0.0	0.0	0.0013333333333333333	0.0	0.0	0.0006666666666666666	0.0	0.0006666666666666666	0.0013333333333333333	0.0	0.0	0.0	0.0	0.0006666666666666666	0.0006666666666666666	0.0006666666666666666	0.0	0.0006666666666666666	0.0	0.0	
1.9646666666666666	0.5946666666666667	1.268	1.8713333333333333	1.3533333333333333	0.44466666666666665	0.3446666666666667	0.28933333333333333	0.842	1.0486666666666666	1.0586666666666666	0.6766666666666666	0.412	0.2753333333333333	0.214	0.18866666666666668	0.5153333333333333	0.5346666666666666	0.4713333333333333	0.442	0.25	0.16666666666666666	0.18066666666666667	0.23133333333333334	0.25066666666666665	0.262	0.22733333333333333	0.226	0.19333333333333333	0.10866666666666666	0.10066666666666667	0.084	0.12666666666666668	0.11533333333333333	0.122	0.09733333333333333	0.082	0.07266666666666667	0.035333333333333335	0.038	0.043333333333333335	0.037333333333333336	0.03933333333333333	0.028	0.025333333333333333	0.03133333333333333	0.021333333333333333	0.014666666666666666	0.02	0.021333333333333333	0.014666666666666666	0.011333333333333334	0.008	0.006666666666666667	0.004666666666666667	0.006666666666666667	0.015333333333333332	0.005333333333333333	0.005333333333333333	0.007333333333333333	0.006	0.004	0.0013333333333333333	0.0026666666666666666	0.004666666666666667	0.0033333333333333335	0.0033333333333333335	0.002	0.0026666666666666666	0.002	0.0	0.0013333333333333333	0.002	0.0006666666666666666	0.004	0.0013333333333333333	0.0006666666666666666	0.0033333333333333335	0.0013333333333333333	0.0006666666666666666	0.0006666666666666666	0.0	0.0	0.0026666666666666666	0.0	0.0	0.0006666666666666666	0.0006666666666666666	0.0013333333333333333	0.0	0.0	0.0013333333333333333	0.0006666666666666666	0.0	0.0013333333333333333	0.0	0.0	0.0	0.0006666666666666666	
1.9246666666666667	0.5466666666666666	1.2133333333333334	1.716	1.2633333333333334	0.41933333333333334	0.31533333333333335	0.2886666666666667	0.8133333333333334	1.0466666666666666	0.97	0.6286666666666667	0.3873333333333333	0.2693333333333333	0.202	0.19133333333333333	0.48733333333333334	0.5033333333333333	0.4713333333333333	0.44866666666666666	0.25333333333333335	0.16866666666666666	0.16933333333333334	0.19	0.23	0.2653333333333333	0.21266666666666667	0.19666666666666666	0.17066666666666666	0.1	0.09933333333333333	0.09933333333333333	0.10133333333333333	0.09866666666666667	0.11933333333333333	0.09666666666666666	0.08266666666666667	0.07666666666666666	0.043333333333333335	0.03266666666666666	0.04733333333333333	0.035333333333333335	0.037333333333333336	0.021333333333333333	0.030666666666666665	0.024666666666666667	0.025333333333333333	0.024	0.024	0.016	0.01	0.008666666666666666	0.012666666666666666	0.008	0.008	0.008	0.006666666666666667	0.005333333333333333	0.007333333333333333	0.007333333333333333	0.0026666666666666666	0.004	0.0026666666666666666	0.0006666666666666666	0.0006666666666666666	0.004666666666666667	0.004	0.002	0.0	0.0	0.0013333333333333333	0.0	0.0006666666666666666	0.002	0.002	0.0006666666666666666	0.0	0.0013333333333333333	0.0	0.0	0.0	0.002	0.0006666666666666666	0.0	0.0	0.0006666666666666666	0.0013333333333333333	0.0	0.0006666666666666666	0.0006666666666666666	0.0006666666666666666	0.0	0.0	0.0	0.0	0.0	0.0006666666666666666	0.0	0.0	
1.814	0.472	1.1393333333333333	1.6626666666666667	1.2986666666666666	0.418	0.294	0.276	0.7913333333333333	1.0326666666666666	0.9513333333333334	0.6273333333333333	0.384	0.238	0.20066666666666666	0.19266666666666668	0.47333333333333333	0.46	0.4766666666666667	0.396	0.23666666666666666	0.16266666666666665	0.16333333333333333	0.15733333333333333	0.20533333333333334	0.23733333333333334	0.21466666666666667	0.208	0.16	0.09133333333333334	0.08666666666666667	0.086	0.10866666666666666	0.10533333333333333	0.11	0.096	0.07466666666666667	0.068	0.04	0.03866666666666667	0.03266666666666666	0.03666666666666667	0.037333333333333336	0.027333333333333334	0.027333333333333334	0.021333333333333333	0.017333333333333333	0.02	0.014	0.017333333333333333	0.012666666666666666	0.007333333333333333	0.007333333333333333	0.006	0.005333333333333333	0.008666666666666666	0.008	0.006666666666666667	0.009333333333333334	0.006666666666666667	0.006	0.002	0.0	0.002	0.002	0.0026666666666666666	0.004666666666666667	0.0013333333333333333	0.0006666666666666666	0.0026666666666666666	0.0026666666666666666	0.0013333333333333333	0.002	0.002	0.0006666666666666666	0.0006666666666666666	0.0013333333333333333	0.002	0.0013333333333333333	0.0006666666666666666	0.0	0.0006666666666666666	0.0006666666666666666	0.0	0.0006666666666666666	0.0013333333333333333	0.0	0.0	0.0	0.0	0.0	0.0	0.0	0.0006666666666666666	0.0	0.0	0.0	0.0	0.0006666666666666666	
1.846	0.4846666666666667	1.162	1.6693333333333333	1.2206666666666666	0.392	0.272	0.232	0.7266666666666667	0.9726666666666667	0.922	0.604	0.33466666666666667	0.2713333333333333	0.19133333333333333	0.16266666666666665	0.4646666666666667	0.49933333333333335	0.4846666666666667	0.402	0.18733333333333332	0.158	0.15333333333333332	0.18866666666666668	0.21866666666666668	0.22	0.196	0.21266666666666667	0.158	0.08333333333333333	0.096	0.092	0.10066666666666667	0.09666666666666666	0.09866666666666667	0.09666666666666666	0.07866666666666666	0.07666666666666666	0.042666666666666665	0.04133333333333333	0.037333333333333336	0.03933333333333333	0.03333333333333333	0.03266666666666666	0.034	0.022	0.02	0.019333333333333334	0.02	0.013333333333333334	0.011333333333333334	0.009333333333333334	0.011333333333333334	0.005333333333333333	0.008	0.007333333333333333	0.009333333333333334	0.008	0.008	0.007333333333333333	0.0033333333333333335	0.004	0.0	0.002	0.0026666666666666666	0.0013333333333333333	0.002	0.0033333333333333335	0.0006666666666666666	0.0006666666666666666	0.0013333333333333333	0.0033333333333333335	0.0033333333333333335	0.0013333333333333333	0.0013333333333333333	0.0006666666666666666	0.0006666666666666666	0.0	0.0006666666666666666	0.0	0.0006666666666666666	0.0006666666666666666	0.0	0.0	0.0	0.0006666666666666666	0.0	0.0	0.0006666666666666666	0.0	0.0006666666666666666	0.0	0.0006666666666666666	0.0	0.0006666666666666666	0.0	0.0	0.0	0.0	
1.7206666666666666	0.4533333333333333	1.174	1.5473333333333332	1.1886666666666668	0.378	0.286	0.246	0.7453333333333333	0.9786666666666667	0.9173333333333333	0.5966666666666667	0.35733333333333334	0.24666666666666667	0.20666666666666667	0.17533333333333334	0.408	0.46066666666666667	0.4033333333333333	0.44066666666666665	0.19733333333333333	0.15666666666666668	0.14	0.196	0.20333333333333334	0.23066666666666666	0.19933333333333333	0.17466666666666666	0.17466666666666666	0.09133333333333334	0.072	0.07666666666666666	0.1	0.1	0.09	0.09133333333333334	0.086	0.05466666666666667	0.034666666666666665	0.04066666666666666	0.03333333333333333	0.04066666666666666	0.028666666666666667	0.024	0.034	0.02266666666666667	0.028	0.014	0.019333333333333334	0.017333333333333333	0.008	0.007333333333333333	0.004666666666666667	0.007333333333333333	0.008666666666666666	0.006666666666666667	0.009333333333333334	0.004	0.01	0.008666666666666666	0.0026666666666666666	0.0033333333333333335	0.0006666666666666666	0.004	0.0026666666666666666	0.0026666666666666666	0.002	0.0006666666666666666	0.0006666666666666666	0.0026666666666666666	0.002	0.0006666666666666666	0.0013333333333333333	0.002	0.0006666666666666666	0.002	0.0006666666666666666	0.0	0.0	0.0006666666666666666	0.0	0.0	0.0	0.0	0.0006666666666666666	0.0006666666666666666	0.0006666666666666666	0.0	0.0006666666666666666	0.0	0.0	0.0	0.0	0.0	0.0	0.0006666666666666666	0.0	0.0	0.0	
1.7633333333333334	0.474	1.0406666666666666	1.52	1.1306666666666667	0.3453333333333333	0.24866666666666667	0.232	0.7113333333333334	0.9706666666666667	0.866	0.6066666666666667	0.33	0.20933333333333334	0.172	0.15333333333333332	0.414	0.438	0.418	0.39066666666666666	0.214	0.14866666666666667	0.14733333333333334	0.16266666666666665	0.2	0.23466666666666666	0.19533333333333333	0.16333333333333333	0.14466666666666667	0.086	0.08866666666666667	0.09133333333333334	0.10933333333333334	0.10666666666666667	0.10333333333333333	0.086	0.07533333333333334	0.06333333333333334	0.032	0.04066666666666666	0.037333333333333336	0.036	0.028666666666666667	0.03266666666666666	0.029333333333333333	0.023333333333333334	0.016	0.02266666666666667	0.013333333333333334	0.022	0.012666666666666666	0.006	0.008666666666666666	0.008	0.010666666666666666	0.007333333333333333	0.008	0.014	0.005333333333333333	0.0026666666666666666	0.004	0.004666666666666667	0.0026666666666666666	0.0033333333333333335	0.0006666666666666666	0.0013333333333333333	0.0006666666666666666	0.0026666666666666666	0.0026666666666666666	0.002	0.0006666666666666666	0.0013333333333333333	0.0013333333333333333	0.0013333333333333333	0.0006666666666666666	0.0006666666666666666	0.0013333333333333333	0.0006666666666666666	0.0013333333333333333	0.0013333333333333333	0.0013333333333333333	0.0006666666666666666	0.0	0.0	0.0006666666666666666	0.0	0.0006666666666666666	0.0	0.0006666666666666666	0.0	0.002	0.0006666666666666666	0.0	0.0	0.0	0.0	0.0013333333333333333	0.0	0.0006666666666666666	
1.672	0.452	1.106	1.474	1.068	0.3273333333333333	0.266	0.21933333333333332	0.6793333333333333	0.86	0.8406666666666667	0.5513333333333333	0.31533333333333335	0.22733333333333333	0.18933333333333333	0.168	0.43733333333333335	0.44666666666666666	0.4186666666666667	0.39666666666666667	0.188	0.12933333333333333	0.13333333333333333	0.17533333333333334	0.19733333333333333	0.232	0.18466666666666667	0.18533333333333332	0.16666666666666666	0.08533333333333333	0.07333333333333333	0.07666666666666666	0.104	0.08933333333333333	0.068	0.08133333333333333	0.07866666666666666	0.05466666666666667	0.027333333333333334	0.046	0.043333333333333335	0.025333333333333333	0.022	0.020666666666666667	0.021333333333333333	0.018	0.020666666666666667	0.016666666666666666	0.012	0.011333333333333334	0.008	0.008666666666666666	0.004	0.008666666666666666	0.006666666666666667	0.006666666666666667	0.008	0.006666666666666667	0.006666666666666667	0.006666666666666667	0.0033333333333333335	0.002	0.0033333333333333335	0.0006666666666666666	0.002	0.0026666666666666666	0.0013333333333333333	0.0013333333333333333	0.0	0.0	0.0013333333333333333	0.0006666666666666666	0.0	0.002	0.0006666666666666666	0.0006666666666666666	0.0	0.002	0.0013333333333333333	0.0	0.0	0.0013333333333333333	0.0013333333333333333	0.0013333333333333333	0.0	0.0	0.0	0.0	0.0006666666666666666	0.0	0.0	0.0006666666666666666	0.0	0.0	0.0	0.0006666666666666666	0.0006666666666666666	0.0	0.0	
1.6153333333333333	0.436	1.0233333333333334	1.4573333333333334	1.04	0.3293333333333333	0.24	0.23466666666666666	0.7146666666666667	0.9233333333333333	0.84	0.5173333333333333	0.33866666666666667	0.236	0.158	0.14666666666666667	0.37733333333333335	0.42333333333333334	0.4186666666666667	0.37266666666666665	0.19533333333333333	0.13	0.12333333333333334	0.13866666666666666	0.186	0.214	0.17466666666666666	0.18066666666666667	0.166	0.086	0.06933333333333333	0.07466666666666667	0.10066666666666667	0.09533333333333334	0.086	0.07666666666666666	0.074	0.06066666666666667	0.03133333333333333	0.025333333333333333	0.042666666666666665	0.03133333333333333	0.024	0.017333333333333333	0.026	0.018	0.021333333333333333	0.018	0.020666666666666667	0.02	0.007333333333333333	0.007333333333333333	0.010666666666666666	0.008	0.004666666666666667	0.007333333333333333	0.006	0.008666666666666666	0.006666666666666667	0.008	0.0013333333333333333	0.0033333333333333335	0.0026666666666666666	0.002	0.0013333333333333333	0.0013333333333333333	0.0013333333333333333	0.0013333333333333333	0.0013333333333333333	0.002	0.0013333333333333333	0.0013333333333333333	0.0013333333333333333	0.0	0.0013333333333333333	0.0006666666666666666	0.0006666666666666666	0.0006666666666666666	0.0006666666666666666	0.0	0.0	0.0	0.0	0.0	0.0	0.0	0.0	0.0	0.0006666666666666666	0.0006666666666666666	0.0	0.0	0.0	0.0	0.0	0.0	0.0006666666666666666	0.0	0.0	
1.5573333333333332	0.436	0.9753333333333334	1.4466666666666668	1.056	0.324	0.246	0.214	0.674	0.816	0.8013333333333333	0.536	0.31066666666666665	0.20866666666666667	0.166	0.15466666666666667	0.4053333333333333	0.422	0.36866666666666664	0.40066666666666667	0.184	0.11666666666666667	0.122	0.154	0.19933333333333333	0.176	0.19266666666666668	0.16	0.16466666666666666	0.072	0.07266666666666667	0.07866666666666666	0.09066666666666667	0.07333333333333333	0.07	0.088	0.06333333333333334	0.056666666666666664	0.034	0.028666666666666667	0.032	0.034	0.028666666666666667	0.020666666666666667	0.021333333333333333	0.014	0.008666666666666666	0.012666666666666666	0.009333333333333334	0.012666666666666666	0.006	0.005333333333333333	0.006666666666666667	0.005333333333333333	0.004666666666666667	0.004	0.0033333333333333335	0.006	0.006666666666666667	0.004	0.0033333333333333335	0.0026666666666666666	0.0013333333333333333	0.0013333333333333333	0.0006666666666666666	0.0013333333333333333	0.0013333333333333333	0.0026666666666666666	0.0013333333333333333	0.0006666666666666666	0.0	0.0013333333333333333	0.0006666666666666666	0.0006666666666666666	0.0013333333333333333	0.0006666666666666666	0.0006666666666666666	0.0006666666666666666	0.0006666666666666666	0.0013333333333333333	0.0006666666666666666	0.0	0.0	0.0006666666666666666	0.0	0.0	0.0006666666666666666	0.0	0.0	0.0006666666666666666	0.0	0.0	0.0	0.0	0.0	0.0	0.0006666666666666666	0.0	0.0	
1.546	0.4186666666666667	0.9673333333333334	1.3966666666666667	1.0313333333333334	0.32133333333333336	0.23933333333333334	0.208	0.6213333333333333	0.8213333333333334	0.8053333333333333	0.5186666666666667	0.294	0.22333333333333333	0.18666666666666668	0.15933333333333333	0.37	0.37533333333333335	0.4053333333333333	0.3606666666666667	0.194	0.11733333333333333	0.11533333333333333	0.156	0.19066666666666668	0.22466666666666665	0.17733333333333334	0.16533333333333333	0.13533333333333333	0.07	0.06466666666666666	0.07666666666666666	0.096	0.076	0.07466666666666667	0.08466666666666667	0.078	0.054	0.03866666666666667	0.03666666666666667	0.03266666666666666	0.026	0.019333333333333334	0.018666666666666668	0.026	0.018666666666666668	0.018666666666666668	0.020666666666666667	0.01	0.008	0.009333333333333334	0.008	0.007333333333333333	0.006	0.006666666666666667	0.004666666666666667	0.0033333333333333335	0.006	0.005333333333333333	0.006666666666666667	0.0033333333333333335	0.0026666666666666666	0.0006666666666666666	0.0026666666666666666	0.0006666666666666666	0.0013333333333333333	0.0033333333333333335	0.0013333333333333333	0.0006666666666666666	0.0013333333333333333	0.0	0.0013333333333333333	0.0006666666666666666	0.0006666666666666666	0.0013333333333333333	0.0	0.0006666666666666666	0.002	0.0	0.0006666666666666666	0.0	0.0	0.0	0.0006666666666666666	0.0	0.0	0.0	0.0006666666666666666	0.0006666666666666666	0.0006666666666666666	0.0	0.0	0.0	0.0	0.0	0.0	0.0	0.0006666666666666666	0.0006666666666666666	
