time 	 delTime 		 mean eVee 	 	 stdev eVee 	 	 mean eVth 	 	 stdev eVth 	 	 mean eVt 	 	 stdev eVt
 	  	 10 	 100 	 50 	 10 	 100 	 50 	 10 	 100 	 50 	 10 	 100 	 50 	 10 	 100 	 50 	 10 	 100 	 50
10.92 	 0.009999999999999787 	 79.10466666666666 	 73.92533333333333 	 76.59666666666666 	 9.179127312670971 	 8.838236525964266 	 9.031758165249752 	 79.802 	 78.69533333333334 	 79.318 	 9.216224606638013 	 9.138481541749094 	 9.188373595655182 	 79.87733333333334 	 79.57466666666667 	 79.73466666666667 	 9.228774903649033 	 9.199225957776134 	 9.209864180443825
10.93 	 0.009999999999999787 	 79.08266666666667 	 73.968 	 76.62533333333333 	 9.102005249150077 	 8.685177564870699 	 8.903835777660971 	 79.792 	 78.67866666666667 	 79.31733333333334 	 9.120347361805909 	 9.049313687911487 	 9.093988832678919 	 79.874 	 79.56533333333333 	 79.73133333333334 	 9.131819314901056 	 9.103647522955962 	 9.121283803403017
10.94 	 0.009999999999999787 	 78.32866666666666 	 73.20466666666667 	 75.80733333333333 	 8.71064357872342 	 8.333233359400312 	 8.548189645897091 	 79.02133333333333 	 77.928 	 78.54866666666666 	 8.721670991781844 	 8.684170426701677 	 8.696491527558047 	 79.09733333333334 	 78.798 	 78.96266666666666 	 8.729711309977873 	 8.703324805306686 	 8.725591071987935
10.95 	 0.009999999999999787 	 78.29333333333334 	 73.14333333333333 	 75.82333333333334 	 8.742956530195544 	 8.431930713398657 	 8.613949281382043 	 78.99866666666667 	 77.91066666666667 	 78.49266666666666 	 8.73071197300401 	 8.725060814815118 	 8.730365373542826 	 79.08 	 78.76333333333334 	 78.93133333333333 	 8.732559762177411 	 8.731513169103179 	 8.735365946668875
10.959999999999999 	 0.009999999999999787 	 78.23266666666666 	 72.886 	 75.66866666666667 	 8.914774229084859 	 8.534303564634511 	 8.70005085553463 	 78.94866666666667 	 77.80466666666666 	 78.45666666666666 	 8.95808935481718 	 8.907665887063544 	 8.935404610623715 	 79.02066666666667 	 78.70133333333334 	 78.87866666666666 	 8.95828701383374 	 8.953367982062517 	 8.963552767860644
10.969999999999999 	 0.010000000000000675 	 78.45333333333333 	 73.23933333333333 	 75.942 	 8.977294816492451 	 8.772573903301636 	 8.869872377886843 	 79.15533333333333 	 78.05533333333334 	 78.672 	 9.020672825361878 	 8.994531943847267 	 8.999356421433701 	 79.22 	 78.92 	 79.088 	 9.011082065989633 	 8.993345688155586 	 9.019696373308065
10.98 	 0.010000000000000675 	 78.52666666666667 	 73.30266666666667 	 76.002 	 8.75960171595845 	 8.492058617058385 	 8.648506383570904 	 79.214 	 78.09133333333334 	 78.71066666666667 	 8.810838249943457 	 8.720721962977352 	 8.781587910066278 	 79.29533333333333 	 78.97466666666666 	 79.13733333333333 	 8.813405219071432 	 8.800948332739805 	 8.806804540934369
10.99 	 0.009999999999999787 	 78.124 	 72.95266666666667 	 75.65666666666667 	 8.591194561875549 	 8.2871643454736 	 8.413726219035706 	 78.78866666666667 	 77.69933333333333 	 78.27866666666667 	 8.660716187988664 	 8.586788275536371 	 8.651917603758267 	 78.87533333333333 	 78.54466666666667 	 78.71066666666667 	 8.663859314544657 	 8.654401860068411 	 8.66542668052506
11.0 	 0.009999999999999787 	 78.18866666666666 	 73.038 	 75.71266666666666 	 9.08976007506371 	 8.757580868405764 	 8.932903944904416 	 78.896 	 77.79133333333333 	 78.38466666666666 	 9.116496988061442 	 9.030603056028736 	 9.08497100833141 	 78.97133333333333 	 78.65066666666667 	 78.83066666666667 	 9.11532655598373 	 9.119756916838421 	 9.127211671090404
11.01 	 0.009999999999999787 	 77.99533333333333 	 72.862 	 75.522 	 8.68558066887618 	 8.406839834325382 	 8.555398841277555 	 78.72333333333333 	 77.58066666666667 	 78.21133333333333 	 8.732246115531915 	 8.647359494216847 	 8.708310488008312 	 78.80466666666666 	 78.46466666666667 	 78.63533333333334 	 8.731543098953866 	 8.723268780808157 	 8.730464948799819
11.02 	 0.009999999999999787 	 77.946 	 72.936 	 75.59133333333334 	 9.014603929180694 	 8.650928890394757 	 8.824378630941798 	 78.672 	 77.568 	 78.2 	 9.084588561587879 	 8.997113018444677 	 9.074579880082604 	 78.74866666666667 	 78.444 	 78.594 	 9.093963101359543 	 9.080612901487799 	 9.090498556184915
11.03 	 0.009999999999999787 	 78.222 	 73.07066666666667 	 75.69333333333333 	 8.882232226942355 	 8.588228739902595 	 8.718445325222204 	 78.888 	 77.81133333333334 	 78.39533333333334 	 8.88778877636802 	 8.820415989182269 	 8.86109727341309 	 78.962 	 78.65533333333333 	 78.82066666666667 	 8.897296743018822 	 8.872609812726404 	 8.886047465299493
11.04 	 0.009999999999999787 	 78.60266666666666 	 73.36733333333333 	 76.102 	 8.46204031083652 	 8.163438790662234 	 8.304994240415423 	 79.288 	 78.16333333333333 	 78.77933333333333 	 8.492333169787127 	 8.454229053490856 	 8.484494065974443 	 79.36533333333334 	 79.048 	 79.21133333333333 	 8.501207652772372 	 8.49009399241257 	 8.492506788667027
11.049999999999999 	 0.010000000000000675 	 78.132 	 73.00933333333333 	 75.686 	 8.936213366596242 	 8.6068913990799 	 8.796935299674919 	 78.82266666666666 	 77.75866666666667 	 78.35466666666666 	 8.964256032835198 	 8.933779988833892 	 8.948643000788195 	 78.906 	 78.60733333333333 	 78.76733333333334 	 8.959901264336938 	 8.958188780229083 	 8.970611251315164
11.06 	 0.010000000000000675 	 78.12066666666666 	 72.95533333333333 	 75.61133333333333 	 8.688427526824913 	 8.469868449719604 	 8.574551779668848 	 78.83533333333334 	 77.69466666666666 	 78.318 	 8.745068222845504 	 8.69207138079807 	 8.723199489483966 	 78.928 	 78.59066666666666 	 78.764 	 8.751770259019981 	 8.738370150599533 	 8.748960166785537
11.07 	 0.009999999999999787 	 77.80666666666667 	 72.712 	 75.306 	 9.038507743107942 	 8.723362654389648 	 8.85846284634078 	 78.518 	 77.39466666666667 	 77.98133333333334 	 9.056949964898044 	 8.982663203205508 	 9.016040421875275 	 78.598 	 78.26266666666666 	 78.44666666666667 	 9.069457683162023 	 9.048186165684749 	 9.05298232014671
11.08 	 0.009999999999999787 	 78.24333333333334 	 73.05533333333334 	 75.764 	 8.651866208448261 	 8.251076993675163 	 8.45901712178588 	 78.93066666666667 	 77.85133333333333 	 78.472 	 8.684268893938178 	 8.61525187611418 	 8.66440319160337 	 79.01066666666667 	 78.70466666666667 	 78.85866666666666 	 8.694052730970114 	 8.673490928622044 	 8.680784808350504
11.09 	 0.009999999999999787 	 77.83933333333333 	 72.69933333333333 	 75.358 	 8.834790294939408 	 8.562920036737209 	 8.689255971217174 	 78.57066666666667 	 77.42666666666666 	 78.07066666666667 	 8.831666861672012 	 8.79670140197765 	 8.827249829678298 	 78.66133333333333 	 78.32933333333334 	 78.49933333333334 	 8.83206119141443 	 8.810573546723404 	 8.814798138484068
11.1 	 0.009999999999999787 	 78.09533333333333 	 73.166 	 75.67866666666667 	 8.712954620691091 	 8.319201323845135 	 8.506041669830267 	 78.744 	 77.698 	 78.26933333333334 	 8.70852823386363 	 8.655795515144751 	 8.710881674983053 	 78.81666666666666 	 78.528 	 78.68333333333334 	 8.720954968095842 	 8.712206915204284 	 8.711776831138156
11.11 	 0.009999999999999787 	 78.26466666666667 	 73.04 	 75.70866666666667 	 8.77116211735303 	 8.467805697660602 	 8.607736339415194 	 78.97466666666666 	 77.85933333333334 	 78.48266666666666 	 8.834818893949603 	 8.785871967097075 	 8.792214333652751 	 79.05933333333333 	 78.73533333333333 	 78.90533333333333 	 8.83982350251155 	 8.815135746102962 	 8.83012107630593
11.12 	 0.009999999999999787 	 78.138 	 72.94066666666667 	 75.584 	 9.2085624647209 	 8.824198521993686 	 9.087882628350053 	 78.80866666666667 	 77.744 	 78.31133333333334 	 9.276999778424535 	 9.203249281277419 	 9.251580309451041 	 78.89266666666667 	 78.57133333333333 	 78.74666666666667 	 9.288046774693207 	 9.254741751604358 	 9.280292140995467
11.129999999999999 	 0.009999999999999787 	 78.07866666666666 	 72.824 	 75.54333333333334 	 8.935872176545251 	 8.621196204703846 	 8.771399862938388 	 78.754 	 77.64533333333334 	 78.27333333333333 	 8.92211581782408 	 8.866991873735358 	 8.873102927136346 	 78.83133333333333 	 78.51133333333334 	 78.67266666666667 	 8.926153607362032 	 8.89999278401705 	 8.917483925163843
11.139999999999999 	 0.010000000000000675 	 77.64333333333333 	 72.48933333333333 	 75.19333333333333 	 8.494240532397363 	 8.293806095849815 	 8.397457287113099 	 78.33733333333333 	 77.21533333333333 	 77.81733333333334 	 8.516231926281847 	 8.49931163225718 	 8.533305312453994 	 78.414 	 78.09866666666667 	 78.26866666666666 	 8.523375935234426 	 8.536954856517763 	 8.52356448650185
11.15 	 0.010000000000000675 	 77.714 	 72.65666666666667 	 75.29333333333334 	 8.69177028381829 	 8.382767376522438 	 8.554489399659625 	 78.40133333333333 	 77.33666666666667 	 77.902 	 8.728894444442677 	 8.659291092359826 	 8.698375097300262 	 78.47866666666667 	 78.16933333333333 	 78.33266666666667 	 8.740797726116815 	 8.72685469621724 	 8.719212477180621
11.16 	 0.009999999999999787 	 77.584 	 72.55266666666667 	 75.172 	 8.807209773815995 	 8.463208191276456 	 8.627692777716803 	 78.25733333333334 	 77.21066666666667 	 77.78133333333334 	 8.869899260357407 	 8.758288620247425 	 8.801222541341755 	 78.32866666666666 	 78.018 	 78.19266666666667 	 8.88035161966512 	 8.841814067260179 	 8.857061940746616
11.17 	 0.009999999999999787 	 77.86333333333333 	 72.736 	 75.43666666666667 	 8.73677985428397 	 8.549052813031395 	 8.65520973492587 	 78.53666666666666 	 77.44733333333333 	 78.066 	 8.765880192858875 	 8.739368372803355 	 8.755206679456515 	 78.63 	 78.318 	 78.47866666666667 	 8.762710767793262 	 8.769314454391516 	 8.773532824479672
11.18 	 0.009999999999999787 	 77.61933333333333 	 72.51133333333334 	 75.10666666666667 	 8.765068523532616 	 8.472418282613031 	 8.557528199713332 	 78.29333333333334 	 77.20266666666667 	 77.79 	 8.787450647877852 	 8.727213733807345 	 8.760017123270936 	 78.38133333333333 	 78.04466666666667 	 78.22933333333333 	 8.799010449413553 	 8.766527527412943 	 8.781537805089847
11.19 	 0.009999999999999787 	 77.55666666666667 	 72.438 	 75.074 	 9.038074401601753 	 8.729460999015537 	 8.909275541067672 	 78.266 	 77.156 	 77.76266666666666 	 9.023113505510906 	 9.0296362422119 	 9.016189488297641 	 78.33933333333333 	 78.01266666666666 	 78.2 	 9.020431598444844 	 9.007210420299703 	 9.019016945691291
11.2 	 0.009999999999999787 	 77.79133333333333 	 72.62733333333334 	 75.26266666666666 	 8.735204150765771 	 8.457764847891092 	 8.594669252249068 	 78.44333333333333 	 77.35533333333333 	 77.982 	 8.77603491839503 	 8.70078951717729 	 8.749952914159024 	 78.51666666666667 	 78.212 	 78.37066666666666 	 8.771187047499456 	 8.754601989810844 	 8.7721494641976
11.209999999999999 	 0.009999999999999787 	 77.678 	 72.516 	 75.18533333333333 	 8.753874342255548 	 8.404071076964227 	 8.60311871099984 	 78.37 	 77.24933333333334 	 77.868 	 8.828576706732894 	 8.745694153251772 	 8.77062764762781 	 78.45666666666666 	 78.12933333333334 	 78.298 	 8.829351932931178 	 8.790104638487279 	 8.818004082557458
11.219999999999999 	 0.010000000000000675 	 77.61266666666667 	 72.53933333333333 	 75.18066666666667 	 8.751074575286296 	 8.471311560529193 	 8.669026832477924 	 78.33933333333333 	 77.22 	 77.84733333333334 	 8.820063466639883 	 8.748538925634001 	 8.785064573214903 	 78.402 	 78.11133333333333 	 78.27133333333333 	 8.810697815723792 	 8.790540648270099 	 8.808502231114865
11.23 	 0.010000000000000675 	 77.364 	 72.32 	 74.99 	 8.72900360866004 	 8.57377396483019 	 8.6298261859669 	 78.06 	 76.996 	 77.60066666666667 	 8.760616416668407 	 8.752598699814815 	 8.753658257488059 	 78.13466666666666 	 77.84533333333333 	 77.99333333333334 	 8.775754377196805 	 8.7638696678782 	 8.75655690833383
11.24 	 0.009999999999999787 	 77.63533333333334 	 72.506 	 75.17733333333334 	 8.789597159268576 	 8.497016966755647 	 8.620859560134102 	 78.328 	 77.18666666666667 	 77.82866666666666 	 8.803053409660386 	 8.767961881506759 	 8.788362279489595 	 78.4 	 78.08133333333333 	 78.256 	 8.800530287052782 	 8.80749973349733 	 8.804078448840249
11.25 	 0.009999999999999787 	 77.30466666666666 	 72.21733333333333 	 74.82666666666667 	 8.903923005557095 	 8.658296573550455 	 8.73334351144445 	 78.00133333333333 	 76.85 	 77.472 	 8.92360156488897 	 8.87698334646029 	 8.925836057946244 	 78.08266666666667 	 77.74266666666666 	 77.92 	 8.945156951607327 	 8.919143057989869 	 8.911730097648455
11.26 	 0.009999999999999787 	 77.78133333333334 	 72.62733333333334 	 75.28666666666666 	 8.60899828990316 	 8.347162365472206 	 8.444751164020301 	 78.45333333333333 	 77.37866666666666 	 77.96733333333333 	 8.675626138146393 	 8.576748308977916 	 8.631546764952128 	 78.53266666666667 	 78.21466666666667 	 78.37866666666666 	 8.681681839111334 	 8.650891180810346 	 8.66406053123412
11.27 	 0.009999999999999787 	 77.618 	 72.47266666666667 	 75.16666666666667 	 8.728654497305603 	 8.453554650099697 	 8.566770427387182 	 78.312 	 77.22466666666666 	 77.80466666666666 	 8.790069548454476 	 8.659225805783999 	 8.734978242038665 	 78.38466666666666 	 78.07133333333333 	 78.24 	 8.793597949013185 	 8.762776094873638 	 8.772897658888615
11.28 	 0.009999999999999787 	 77.29 	 72.248 	 74.85866666666666 	 8.559705991835623 	 8.367386848154368 	 8.446539225557938 	 77.99 	 76.896 	 77.50266666666667 	 8.639477221838522 	 8.564725175586975 	 8.609490474018902 	 78.07333333333334 	 77.76066666666667 	 77.92066666666666 	 8.640213474729018 	 8.625044128711588 	 8.645598469099111
11.29 	 0.009999999999999787 	 77.63333333333334 	 72.458 	 75.20133333333334 	 8.725989278522459 	 8.516664213959203 	 8.638950450655965 	 78.29066666666667 	 77.212 	 77.82266666666666 	 8.731829488842656 	 8.727832262366183 	 8.722340256809268 	 78.37466666666667 	 78.07266666666666 	 78.234 	 8.739086044254794 	 8.712484503413606 	 8.730668779270768
11.299999999999999 	 0.010000000000000675 	 76.716 	 71.68066666666667 	 74.27533333333334 	 8.747304956385138 	 8.39825534792131 	 8.556840824094422 	 77.43266666666666 	 76.28733333333334 	 76.88933333333334 	 8.812725622013254 	 8.715088805565259 	 8.769326440623717 	 77.50666666666666 	 77.19133333333333 	 77.37866666666666 	 8.814341848500217 	 8.802427215767755 	 8.815702555982453
11.31 	 0.010000000000000675 	 77.58733333333333 	 72.524 	 75.15133333333333 	 8.645521358226787 	 8.312405829040511 	 8.46698086031195 	 78.26466666666667 	 77.20466666666667 	 77.808 	 8.647925660077231 	 8.592095876766946 	 8.638082503271969 	 78.344 	 78.04066666666667 	 78.206 	 8.662890048938634 	 8.651185634864675 	 8.646823925581
11.32 	 0.009999999999999787 	 77.152 	 72.12266666666666 	 74.694 	 8.747546094000686 	 8.454798611176706 	 8.637922049505502 	 77.89 	 76.76533333333333 	 77.414 	 8.78979901173324 	 8.725418703738839 	 8.74932020216428 	 77.984 	 77.65733333333333 	 77.82333333333334 	 8.805514030045794 	 8.79370492012452 	 8.791972980445793
11.33 	 0.009999999999999787 	 77.09666666666666 	 72.11933333333333 	 74.67 	 8.752941727721538 	 8.386323760875335 	 8.51483607201767 	 77.77666666666667 	 76.69466666666666 	 77.27 	 8.784614707291126 	 8.682632370939638 	 8.71380705164702 	 77.85466666666666 	 77.52066666666667 	 77.70133333333334 	 8.78416443885751 	 8.75398421037847 	 8.765850304194998
11.34 	 0.009999999999999787 	 77.49133333333333 	 72.33533333333334 	 75.03533333333333 	 8.688340360634028 	 8.426637420835325 	 8.60786955188229 	 78.18133333333333 	 77.07466666666667 	 77.67733333333334 	 8.70833613397084 	 8.71005692033959 	 8.72986557106631 	 78.27 	 77.948 	 78.122 	 8.709751240228773 	 8.714047815644193 	 8.704354236051442
11.35 	 0.009999999999999787 	 77.598 	 72.588 	 75.204 	 8.80138602721185 	 8.524372274054357 	 8.657542992481565 	 78.27133333333333 	 77.2 	 77.804 	 8.843399321276607 	 8.76234367430693 	 8.829585720745905 	 78.34333333333333 	 78.03333333333333 	 78.20866666666667 	 8.849790330221891 	 8.826034720580296 	 8.839445206321239
11.36 	 0.009999999999999787 	 77.31 	 72.19933333333333 	 74.87266666666666 	 8.689643260801907 	 8.371833703290788 	 8.511509044947449 	 78.01733333333334 	 76.93733333333333 	 77.55333333333333 	 8.722902778828209 	 8.65247977300278 	 8.69914682917558 	 78.09466666666667 	 77.802 	 77.954 	 8.735237349697806 	 8.703416723716419 	 8.709375255053219
11.37 	 0.009999999999999787 	 76.962 	 71.86466666666666 	 74.47466666666666 	 8.729522094593724 	 8.444229877390963 	 8.580755107927404 	 77.65333333333334 	 76.604 	 77.152 	 8.767125463279791 	 8.729290769205328 	 8.742285894814163 	 77.71666666666667 	 77.43066666666667 	 77.592 	 8.77627800126885 	 8.750153878012025 	 8.755581229516785
11.379999999999999 	 0.009999999999999787 	 77.10333333333334 	 72.04 	 74.69466666666666 	 8.837382090994042 	 8.571798722166388 	 8.677640129794634 	 77.77266666666667 	 76.69 	 77.282 	 8.883523300032607 	 8.825223321064836 	 8.850977874412145 	 77.84866666666667 	 77.54 	 77.70133333333334 	 8.887543617645742 	 8.88761685342777 	 8.87912147806427
11.389999999999999 	 0.010000000000000675 	 77.498 	 72.406 	 75.08866666666667 	 9.20329629353889 	 8.868962584955094 	 9.007523053290264 	 78.19733333333333 	 77.12066666666666 	 77.70733333333334 	 9.311841541225284 	 9.203374719211547 	 9.261480059304176 	 78.26866666666666 	 77.94333333333333 	 78.12133333333334 	 9.30880326477159 	 9.29143632001473 	 9.319367551264172
11.4 	 0.010000000000000675 	 77.32933333333334 	 72.306 	 74.88133333333333 	 8.949909099476312 	 8.584580983756089 	 8.756136032647175 	 78.01 	 76.92066666666666 	 77.53533333333333 	 8.961504709961751 	 8.897473773805435 	 8.914898665841482 	 78.09466666666667 	 77.788 	 77.95 	 8.976434233901319 	 8.942355543516857 	 8.95794805373046
11.41 	 0.009999999999999787 	 76.932 	 71.90066666666667 	 74.486 	 8.492705261968455 	 8.16921862168524 	 8.348760626584045 	 77.614 	 76.542 	 77.138 	 8.553654423695173 	 8.495110515270927 	 8.53066757840987 	 77.694 	 77.37866666666666 	 77.532 	 8.55049885484272 	 8.553631483501936 	 8.55497765436396
11.42 	 0.009999999999999787 	 76.85533333333333 	 71.85466666666666 	 74.44733333333333 	 8.797560545716951 	 8.52167109329046 	 8.673055568188692 	 77.49533333333333 	 76.42266666666667 	 77.02733333333333 	 8.840850914300551 	 8.770405894572699 	 8.8192924634324 	 77.57 	 77.28533333333333 	 77.42533333333333 	 8.852255833025463 	 8.828736313249417 	 8.835709265374353
11.43 	 0.009999999999999787 	 76.95733333333334 	 71.936 	 74.554 	 8.783137986442481 	 8.528691028913327 	 8.673739139878872 	 77.62733333333334 	 76.56266666666667 	 77.158 	 8.80305550489273 	 8.744335665001786 	 8.79824050591935 	 77.70733333333334 	 77.414 	 77.56733333333334 	 8.808576098830553 	 8.794085360816856 	 8.797052511431819
11.44 	 0.009999999999999787 	 76.82466666666667 	 71.93333333333334 	 74.468 	 9.019271490659444 	 8.696793789795306 	 8.91304153100014 	 77.53333333333333 	 76.43933333333334 	 77.05066666666667 	 9.068676247881434 	 9.011011017391752 	 9.034827035176464 	 77.632 	 77.30066666666667 	 77.458 	 9.076301155573601 	 9.062942838222522 	 9.061285927872857
11.45 	 0.009999999999999787 	 76.988 	 71.87466666666667 	 74.54933333333334 	 8.874299371405797 	 8.596372775123754 	 8.730152703259103 	 77.65733333333333 	 76.53533333333333 	 77.134 	 8.899807838125247 	 8.825611492821459 	 8.856713686990979 	 77.73933333333333 	 77.40266666666666 	 77.58133333333333 	 8.905768891878767 	 8.875914575724327 	 8.882907832211002
11.459999999999999 	 0.009999999999999787 	 77.17466666666667 	 72.01933333333334 	 74.664 	 8.968472085899334 	 8.663734350087664 	 8.827708498434536 	 77.86466666666666 	 76.73466666666667 	 77.36066666666666 	 9.014341437706669 	 8.955757825121346 	 8.982051708206143 	 77.94666666666667 	 77.62266666666666 	 77.786 	 9.034368944327115 	 9.005199584437623 	 9.009117825847323
11.469999999999999 	 0.010000000000000675 	 77.0 	 71.95733333333334 	 74.61666666666666 	 8.810751008474439 	 8.553645200861574 	 8.659429670724407 	 77.726 	 76.60133333333333 	 77.21266666666666 	 8.87139169841275 	 8.802635867864932 	 8.849751760485841 	 77.80133333333333 	 77.49533333333333 	 77.664 	 8.876440627989478 	 8.867053901318572 	 8.86839542044294
11.48 	 0.010000000000000675 	 77.086 	 71.932 	 74.63266666666667 	 8.887065732475108 	 8.593837481978971 	 8.7276800786667 	 77.754 	 76.66933333333333 	 77.25933333333333 	 8.90116943627821 	 8.857764553705913 	 8.86401411450942 	 77.84133333333334 	 77.52333333333333 	 77.67666666666666 	 8.908880862500196 	 8.87656778014766 	 8.877018393332051
11.49 	 0.009999999999999787 	 76.904 	 71.79466666666667 	 74.46866666666666 	 9.010740850044833 	 8.638238915169895 	 8.839590010603182 	 77.60733333333333 	 76.51 	 77.11 	 9.079710690447257 	 8.967825823464683 	 9.045472163832393 	 77.68733333333333 	 77.36533333333334 	 77.52933333333333 	 9.0968990809445 	 9.067590541164849 	 9.075009984689947
11.5 	 0.009999999999999787 	 76.57533333333333 	 71.60866666666666 	 74.22466666666666 	 8.742100713723728 	 8.447614548235233 	 8.638105013382404 	 77.238 	 76.17733333333334 	 76.75933333333333 	 8.783470612462935 	 8.702445224699142 	 8.756944647281696 	 77.322 	 77.00866666666667 	 77.178 	 8.78473957117303 	 8.779934978245695 	 8.778970099049205
11.51 	 0.009999999999999787 	 77.14733333333334 	 72.09666666666666 	 74.662 	 8.695839592714567 	 8.395672827249893 	 8.602931050907399 	 77.82266666666666 	 76.74733333333333 	 77.338 	 8.718211947157258 	 8.684439699191243 	 8.699181340792938 	 77.90866666666666 	 77.584 	 77.75 	 8.721409952270077 	 8.69139098955589 	 8.710424788722992
11.52 	 0.009999999999999787 	 76.41666666666667 	 71.448 	 73.96466666666667 	 8.86756574389061 	 8.609178977502248 	 8.682362479315305 	 77.09466666666667 	 75.98666666666666 	 76.60866666666666 	 8.920035774716501 	 8.801050442355667 	 8.88021348592226 	 77.16266666666667 	 76.86533333333334 	 77.03066666666666 	 8.93025976976905 	 8.903063043444968 	 8.92556587686306
11.53 	 0.009999999999999787 	 76.52 	 71.376 	 74.03533333333333 	 8.831323041688979 	 8.469393366705788 	 8.632540272454891 	 77.21466666666667 	 76.07866666666666 	 76.70533333333333 	 8.84800833835251 	 8.800936212825441 	 8.85745476358129 	 77.298 	 76.97933333333333 	 77.14933333333333 	 8.849097656446862 	 8.866655112774428 	 8.858914505864826
11.54 	 0.009999999999999787 	 76.61133333333333 	 71.57533333333333 	 74.196 	 8.470199026915221 	 8.148639450171354 	 8.349785466305907 	 77.26533333333333 	 76.204 	 76.81266666666667 	 8.531682027725964 	 8.44020442090514 	 8.490165264717891 	 77.334 	 77.04666666666667 	 77.20866666666667 	 8.540947098146278 	 8.495203875651772 	 8.525478963410535
11.549999999999999 	 0.010000000000000675 	 76.74133333333333 	 71.66466666666666 	 74.26866666666666 	 8.871062970254592 	 8.635520726755406 	 8.760697359355717 	 77.40533333333333 	 76.35 	 76.93266666666666 	 8.880448837505655 	 8.868417746888863 	 8.916733308162181 	 77.49066666666667 	 77.18533333333333 	 77.338 	 8.884626022267653 	 8.899381152017757 	 8.894928667504873
11.56 	 0.010000000000000675 	 76.65333333333334 	 71.542 	 74.20066666666666 	 8.859937295990807 	 8.597455204884756 	 8.750413298175628 	 77.36866666666667 	 76.26666666666667 	 76.84733333333334 	 8.885461058505756 	 8.82184158148903 	 8.861980190052837 	 77.44133333333333 	 77.126 	 77.3 	 8.888713342711018 	 8.87247376252343 	 8.884856029597028
11.57 	 0.009999999999999787 	 76.34066666666666 	 71.33866666666667 	 73.98066666666666 	 8.55565775119339 	 8.164800766433652 	 8.391759423519135 	 77.03533333333333 	 75.98 	 76.55466666666666 	 8.542877241044469 	 8.506052746916946 	 8.512129280555419 	 77.104 	 76.80333333333333 	 76.96266666666666 	 8.54968911715508 	 8.526624315766599 	 8.53494422295125
11.58 	 0.009999999999999787 	 76.15666666666667 	 71.088 	 73.75133333333333 	 8.86687405772494 	 8.47310977937459 	 8.668804121035894 	 76.834 	 75.73266666666666 	 76.36066666666666 	 8.876323037534554 	 8.826014552950209 	 8.842996450424607 	 76.91533333333334 	 76.60933333333334 	 76.76333333333334 	 8.888353703333118 	 8.853589454126627 	 8.870963244703976
11.59 	 0.009999999999999787 	 76.49533333333333 	 71.42666666666666 	 74.076 	 8.661368919261871 	 8.328142383242229 	 8.485333857112911 	 77.16933333333333 	 76.07066666666667 	 76.668 	 8.67997654886745 	 8.589393045430445 	 8.646643433533423 	 77.24333333333334 	 76.93266666666666 	 77.08933333333333 	 8.681942307008393 	 8.662339919957475 	 8.683625561301506
11.6 	 0.009999999999999787 	 76.87933333333334 	 71.91933333333333 	 74.50533333333334 	 8.503613323496992 	 8.31910409172099 	 8.415262219457112 	 77.578 	 76.47066666666667 	 77.06266666666667 	 8.540799103909032 	 8.473870006607894 	 8.518689622758238 	 77.64866666666667 	 77.32666666666667 	 77.50666666666666 	 8.537519051548614 	 8.529710168320818 	 8.533343749993643
11.61 	 0.009999999999999787 	 76.58266666666667 	 71.45 	 74.16066666666667 	 8.610255487240524 	 8.302017827010491 	 8.496206186031243 	 77.26466666666667 	 76.16866666666667 	 76.794 	 8.631489919024537 	 8.569337871478494 	 8.60524436995642 	 77.35266666666666 	 77.03866666666667 	 77.19933333333333 	 8.64061877928247 	 8.616641160503836 	 8.625983976078066
11.62 	 0.009999999999999787 	 76.47666666666667 	 71.44866666666667 	 73.99066666666667 	 8.47255110472768 	 8.160189839839648 	 8.301560870636852 	 77.144 	 76.07666666666667 	 76.674 	 8.501799652622575 	 8.477664117484775 	 8.484715119947555 	 77.22533333333334 	 76.908 	 77.08466666666666 	 8.51484340561952 	 8.503305396530614 	 8.5085152380163
11.629999999999999 	 0.009999999999999787 	 76.73333333333333 	 71.74866666666667 	 74.28466666666667 	 8.618094659236203 	 8.311688449941377 	 8.414568609791525 	 77.378 	 76.33333333333333 	 76.90266666666666 	 8.656507147805055 	 8.579251456598971 	 8.63140735273738 	 77.45733333333334 	 77.154 	 77.30466666666666 	 8.662034762238155 	 8.654456501325392 	 8.661245766182958
11.639999999999999 	 0.010000000000000675 	 76.714 	 71.70133333333334 	 74.32 	 8.834489458933097 	 8.5497055439874 	 8.707253681079164 	 77.422 	 76.33333333333333 	 76.95066666666666 	 8.892838841824734 	 8.819271826832166 	 8.867256221001448 	 77.50333333333333 	 77.19933333333333 	 77.35933333333334 	 8.894979233003053 	 8.88869691737146 	 8.89304294878243
11.65 	 0.010000000000000675 	 75.902 	 70.91466666666666 	 73.54866666666666 	 8.43961270833364 	 8.239622860840713 	 8.286593483184484 	 76.59133333333334 	 75.49733333333333 	 76.11333333333333 	 8.483807609532146 	 8.365045898791523 	 8.427128151920373 	 76.67866666666667 	 76.36266666666667 	 76.514 	 8.492236349879944 	 8.463833226670342 	 8.477291469960596
11.66 	 0.009999999999999787 	 76.814 	 71.75133333333333 	 74.40066666666667 	 8.594459688272051 	 8.238294618561673 	 8.414756852630319 	 77.49466666666666 	 76.41 	 77.032 	 8.625039413758577 	 8.558459752393146 	 8.589856964272844 	 77.572 	 77.26533333333333 	 77.434 	 8.622962522629138 	 8.620765524141241 	 8.624402046905436
11.67 	 0.009999999999999787 	 76.47733333333333 	 71.45933333333333 	 74.11466666666666 	 8.74956110645303 	 8.471620047087939 	 8.648710012995515 	 77.14666666666666 	 76.06666666666666 	 76.66733333333333 	 8.795594857022968 	 8.751126911559574 	 8.759413958073273 	 77.22866666666667 	 76.92666666666666 	 77.07733333333333 	 8.80411143853951 	 8.786274649828687 	 8.782977070573635
11.68 	 0.009999999999999787 	 76.50933333333333 	 71.444 	 74.08733333333333 	 8.77058984460123 	 8.512903774075369 	 8.668854569985331 	 77.19733333333333 	 76.09533333333333 	 76.71 	 8.842080800857278 	 8.7671115476472 	 8.79556138060556 	 77.27 	 76.97133333333333 	 77.13 	 8.853234813708866 	 8.815432200912719 	 8.826386576623527
11.69 	 0.009999999999999787 	 75.95533333333333 	 70.88933333333334 	 73.48333333333333 	 8.730483275410487 	 8.462687884013107 	 8.62865703468519 	 76.60533333333333 	 75.508 	 76.12733333333334 	 8.785835469031326 	 8.683121712072603 	 8.752320809679885 	 76.67866666666667 	 76.37333333333333 	 76.548 	 8.794737719543178 	 8.778266090496206 	 8.791190438918573
11.7 	 0.009999999999999787 	 75.98266666666666 	 70.95533333333333 	 73.59066666666666 	 8.566584279759478 	 8.219489332609957 	 8.364395548327977 	 76.67533333333333 	 75.572 	 76.18066666666667 	 8.629209594292066 	 8.549823545937464 	 8.595504225401141 	 76.74866666666667 	 76.42733333333334 	 76.606 	 8.636752759123201 	 8.635163744185103 	 8.637597891389326
11.709999999999999 	 0.009999999999999787 	 76.546 	 71.44733333333333 	 74.12333333333333 	 8.611381073904465 	 8.365438395897465 	 8.478450461152805 	 77.20666666666666 	 76.14333333333333 	 76.728 	 8.622912629861341 	 8.582314502639846 	 8.593913505111239 	 77.28133333333334 	 76.97666666666667 	 77.142 	 8.626211116256211 	 8.602874842490477 	 8.627272801992529
11.719999999999999 	 0.010000000000000675 	 76.15 	 71.098 	 73.728 	 8.527338388969914 	 8.237499377845197 	 8.409479730240946 	 76.85066666666667 	 75.75066666666666 	 76.354 	 8.573079934046781 	 8.494576675084456 	 8.557142279990442 	 76.93066666666667 	 76.614 	 76.78133333333334 	 8.570989415204965 	 8.561133336188615 	 8.568869133218351
11.73 	 0.010000000000000675 	 76.172 	 71.12333333333333 	 73.71133333333333 	 8.534854968500245 	 8.400404090809493 	 8.466246997473096 	 76.83533333333334 	 75.73933333333333 	 76.34 	 8.552205459542131 	 8.550909477294732 	 8.529736221009417 	 76.91733333333333 	 76.58866666666667 	 76.76666666666667 	 8.562700093363594 	 8.541787764995231 	 8.552127740445
11.74 	 0.009999999999999787 	 76.42466666666667 	 71.39066666666666 	 73.98066666666666 	 8.886787471046867 	 8.562751478869913 	 8.744996258178476 	 77.08733333333333 	 76.008 	 76.628 	 8.963093191279201 	 8.8494031437154 	 8.923766917619487 	 77.17066666666666 	 76.87533333333333 	 77.02666666666667 	 8.971967801002311 	 8.942023907122792 	 8.953320923297431
11.75 	 0.009999999999999787 	 76.31133333333334 	 71.31266666666667 	 73.91133333333333 	 8.62985543846992 	 8.34555208213067 	 8.488470900122248 	 76.98466666666667 	 75.90333333333334 	 76.51466666666667 	 8.697380729596443 	 8.617539607619387 	 8.679426914005068 	 77.05333333333333 	 76.76266666666666 	 76.924 	 8.704318213137405 	 8.689131499880883 	 8.695183954350822
11.76 	 0.009999999999999787 	 76.20066666666666 	 71.18866666666666 	 73.69266666666667 	 8.963949997381487 	 8.69649766029725 	 8.84342766628918 	 76.88533333333334 	 75.74866666666667 	 76.38933333333334 	 9.018657599049256 	 8.93674986906438 	 8.986012439094193 	 76.96533333333333 	 76.64066666666666 	 76.81466666666667 	 9.025157333193084 	 9.00863731217004 	 9.024207345923642
11.77 	 0.009999999999999787 	 76.02066666666667 	 70.95466666666667 	 73.566 	 8.887232765164994 	 8.608480986149003 	 8.823773418064027 	 76.71933333333334 	 75.60866666666666 	 76.22866666666667 	 8.918327172488995 	 8.886667441860432 	 8.909791143580316 	 76.79333333333334 	 76.48533333333333 	 76.652 	 8.918741814603424 	 8.90567898715321 	 8.907088712555485
11.78 	 0.009999999999999787 	 76.084 	 71.02666666666667 	 73.64933333333333 	 8.681144932169566 	 8.415736582273842 	 8.596803643732295 	 76.758 	 75.67533333333333 	 76.27133333333333 	 8.737701986220404 	 8.65974931636143 	 8.699676903323606 	 76.828 	 76.54133333333333 	 76.69733333333333 	 8.734362178583314 	 8.727903044578094 	 8.738977412845408
11.79 	 0.009999999999999787 	 75.94133333333333 	 70.87933333333334 	 73.49733333333333 	 8.651043764900407 	 8.395838625308507 	 8.539983970841059 	 76.65933333333334 	 75.52466666666666 	 76.16533333333334 	 8.709876360903307 	 8.622995895987787 	 8.703064492209371 	 76.73866666666666 	 76.43 	 76.60266666666666 	 8.705000759461324 	 8.713577527820208 	 8.71440146475298
11.799999999999999 	 0.010000000000000675 	 76.06066666666666 	 71.114 	 73.73266666666666 	 8.82441610281131 	 8.570239436561852 	 8.718707829846247 	 76.75533333333334 	 75.674 	 76.28133333333334 	 8.873150787002826 	 8.799150943888469 	 8.844330663701403 	 76.834 	 76.53333333333333 	 76.69666666666667 	 8.880603057600688 	 8.866992475217037 	 8.866904132158467
11.81 	 0.010000000000000675 	 75.86066666666666 	 70.83266666666667 	 73.43666666666667 	 8.550472865416404 	 8.310274738071072 	 8.417401948080865 	 76.51133333333334 	 75.436 	 76.01933333333334 	 8.547935709215933 	 8.531778087440703 	 8.564906667455414 	 76.59466666666667 	 76.25733333333334 	 76.43666666666667 	 8.545546884521526 	 8.550347725222771 	 8.551763300954695
11.82 	 0.009999999999999787 	 76.00066666666666 	 70.99466666666666 	 73.59533333333333 	 8.758957294614977 	 8.394758576371066 	 8.599510347817613 	 76.65266666666666 	 75.60933333333334 	 76.20266666666667 	 8.781952680861409 	 8.686966073121015 	 8.710774528644906 	 76.72133333333333 	 76.44866666666667 	 76.60066666666667 	 8.784665325946623 	 8.747915840676312 	 8.781943571265355
11.83 	 0.009999999999999787 	 75.86 	 70.80933333333333 	 73.43066666666667 	 8.918542481818427 	 8.615082484934327 	 8.776627648982773 	 76.516 	 75.428 	 76.01133333333334 	 8.956138155849688 	 8.898435218246707 	 8.927067728107714 	 76.59733333333334 	 76.27266666666667 	 76.444 	 8.963287690475088 	 8.952224279784078 	 8.962079223037476
11.84 	 0.009999999999999787 	 75.68333333333334 	 70.61733333333333 	 73.25466666666667 	 8.525904969887687 	 8.221773909699914 	 8.385571629624039 	 76.362 	 75.254 	 75.858 	 8.568875227628576 	 8.53800234246864 	 8.556820047969534 	 76.44066666666667 	 76.13 	 76.29933333333334 	 8.566513072553045 	 8.576543592846713 	 8.576735949972784
11.85 	 0.009999999999999787 	 75.83533333333334 	 70.95533333333333 	 73.47666666666667 	 8.70587262841711 	 8.548138484813846 	 8.64824388082472 	 76.50266666666667 	 75.43866666666666 	 76.002 	 8.726625515563784 	 8.669846493578893 	 8.68266449119547 	 76.58066666666667 	 76.27666666666667 	 76.432 	 8.736942231442049 	 8.698665925812355 	 8.719023798568278
11.86 	 0.009999999999999787 	 75.876 	 70.83466666666666 	 73.46533333333333 	 8.700763797889623 	 8.394879285744508 	 8.566414937935757 	 76.54866666666666 	 75.44733333333333 	 76.04933333333334 	 8.72458011724474 	 8.666211757291777 	 8.691465136685657 	 76.63066666666667 	 76.31133333333334 	 76.476 	 8.72977240380425 	 8.709060696896206 	 8.725370517443181
11.87 	 0.009999999999999787 	 75.642 	 70.564 	 73.15 	 8.70665469626538 	 8.426262754032775 	 8.640495741950613 	 76.35266666666666 	 75.22733333333333 	 75.85666666666667 	 8.743395196121217 	 8.69311909245212 	 8.71826371602868 	 76.42666666666666 	 76.12933333333334 	 76.28733333333334 	 8.746310968377214 	 8.727691918383819 	 8.738388842089574
11.879999999999999 	 0.009999999999999787 	 75.36533333333334 	 70.40666666666667 	 72.95933333333333 	 8.476705229955536 	 8.22945657717176 	 8.358648987060581 	 76.03866666666667 	 74.96133333333333 	 75.55733333333333 	 8.538374448466302 	 8.457570862185483 	 8.4818264280493 	 76.11933333333333 	 75.82066666666667 	 75.97733333333333 	 8.53993127737116 	 8.513705003633195 	 8.522410822192404
11.889999999999999 	 0.010000000000000675 	 75.954 	 70.936 	 73.55466666666666 	 8.475762541899499 	 8.226131371023278 	 8.396448349682673 	 76.63733333333333 	 75.52466666666666 	 76.13933333333334 	 8.51409456267795 	 8.46680133751164 	 8.485748025693171 	 76.716 	 76.40333333333334 	 76.57066666666667 	 8.51379335744845 	 8.492466596277485 	 8.509504855682785
11.9 	 0.010000000000000675 	 75.486 	 70.57933333333334 	 73.158 	 8.90388327267004 	 8.550382421597034 	 8.734893779167171 	 76.12666666666667 	 75.116 	 75.68733333333333 	 8.912984286359361 	 8.884886643433706 	 8.906715044778792 	 76.216 	 75.91066666666667 	 76.062 	 8.919716587425858 	 8.891045282879974 	 8.905250660892895
11.91 	 0.009999999999999787 	 75.236 	 70.216 	 72.89066666666666 	 8.510638675602829 	 8.26252649012395 	 8.430344766905378 	 75.93266666666666 	 74.824 	 75.432 	 8.518067047295544 	 8.503863278926035 	 8.514147598751935 	 76.008 	 75.68866666666666 	 75.856 	 8.515785499099108 	 8.501905956248216 	 8.503367803405895
11.92 	 0.009999999999999787 	 75.464 	 70.53466666666667 	 73.044 	 8.52975404100259 	 8.169993771247457 	 8.366962650807041 	 76.09933333333333 	 75.06266666666667 	 75.63466666666666 	 8.562484037292501 	 8.473335011801565 	 8.544073865681536 	 76.18533333333333 	 75.88 	 76.042 	 8.561638368650918 	 8.57385172097893 	 8.56957229582278
11.93 	 0.009999999999999787 	 75.146 	 70.242 	 72.786 	 8.68819221702651 	 8.498358821953017 	 8.593652929148737 	 75.8 	 74.73733333333334 	 75.344 	 8.706166397062104 	 8.702356360332656 	 8.706185387412791 	 75.86666666666666 	 75.584 	 75.74333333333334 	 8.703307161967544 	 8.691544396711093 	 8.700045338323756
