time 	 delTime 		 mean eVee 	 	 stdev eVee 	 	 mean eVth 	 	 stdev eVth 	 	 mean eVt 	 	 stdev eVt
 	  	 10 	 100 	 50 	 10 	 100 	 50 	 10 	 100 	 50 	 10 	 100 	 50 	 10 	 100 	 50 	 10 	 100 	 50
7.86 	 0.009999999999999787 	 100.78533333333333 	 94.01 	 97.554 	 9.794518103964528 	 9.536486075419322 	 9.626097374671973 	 101.68533333333333 	 100.23333333333333 	 101.04933333333334 	 9.870612184099267 	 9.787758794648662 	 9.833695450959533 	 101.77533333333334 	 101.38 	 101.592 	 9.877087537438465 	 9.859053369027542 	 9.866992246880505
7.87 	 0.010000000000000231 	 100.09333333333333 	 93.382 	 96.87133333333334 	 10.057399708119833 	 9.777597319041798 	 9.911816763618845 	 100.98333333333333 	 99.56866666666667 	 100.34333333333333 	 10.096751402747762 	 10.051199839930664 	 10.093700455674762 	 101.09333333333333 	 100.682 	 100.90266666666666 	 10.10336357633217 	 10.098029972887451 	 10.106822426240383
7.880000000000001 	 0.010000000000000231 	 100.05333333333333 	 93.53266666666667 	 96.922 	 9.624196358946318 	 9.376758478043229 	 9.459946229586437 	 100.956 	 99.488 	 100.296 	 9.661714685637671 	 9.591203747879268 	 9.623117166490283 	 101.06933333333333 	 100.63266666666667 	 100.87933333333334 	 9.659771885965469 	 9.637931981960076 	 9.665787063429214
7.890000000000001 	 0.009999999999999787 	 99.96133333333333 	 93.31 	 96.73666666666666 	 9.849255719201437 	 9.516331576120425 	 9.699380850801194 	 100.856 	 99.45866666666667 	 100.228 	 9.83642536697148 	 9.793277875949173 	 9.827445378462638 	 100.97933333333333 	 100.54066666666667 	 100.76333333333334 	 9.855433673303722 	 9.832209630709785 	 9.824764062759415
7.9 	 0.009999999999999787 	 99.87266666666666 	 93.25066666666666 	 96.72266666666667 	 9.98000264974358 	 9.573357103034558 	 9.779591993307061 	 100.77866666666667 	 99.36 	 100.14866666666667 	 10.042327662892149 	 9.96980775474967 	 10.003194400901256 	 100.87466666666667 	 100.462 	 100.68066666666667 	 10.056852964797466 	 10.02559504468438 	 10.040851203403468
7.91 	 0.010000000000000231 	 99.63866666666667 	 93.05933333333333 	 96.45666666666666 	 9.953965954443596 	 9.566459440264314 	 9.794902869463392 	 100.574 	 99.15533333333333 	 99.92 	 10.008422652945868 	 9.94125435859189 	 9.965487109686778 	 100.66866666666667 	 100.26 	 100.49733333333333 	 10.00860720691057 	 9.98140270703472 	 10.009361928825545
7.920000000000001 	 0.010000000000000231 	 99.882 	 93.224 	 96.66133333333333 	 9.735779852345335 	 9.436833367184143 	 9.588046632251128 	 100.76666666666667 	 99.36333333333333 	 100.11533333333334 	 9.798786772974612 	 9.729302247449311 	 9.7658946452551 	 100.85933333333334 	 100.46133333333333 	 100.68333333333334 	 9.801337301046674 	 9.787637009116256 	 9.801312270416764
7.930000000000001 	 0.009999999999999787 	 99.96466666666667 	 93.31733333333334 	 96.77333333333333 	 9.644311875688983 	 9.369843447049808 	 9.562389287667015 	 100.85 	 99.44066666666667 	 100.21 	 9.709557147470733 	 9.608528133324526 	 9.65646070428153 	 100.962 	 100.55333333333333 	 100.77466666666666 	 9.70954286599872 	 9.68898802191895 	 9.708616013051957
7.94 	 0.009999999999999787 	 99.72533333333334 	 93.19266666666667 	 96.63666666666667 	 10.081429704604842 	 9.704958160079254 	 9.86498803288118 	 100.636 	 99.22 	 99.99 	 10.169013587036519 	 10.033324473971724 	 10.102502990183504 	 100.74 	 100.31933333333333 	 100.548 	 10.184059439470426 	 10.131009799400825 	 10.157412531414353
7.95 	 0.010000000000000231 	 99.802 	 93.15533333333333 	 96.59133333333334 	 9.95577534231597 	 9.595860473257323 	 9.715914344803352 	 100.67466666666667 	 99.26866666666666 	 100.042 	 10.018756986550555 	 9.993288659006215 	 9.9943435335527 	 100.79533333333333 	 100.368 	 100.58266666666667 	 10.028897158821714 	 9.98742088829744 	 10.009953357644692
7.960000000000001 	 0.010000000000000231 	 99.12 	 92.488 	 95.956 	 9.970570027168291 	 9.635171128042648 	 9.782402431577498 	 100.01133333333334 	 98.60466666666666 	 99.38866666666667 	 10.018476508709073 	 9.918688331741361 	 9.964216220500681 	 100.11866666666667 	 99.71066666666667 	 99.932 	 10.020674539282385 	 9.978658204165304 	 10.004101292303405
7.970000000000001 	 0.009999999999999787 	 99.12066666666666 	 92.50666666666666 	 95.93933333333334 	 9.938784611588863 	 9.594822677997872 	 9.775870952958048 	 100.05133333333333 	 98.62933333333334 	 99.41133333333333 	 10.021611558138853 	 9.920749613254479 	 9.987832842458312 	 100.13733333333333 	 99.74466666666666 	 99.974 	 10.010185124273288 	 9.987365596370024 	 10.028093404697293
7.98 	 0.009999999999999787 	 99.30333333333333 	 92.73066666666666 	 96.11733333333333 	 10.393491018688358 	 9.97928485525001 	 10.206773872722412 	 100.16666666666667 	 98.76333333333334 	 99.528 	 10.425811985430945 	 10.328503710068022 	 10.390246195350715 	 100.272 	 99.85933333333334 	 100.07666666666667 	 10.432993306493268 	 10.383105487066745 	 10.417619156452632
7.99 	 0.009999999999999787 	 99.522 	 92.814 	 96.298 	 9.84988236816393 	 9.53838232266527 	 9.677251469296435 	 100.40933333333334 	 98.964 	 99.75866666666667 	 9.937091101301002 	 9.836803545867937 	 9.892105853771593 	 100.526 	 100.09933333333333 	 100.314 	 9.946724284909077 	 9.926066670920338 	 9.93368364035551
8.0 	 0.009999999999999787 	 99.29533333333333 	 92.694 	 96.09466666666667 	 10.097067803190301 	 9.731342695983257 	 9.95645711195615 	 100.18266666666666 	 98.73733333333334 	 99.52066666666667 	 10.200325136430155 	 10.067257466107087 	 10.129046000926685 	 100.27733333333333 	 99.868 	 100.088 	 10.18739840303805 	 10.16634526267921 	 10.183201330295564
8.01 	 0.009999999999999787 	 99.09133333333334 	 92.534 	 95.95 	 9.88637066313462 	 9.568534057001626 	 9.730065090566798 	 99.94333333333333 	 98.53266666666667 	 99.33066666666667 	 9.914305601279171 	 9.834002214538879 	 9.896598383058471 	 100.04533333333333 	 99.64733333333334 	 99.85266666666666 	 9.93038828825719 	 9.890279380392762 	 9.907453064346164
8.02 	 0.009999999999999787 	 99.494 	 92.848 	 96.35933333333334 	 9.588706760211897 	 9.328284729788216 	 9.485333216193421 	 100.388 	 98.93066666666667 	 99.748 	 9.640407460268472 	 9.514507846208103 	 9.576107211875467 	 100.486 	 100.09733333333334 	 100.30333333333333 	 9.634822468525304 	 9.600964858920285 	 9.628464167364504
8.03 	 0.010000000000000675 	 98.86466666666666 	 92.36866666666667 	 95.762 	 9.550969491220366 	 9.266467407929639 	 9.424861944170145 	 99.73666666666666 	 98.314 	 99.098 	 9.595936061108832 	 9.545648432662917 	 9.590293495682669 	 99.84733333333334 	 99.44266666666667 	 99.64866666666667 	 9.602709316761715 	 9.60375167433135 	 9.595896599878282
8.040000000000001 	 0.010000000000000675 	 98.88 	 92.20933333333333 	 95.68666666666667 	 9.845757123417851 	 9.587431680185379 	 9.687611791469672 	 99.792 	 98.368 	 99.15 	 9.863437669832292 	 9.85998187963176 	 9.863239832833834 	 99.884 	 99.468 	 99.69866666666667 	 9.886820048259533 	 9.858514560182652 	 9.865623728662854
8.05 	 0.009999999999999787 	 98.718 	 92.226 	 95.598 	 9.824517426655962 	 9.47939470641454 	 9.703627981327395 	 99.61733333333333 	 98.23466666666667 	 98.99933333333334 	 9.882116822264797 	 9.78881665757182 	 9.836157763860621 	 99.72066666666667 	 99.344 	 99.54 	 9.864818272809465 	 9.862808795334791 	 9.877874265245534
8.06 	 0.009999999999999787 	 99.308 	 92.64466666666667 	 96.192 	 9.982975641894889 	 9.648889654025252 	 9.833029509430618 	 100.19133333333333 	 98.82333333333334 	 99.57533333333333 	 10.021446579988119 	 9.937745664328952 	 9.97698977091231 	 100.284 	 99.89533333333334 	 100.106 	 10.028725941015638 	 10.004484572208382 	 10.018521048538053
8.07 	 0.009999999999999787 	 98.552 	 92.07133333333333 	 95.42666666666666 	 10.18596891153054 	 9.80691481671082 	 10.02991968506672 	 99.414 	 98.032 	 98.80133333333333 	 10.21723726519715 	 10.175213806107466 	 10.194534396212294 	 99.528 	 99.132 	 99.33533333333334 	 10.22082266747643 	 10.215735052685472 	 10.220382489037394
8.08 	 0.009999999999999787 	 98.34866666666667 	 91.85333333333334 	 95.25533333333334 	 10.045584347806198 	 9.670495793333913 	 9.834944749322297 	 99.28133333333334 	 97.87266666666666 	 98.646 	 10.128549660352277 	 10.039876471130286 	 10.070386487121535 	 99.37 	 98.97533333333334 	 99.20133333333334 	 10.139153482087808 	 10.099837864485195 	 10.113990222569043
8.09 	 0.009999999999999787 	 98.41 	 91.75933333333333 	 95.18866666666666 	 10.187078416634803 	 9.908317022694733 	 10.077155925932454 	 99.28533333333333 	 97.84933333333333 	 98.654 	 10.21234146619776 	 10.150597661659578 	 10.155636398900201 	 99.39666666666666 	 98.99 	 99.19266666666667 	 10.21361781588135 	 10.163623041678264 	 10.191542877416659
8.1 	 0.009999999999999787 	 97.51266666666666 	 90.89266666666667 	 94.30733333333333 	 9.966368758089489 	 9.61317565751413 	 9.780297177943464 	 98.338 	 96.96933333333334 	 97.73333333333333 	 9.937056371649168 	 9.893249864877006 	 9.93241606503115 	 98.44533333333334 	 98.062 	 98.252 	 9.926345998850175 	 9.926034253416619 	 9.932463407097623
8.11 	 0.009999999999999787 	 97.95666666666666 	 91.42466666666667 	 94.81 	 9.563827104715397 	 9.361000207717597 	 9.476316091534024 	 98.81 	 97.41133333333333 	 98.17666666666666 	 9.619246332223746 	 9.53782670330208 	 9.580403030260378 	 98.91466666666666 	 98.514 	 98.72733333333333 	 9.608228325532004 	 9.61050487747652 	 9.612473817331773
8.12 	 0.009999999999999787 	 98.42 	 91.82666666666667 	 95.25733333333334 	 9.788680537573319 	 9.51997665730098 	 9.671286344409184 	 99.31866666666667 	 97.896 	 98.67066666666666 	 9.840382016071441 	 9.774107836524006 	 9.790039473305962 	 99.42266666666667 	 98.99666666666667 	 99.228 	 9.850821601380375 	 9.805474094719859 	 9.820795079829331
8.129999999999999 	 0.009999999999999787 	 98.14266666666667 	 91.618 	 95.02133333333333 	 10.445460555773604 	 10.024108073373245 	 10.209711629402447 	 99.032 	 97.66666666666667 	 98.40066666666667 	 10.502395409302267 	 10.423285896917962 	 10.476074307148117 	 99.12933333333334 	 98.72 	 98.93666666666667 	 10.513702466569782 	 10.482060866070183 	 10.495554085209392
8.139999999999999 	 0.010000000000000675 	 98.32133333333333 	 91.81 	 95.19 	 10.01908569791786 	 9.709543415286497 	 9.869780477126463 	 99.22133333333333 	 97.78933333333333 	 98.59466666666667 	 10.078310616809192 	 9.972676983750262 	 10.013376298176798 	 99.318 	 98.916 	 99.126 	 10.087725676946876 	 10.054697608580778 	 10.083953788073407
8.15 	 0.010000000000000675 	 98.24733333333333 	 91.64533333333334 	 95.02866666666667 	 10.275901885263188 	 9.933019592360736 	 10.100553362178838 	 99.11133333333333 	 97.68266666666666 	 98.46866666666666 	 10.341450811607087 	 10.273102398442688 	 10.311337686686867 	 99.226 	 98.82266666666666 	 99.03866666666667 	 10.339580455705153 	 10.32875692208678 	 10.340785184028446
8.16 	 0.009999999999999787 	 97.618 	 91.12666666666667 	 94.48666666666666 	 9.97704411804084 	 9.488727815442676 	 9.699922107361939 	 98.53133333333334 	 97.10066666666667 	 97.892 	 10.04508262230276 	 9.898545325226104 	 9.971643261435565 	 98.63066666666667 	 98.25 	 98.44933333333333 	 10.055624937759408 	 10.02594135231201 	 10.039360847296118
8.17 	 0.009999999999999787 	 97.74533333333333 	 91.28266666666667 	 94.60666666666667 	 10.026322600479643 	 9.649392013086743 	 9.88473345900412 	 98.644 	 97.23933333333333 	 98.00733333333334 	 10.068892557443114 	 10.018352470452527 	 10.042739312004912 	 98.74066666666667 	 98.348 	 98.55533333333334 	 10.073335076108387 	 10.037408164793671 	 10.052807479615941
8.18 	 0.009999999999999787 	 97.45933333333333 	 90.96466666666667 	 94.316 	 9.958999927480448 	 9.706806111635737 	 9.853534594245865 	 98.30666666666667 	 96.91666666666667 	 97.67933333333333 	 9.988224177611464 	 9.932055286909263 	 9.95418703639607 	 98.41333333333333 	 98.0 	 98.21333333333334 	 10.00265742468248 	 9.977441221742843 	 9.984512451236109
8.19 	 0.009999999999999787 	 97.97066666666667 	 91.44066666666667 	 94.78 	 9.893388679090474 	 9.59603110087128 	 9.762424562235209 	 98.862 	 97.46266666666666 	 98.23466666666667 	 9.915726028217332 	 9.879166946436099 	 9.901966044960746 	 98.95733333333334 	 98.56066666666666 	 98.776 	 9.937111227894933 	 9.911322795447415 	 9.91956773251738
8.2 	 0.009999999999999787 	 96.74666666666667 	 90.27933333333333 	 93.64666666666666 	 10.274490525352368 	 10.026097922699316 	 10.125437713446708 	 97.66933333333333 	 96.22666666666667 	 97.03666666666666 	 10.281568924806932 	 10.246265444324365 	 10.286074189029662 	 97.76333333333334 	 97.37466666666667 	 97.58933333333333 	 10.282055025896115 	 10.307972232963937 	 10.295145436347926
8.209999999999999 	 0.009999999999999787 	 97.51666666666667 	 91.15066666666667 	 94.46933333333334 	 10.084793282737904 	 9.666572965063104 	 9.931283546898099 	 98.40466666666667 	 96.99466666666666 	 97.79133333333333 	 10.176160616307552 	 10.090720401548257 	 10.132774787238137 	 98.49866666666667 	 98.112 	 98.336 	 10.179685565980034 	 10.1570725441274 	 10.176268340277458
8.219999999999999 	 0.010000000000000675 	 97.45733333333334 	 90.928 	 94.266 	 9.979654948388191 	 9.551691787322286 	 9.740597722932613 	 98.298 	 96.88666666666667 	 97.664 	 10.011653010367468 	 9.933805357912389 	 9.979868269003688 	 98.39733333333334 	 97.992 	 98.222 	 10.016892044053495 	 9.987789344995218 	 10.006367106331183
8.23 	 0.010000000000000675 	 96.94666666666667 	 90.43 	 93.81733333333334 	 10.003923674683293 	 9.690739565860458 	 9.852510655778161 	 97.84533333333333 	 96.434 	 97.20866666666667 	 10.071481762327174 	 9.97358063418884 	 10.019969638454777 	 97.944 	 97.564 	 97.762 	 10.070064415550346 	 10.043467395941171 	 10.067705266511
8.24 	 0.009999999999999787 	 96.53866666666667 	 90.13666666666667 	 93.43 	 9.674942112947699 	 9.332487461669704 	 9.494056035225407 	 97.42266666666667 	 96.032 	 96.78666666666666 	 9.73111947425486 	 9.647675505875323 	 9.660563590644642 	 97.534 	 97.12066666666666 	 97.33866666666667 	 9.736093193199553 	 9.704746582071179 	 9.728307743670301
8.25 	 0.009999999999999787 	 97.07866666666666 	 90.61733333333333 	 93.99333333333334 	 10.08545875120325 	 9.73558247986335 	 9.93075805543341 	 97.96 	 96.586 	 97.35733333333333 	 10.1111687422045 	 10.058094783141918 	 10.092190688294037 	 98.06466666666667 	 97.69266666666667 	 97.88133333333333 	 10.11891717966349 	 10.093143525295885 	 10.10600076961978
8.26 	 0.009999999999999787 	 97.25866666666667 	 90.75666666666666 	 94.156 	 9.78337492325061 	 9.507617413889186 	 9.64605259506015 	 98.134 	 96.71333333333334 	 97.49733333333333 	 9.787681577711172 	 9.77045660254536 	 9.788938973260699 	 98.226 	 97.82333333333334 	 98.05066666666667 	 9.792186885471498 	 9.804698986823729 	 9.787411960722245
8.27 	 0.009999999999999787 	 96.70533333333333 	 90.21266666666666 	 93.59133333333334 	 9.79624953177944 	 9.423699179315001 	 9.599461350629118 	 97.58 	 96.18866666666666 	 96.934 	 9.814798350789825 	 9.75881165352057 	 9.769765128531322 	 97.68933333333334 	 97.266 	 97.49133333333333 	 9.820768107547506 	 9.808733047646877 	 9.82496437087122
8.28 	 0.009999999999999787 	 96.66333333333333 	 90.30933333333333 	 93.62733333333334 	 9.824628350335814 	 9.475950940260413 	 9.634267982340722 	 97.50533333333334 	 96.13933333333334 	 96.91533333333334 	 9.871202470936467 	 9.794484139328398 	 9.82853828851925 	 97.60933333333334 	 97.22466666666666 	 97.422 	 9.880859251884704 	 9.857494182374928 	 9.872989212999272
8.29 	 0.009999999999999787 	 96.698 	 90.326 	 93.65133333333333 	 9.839722015043582 	 9.448583174211889 	 9.693456464142304 	 97.59066666666666 	 96.228 	 96.97533333333334 	 9.89156776698663 	 9.766747121397858 	 9.845611114716151 	 97.68133333333333 	 97.30466666666666 	 97.50133333333333 	 9.887961614452642 	 9.863527676355059 	 9.888815140798663
8.299999999999999 	 0.009999999999999787 	 96.604 	 90.13933333333334 	 93.418 	 9.845905274105915 	 9.400350324441224 	 9.615019986112006 	 97.43066666666667 	 96.08866666666667 	 96.83933333333333 	 9.898342936516642 	 9.830130800531371 	 9.874555832486283 	 97.536 	 97.162 	 97.35733333333333 	 9.909761382932823 	 9.880810830426148 	 9.881446227934227
8.309999999999999 	 0.010000000000000675 	 96.48266666666666 	 90.06866666666667 	 93.41133333333333 	 9.85841600979702 	 9.551402247256101 	 9.722866769745549 	 97.30533333333334 	 95.98133333333334 	 96.696 	 9.89559354235791 	 9.834547179317521 	 9.879317655249949 	 97.39533333333334 	 97.03933333333333 	 97.226 	 9.912031992594768 	 9.874164245927629 	 9.890210176398343
8.32 	 0.010000000000000675 	 96.49666666666667 	 90.074 	 93.44533333333334 	 9.844083953770857 	 9.566845038987514 	 9.683130256046107 	 97.32733333333333 	 96.004 	 96.71866666666666 	 9.853875018939954 	 9.817194982953803 	 9.832913346963295 	 97.42 	 97.06066666666666 	 97.256 	 9.867299529253177 	 9.847486289516844 	 9.85473476727473
8.33 	 0.009999999999999787 	 96.20533333333333 	 89.73666666666666 	 93.13933333333334 	 9.735459493806932 	 9.428855827841586 	 9.594855542888016 	 97.04 	 95.67666666666666 	 96.44333333333333 	 9.801890974024689 	 9.730302610345111 	 9.777395131401592 	 97.144 	 96.74333333333334 	 96.95733333333334 	 9.805539114874476 	 9.79258846724853 	 9.796164873164509
8.34 	 0.009999999999999787 	 96.35 	 89.89266666666667 	 93.26266666666666 	 9.695746490085227 	 9.411118223793718 	 9.587370488767444 	 97.22266666666667 	 95.84266666666667 	 96.62866666666666 	 9.735420872029907 	 9.67467034178541 	 9.737014167027226 	 97.31066666666666 	 96.94533333333334 	 97.13733333333333 	 9.734311457702367 	 9.757373872558583 	 9.746852802600209
8.35 	 0.009999999999999787 	 96.704 	 90.31733333333334 	 93.59 	 9.552332210861737 	 9.289382804518764 	 9.435707004070583 	 97.55466666666666 	 96.16333333333333 	 96.91733333333333 	 9.570667595430436 	 9.511220858660693 	 9.549092429242803 	 97.662 	 97.25333333333333 	 97.48133333333334 	 9.587548661328054 	 9.567505189732355 	 9.565301087205196
8.36 	 0.009999999999999787 	 96.118 	 89.726 	 93.03133333333334 	 9.960525889730922 	 9.602027077653968 	 9.819488355080194 	 97.00133333333333 	 95.60533333333333 	 96.36933333333333 	 10.026165678973305 	 9.938221079359336 	 9.976618977500454 	 97.098 	 96.70533333333333 	 96.91333333333333 	 10.045980755174346 	 10.00059189359421 	 10.023064512524213
8.37 	 0.009999999999999787 	 96.12733333333334 	 89.66866666666667 	 93.07266666666666 	 10.037751386086871 	 9.765255665993708 	 9.8714767329356 	 96.98933333333333 	 95.646 	 96.36733333333333 	 10.05656764949597 	 9.985757390737403 	 10.00681765375764 	 97.08933333333333 	 96.68466666666667 	 96.898 	 10.069360434285565 	 10.039051991542275 	 10.052375971215296
8.379999999999999 	 0.009999999999999787 	 95.78533333333333 	 89.296 	 92.58533333333334 	 9.700820492217256 	 9.3356155305011 	 9.577197827246874 	 96.60266666666666 	 95.24866666666667 	 95.968 	 9.732118280324292 	 9.697293345167106 	 9.715844928088687 	 96.696 	 96.29733333333333 	 96.51466666666667 	 9.732056171916257 	 9.721227265914298 	 9.727852703563219
8.389999999999999 	 0.010000000000000675 	 95.67466666666667 	 89.42 	 92.66533333333334 	 9.81791686436362 	 9.413798383224488 	 9.60076376591409 	 96.534 	 95.18666666666667 	 95.916 	 9.818596844763512 	 9.777447974235859 	 9.780777610531112 	 96.62733333333334 	 96.24866666666667 	 96.45133333333334 	 9.813143544360402 	 9.829691325548099 	 9.819825094617974
8.4 	 0.010000000000000675 	 95.85933333333334 	 89.54666666666667 	 92.816 	 9.615588709081843 	 9.340868386944665 	 9.48539986856994 	 96.72866666666667 	 95.36133333333333 	 96.12533333333333 	 9.738260191407681 	 9.61228926369202 	 9.687119879280711 	 96.82933333333334 	 96.44466666666666 	 96.64933333333333 	 9.727154751290612 	 9.704926835833895 	 9.718626423294372
8.41 	 0.009999999999999787 	 95.42066666666666 	 89.01733333333334 	 92.302 	 9.5873374591466 	 9.198751702752329 	 9.393195906257537 	 96.29133333333333 	 94.86133333333333 	 95.65733333333333 	 9.643501692273865 	 9.581758966332272 	 9.617202272779519 	 96.37866666666666 	 95.99133333333333 	 96.21666666666667 	 9.647967569505102 	 9.60273875285356 	 9.634195463152189
8.42 	 0.009999999999999787 	 95.45733333333334 	 89.118 	 92.33466666666666 	 9.82663962004419 	 9.468548427997469 	 9.659537509057506 	 96.32133333333333 	 94.948 	 95.71533333333333 	 9.8660737659697 	 9.8103327840259 	 9.84728210669771 	 96.42333333333333 	 96.01333333333334 	 96.23733333333334 	 9.871649079842514 	 9.84993175385269 	 9.873719641328467
8.43 	 0.009999999999999787 	 94.858 	 88.57 	 91.87866666666666 	 9.79213133081864 	 9.459867863770613 	 9.66526141510007 	 95.70466666666667 	 94.42133333333334 	 95.11533333333334 	 9.864892881098891 	 9.792096041649556 	 9.832363138579092 	 95.79866666666666 	 95.42466666666667 	 95.62333333333333 	 9.866752161791752 	 9.854964479331668 	 9.855630652350744
8.44 	 0.009999999999999787 	 95.38066666666667 	 89.076 	 92.34733333333334 	 9.90735885872494 	 9.643973454961394 	 9.76230981319938 	 96.22933333333333 	 94.87666666666667 	 95.64933333333333 	 9.949375502456869 	 9.856645248539461 	 9.9229548466618 	 96.312 	 95.96066666666667 	 96.14533333333334 	 9.953692246263861 	 9.939439264309073 	 9.932314847115059
8.45 	 0.009999999999999787 	 95.58066666666667 	 89.262 	 92.57066666666667 	 9.885586792002902 	 9.598681645587238 	 9.70365942426991 	 96.47733333333333 	 95.11866666666667 	 95.87866666666666 	 9.942777255654255 	 9.853827592475028 	 9.892351164185165 	 96.55933333333333 	 96.19733333333333 	 96.408 	 9.926722162370059 	 9.92973948410643 	 9.933723840198766
8.459999999999999 	 0.009999999999999787 	 94.70266666666667 	 88.56066666666666 	 91.73333333333333 	 10.09063557077661 	 9.647641484954871 	 9.913066573411523 	 95.54533333333333 	 94.21733333333333 	 94.94266666666667 	 10.186589790285831 	 10.042547795366584 	 10.127292146582038 	 95.65133333333333 	 95.26 	 95.47066666666667 	 10.2042032951568 	 10.143589108397482 	 10.17315779665073
8.469999999999999 	 0.010000000000000675 	 94.8 	 88.68 	 91.80133333333333 	 9.88203757666741 	 9.555117302611551 	 9.753522349501345 	 95.66066666666667 	 94.322 	 95.036 	 9.8971470412213 	 9.880130700889875 	 9.854949889945324 	 95.762 	 95.35933333333334 	 95.58133333333333 	 9.90656462486702 	 9.87006650883817 	 9.888683004098956
8.48 	 0.010000000000000675 	 95.1 	 88.80133333333333 	 92.086 	 9.517667781552369 	 9.216897429299202 	 9.301609394794717 	 95.97 	 94.61 	 95.36533333333334 	 9.563669100646816 	 9.498801678808402 	 9.53386236294376 	 96.06733333333334 	 95.68133333333333 	 95.89666666666666 	 9.560550867439014 	 9.555929305352196 	 9.553253663310503
8.49 	 0.009999999999999787 	 95.31533333333333 	 89.026 	 92.29066666666667 	 9.677666637963696 	 9.25858110079509 	 9.46612449151652 	 96.19266666666667 	 94.778 	 95.57866666666666 	 9.727532038269294 	 9.648802136362143 	 9.679177559184573 	 96.28333333333333 	 95.89866666666667 	 96.106 	 9.733741429800887 	 9.69847401513363 	 9.71706903683753
8.5 	 0.009999999999999787 	 94.91133333333333 	 88.63866666666667 	 91.87133333333334 	 10.09234717771617 	 9.670234651869738 	 9.854750709964994 	 95.75866666666667 	 94.35866666666666 	 95.144 	 10.156332583937745 	 10.091813095552036 	 10.11450760047171 	 95.864 	 95.462 	 95.67266666666667 	 10.147520419623046 	 10.128008491307657 	 10.143381399820388
8.51 	 0.009999999999999787 	 94.92466666666667 	 88.64533333333334 	 91.87866666666666 	 9.811098726555667 	 9.399195615701496 	 9.703879544915127 	 95.76733333333334 	 94.422 	 95.14133333333334 	 9.876159824997208 	 9.777930046794157 	 9.838564845658244 	 95.86866666666667 	 95.47533333333334 	 95.688 	 9.875867129298346 	 9.869687172797773 	 9.873600626586702
8.52 	 0.009999999999999787 	 94.58933333333333 	 88.27266666666667 	 91.566 	 9.906867292719507 	 9.437000912483914 	 9.642145888407484 	 95.43333333333334 	 94.09266666666667 	 94.81733333333334 	 9.941506704496836 	 9.8405324833342 	 9.907436578427115 	 95.53533333333333 	 95.14133333333334 	 95.36066666666666 	 9.935697503894172 	 9.915510991483103 	 9.928003469423693
8.53 	 0.009999999999999787 	 94.664 	 88.45066666666666 	 91.67133333333334 	 9.640976990602837 	 9.303596055050733 	 9.472802025917265 	 95.50466666666667 	 94.14 	 94.87733333333334 	 9.667297703540989 	 9.607101540006747 	 9.664830722205583 	 95.59 	 95.19666666666667 	 95.414 	 9.676392234023313 	 9.663090717892604 	 9.656773305129757
8.54 	 0.009999999999999787 	 94.27133333333333 	 88.026 	 91.268 	 9.613343758662863 	 9.30254395313454 	 9.46883533844932 	 95.11266666666667 	 93.78866666666667 	 94.51133333333334 	 9.630228773098915 	 9.6039577721317 	 9.600791888635483 	 95.202 	 94.824 	 95.036 	 9.643989285214563 	 9.611851573274873 	 9.620882010848417
8.549999999999999 	 0.009999999999999787 	 94.50733333333334 	 88.184 	 91.45733333333334 	 9.789821902817685 	 9.523907321402634 	 9.606604302365234 	 95.31266666666667 	 93.982 	 94.70133333333334 	 9.836339404925436 	 9.75166700279154 	 9.797557428030496 	 95.41066666666667 	 95.03666666666666 	 95.236 	 9.842324567341239 	 9.802074043566266 	 9.826035348331832
8.559999999999999 	 0.010000000000000675 	 94.472 	 88.30333333333333 	 91.506 	 9.868732576509846 	 9.525788972864955 	 9.729095401594813 	 95.32666666666667 	 94.01533333333333 	 94.74533333333333 	 9.891677759050227 	 9.815995359049886 	 9.834453631098285 	 95.43933333333334 	 95.06066666666666 	 95.246 	 9.91085194230154 	 9.870612251639825 	 9.884878215402217
8.57 	 0.010000000000000675 	 94.266 	 87.94933333333333 	 91.23866666666666 	 9.397335296064872 	 9.091173350502613 	 9.221589065279849 	 95.13133333333333 	 93.79266666666666 	 94.54333333333334 	 9.462456599049155 	 9.343108666581779 	 9.414959137221762 	 95.22666666666667 	 94.836 	 95.056 	 9.479554607446257 	 9.442939372885965 	 9.457318013052113
8.58 	 0.009999999999999787 	 94.068 	 87.79866666666666 	 91.08733333333333 	 9.920250803281135 	 9.607399833230401 	 9.814124492564558 	 94.91 	 93.594 	 94.318 	 9.98281356465534 	 9.923498912514006 	 9.948444233480261 	 95.006 	 94.62533333333333 	 94.82066666666667 	 9.995163697175416 	 9.97374678287397 	 9.97766703972204
8.59 	 0.009999999999999787 	 93.87533333333333 	 87.652 	 90.85333333333334 	 10.038714636623334 	 9.727772749538646 	 9.888637699681164 	 94.74666666666667 	 93.40466666666667 	 94.15266666666666 	 10.080930292168256 	 10.001445473308124 	 10.042444567379443 	 94.84066666666666 	 94.45733333333334 	 94.65866666666666 	 10.090157558509953 	 10.058371946901856 	 10.063042526437464
8.6 	 0.009999999999999787 	 94.43733333333333 	 88.176 	 91.454 	 9.656883877432836 	 9.33336438090074 	 9.507254282914705 	 95.28 	 93.96533333333333 	 94.676 	 9.721399076264692 	 9.641929175337381 	 9.68078977494433 	 95.38066666666667 	 94.98333333333333 	 95.202 	 9.717394689707502 	 9.689120473786852 	 9.710468371813997
8.61 	 0.009999999999999787 	 93.99266666666666 	 87.82133333333333 	 90.98666666666666 	 9.892856659675651 	 9.63784614020281 	 9.756083002699166 	 94.802 	 93.514 	 94.24666666666667 	 9.916323041665528 	 9.852130260337947 	 9.91197031651909 	 94.90133333333333 	 94.54466666666667 	 94.73 	 9.904860669837253 	 9.91335823803193 	 9.910588613531827
8.62 	 0.009999999999999787 	 94.18733333333333 	 87.912 	 91.172 	 9.652784031332907 	 9.346028889319784 	 9.51593834924684 	 95.018 	 93.63533333333334 	 94.40133333333333 	 9.693726975042502 	 9.603385768687115 	 9.655685625002963 	 95.12 	 94.70933333333333 	 94.936 	 9.709871265881954 	 9.663100583606118 	 9.694116978869195
8.629999999999999 	 0.009999999999999787 	 93.67333333333333 	 87.48266666666666 	 90.68733333333333 	 9.621362804832911 	 9.28807656203491 	 9.40766918825038 	 94.53466666666667 	 93.16466666666666 	 93.928 	 9.609481336448681 	 9.544084636860443 	 9.574139613215035 	 94.63133333333333 	 94.25066666666666 	 94.46666666666667 	 9.607466795270344 	 9.582892720305749 	 9.604420278647165
8.639999999999999 	 0.010000000000000675 	 93.614 	 87.38666666666667 	 90.60333333333334 	 9.774780679551503 	 9.46240749257585 	 9.651355114985437 	 94.47666666666667 	 93.10933333333334 	 93.85133333333333 	 9.82989261838037 	 9.77589107049696 	 9.800539010120254 	 94.576 	 94.196 	 94.4 	 9.853809280340945 	 9.809871762668461 	 9.817263705670062
8.65 	 0.010000000000000675 	 93.52733333333333 	 87.328 	 90.55 	 9.828525807849086 	 9.53696751243986 	 9.743279735284213 	 94.36733333333333 	 93.054 	 93.804 	 9.870987770003342 	 9.838313744404237 	 9.855975378757126 	 94.466 	 94.108 	 94.29133333333333 	 9.873103733544651 	 9.867066568472449 	 9.864538757027056
8.66 	 0.009999999999999787 	 93.88266666666667 	 87.784 	 90.99333333333334 	 9.765017471680336 	 9.451984482989097 	 9.644270607752333 	 94.72666666666667 	 93.45533333333333 	 94.14333333333333 	 9.820656235144824 	 9.7508976452883 	 9.798849705733605 	 94.82466666666667 	 94.44666666666667 	 94.636 	 9.8279495092087 	 9.830589447682621 	 9.826266025301777
8.67 	 0.009999999999999787 	 93.29666666666667 	 87.16133333333333 	 90.29 	 9.703091718049917 	 9.450677483063787 	 9.486722300141393 	 94.10933333333334 	 92.79733333333333 	 93.54066666666667 	 9.732216922275326 	 9.638339737158518 	 9.692351600904477 	 94.212 	 93.83266666666667 	 94.03466666666667 	 9.73161802237086 	 9.718607559156245 	 9.723723475203427
8.68 	 0.009999999999999787 	 93.33866666666667 	 87.12466666666667 	 90.42933333333333 	 9.713837461179912 	 9.400343516181856 	 9.572652343467242 	 94.13666666666667 	 92.85866666666666 	 93.546 	 9.730946625186176 	 9.695773558045222 	 9.727001113738329 	 94.24 	 93.84866666666667 	 94.04533333333333 	 9.751635760219923 	 9.742574859290992 	 9.731834953160455
8.69 	 0.009999999999999787 	 93.26933333333334 	 87.12533333333333 	 90.274 	 9.31053844963986 	 8.971526712636795 	 9.117543016990195 	 94.05466666666666 	 92.77066666666667 	 93.47533333333334 	 9.390971456078914 	 9.303515798998903 	 9.330026342704267 	 94.15733333333333 	 93.78333333333333 	 93.98066666666666 	 9.395561694521279 	 9.36926120649625 	 9.386885863917927
8.7 	 0.009999999999999787 	 93.17733333333334 	 87.01266666666666 	 90.242 	 9.487002664464448 	 9.187773010304992 	 9.360810292561927 	 94.02666666666667 	 92.70266666666667 	 93.43133333333333 	 9.529075972458656 	 9.453161352455355 	 9.484370558391785 	 94.10866666666666 	 93.75 	 93.948 	 9.531676569325159 	 9.507795047573683 	 9.521762581931283
8.709999999999999 	 0.009999999999999787 	 92.99333333333334 	 86.73866666666666 	 89.97866666666667 	 9.476002438909681 	 9.130445674895734 	 9.372346462984723 	 93.794 	 92.49 	 93.21333333333334 	 9.525451730320546 	 9.46857433830458 	 9.493286516738495 	 93.88933333333334 	 93.51266666666666 	 93.71133333333333 	 9.53182841268604 	 9.508969777122138 	 9.518123321094109
8.719999999999999 	 0.010000000000000675 	 92.60666666666667 	 86.53733333333334 	 89.67933333333333 	 9.47944911667105 	 9.147200275980017 	 9.298055686838811 	 93.434 	 92.116 	 92.848 	 9.521920884639473 	 9.442309604470015 	 9.492078943343584 	 93.512 	 93.14666666666666 	 93.356 	 9.531169358128798 	 9.511317235564986 	 9.525331000372988
8.73 	 0.010000000000000675 	 92.572 	 86.466 	 89.65533333333333 	 9.405361024437074 	 9.124445773123245 	 9.249893957350118 	 93.39 	 92.07533333333333 	 92.79666666666667 	 9.448274974830062 	 9.353733205992615 	 9.397481341059185 	 93.49733333333333 	 93.10533333333333 	 93.31133333333334 	 9.438043205853402 	 9.41032614855735 	 9.447525507889473
8.74 	 0.009999999999999787 	 92.65 	 86.52533333333334 	 89.7 	 9.54104291993281 	 9.286407175125492 	 9.454699008077059 	 93.44666666666667 	 92.13133333333333 	 92.874 	 9.567888423726986 	 9.499864115987249 	 9.544463875287425 	 93.542 	 93.16933333333333 	 93.37333333333333 	 9.5871564779831 	 9.56364607365947 	 9.566222986227231
8.75 	 0.009999999999999787 	 92.732 	 86.61 	 89.804 	 9.181875770596479 	 8.914065664255938 	 9.039482876064685 	 93.55266666666667 	 92.25866666666667 	 92.97933333333333 	 9.198581025837022 	 9.15494901982286 	 9.198926000113033 	 93.65066666666667 	 93.266 	 93.46666666666667 	 9.210680370574634 	 9.196117514110687 	 9.201859715417434
8.76 	 0.009999999999999787 	 92.696 	 86.52733333333333 	 89.66533333333334 	 9.311977090464374 	 9.050078428143898 	 9.18128521625498 	 93.51133333333334 	 92.178 	 92.89866666666667 	 9.350322894008645 	 9.30446036407629 	 9.30901345769548 	 93.60733333333333 	 93.23666666666666 	 93.42733333333334 	 9.353420740860296 	 9.345051572296907 	 9.350974257025603
8.77 	 0.009999999999999787 	 92.74666666666667 	 86.57933333333334 	 89.75066666666666 	 9.777175233959733 	 9.427320557236234 	 9.598567578318942 	 93.53533333333333 	 92.232 	 92.97533333333334 	 9.766443478678521 	 9.755383607697514 	 9.746181725282073 	 93.63733333333333 	 93.264 	 93.45533333333333 	 9.771683899012608 	 9.741302308555396 	 9.75636569402539
8.78 	 0.009999999999999787 	 92.54533333333333 	 86.54733333333333 	 89.682 	 9.400635344958813 	 9.176987135704664 	 9.26294819878279 	 93.31333333333333 	 92.04333333333334 	 92.74066666666667 	 9.419792401581306 	 9.372875166611838 	 9.395606041596725 	 93.416 	 93.03266666666667 	 93.23733333333334 	 9.415533831564376 	 9.408202071714989 	 9.427884504077372
8.79 	 0.009999999999999787 	 92.472 	 86.44466666666666 	 89.556 	 9.450425881056013 	 9.032179778744196 	 9.31007683462745 	 93.31533333333333 	 91.996 	 92.726 	 9.508236686625386 	 9.391555639686821 	 9.454465823091223 	 93.40933333333334 	 93.04 	 93.25133333333333 	 9.51366278336349 	 9.48239069714665 	 9.504042905814112
8.799999999999999 	 0.010000000000000675 	 92.06866666666667 	 86.01533333333333 	 89.17733333333334 	 9.750894910496962 	 9.455391665899173 	 9.62998197759938 	 92.876 	 91.596 	 92.28066666666666 	 9.750724280790632 	 9.709760587505063 	 9.73826950175897 	 92.97466666666666 	 92.592 	 92.79266666666666 	 9.769579906810506 	 9.749130012467779 	 9.762804219189393
8.81 	 0.010000000000000675 	 91.852 	 85.79866666666666 	 88.94266666666667 	 9.61239283425308 	 9.294342269478902 	 9.40209442388001 	 92.68333333333334 	 91.384 	 92.1 	 9.616533794575997 	 9.598917161152432 	 9.630195567415372 	 92.78266666666667 	 92.406 	 92.6 	 9.625976983604774 	 9.625235789319657 	 9.616444249305458
8.82 	 0.009999999999999787 	 92.124 	 86.00066666666666 	 89.168 	 9.399253019965647 	 9.130717362592907 	 9.301457376848711 	 92.95733333333334 	 91.614 	 92.356 	 9.455343086789018 	 9.405087488517406 	 9.436803696167468 	 93.04266666666666 	 92.68533333333333 	 92.88066666666667 	 9.453227643979007 	 9.444062590973347 	 9.459867487913817
8.83 	 0.009999999999999787 	 92.28533333333333 	 86.10666666666667 	 89.31333333333333 	 9.468751319765216 	 9.261494959718377 	 9.39250528642681 	 93.08066666666667 	 91.78933333333333 	 92.54133333333333 	 9.504007552372606 	 9.459930561173387 	 9.461234497792676 	 93.186 	 92.82466666666667 	 93.002 	 9.494949745347085 	 9.495714378368568 	 9.491504763032395
8.84 	 0.009999999999999787 	 91.77266666666667 	 85.626 	 88.80466666666666 	 9.651993898787039 	 9.35603854915815 	 9.505218473145277 	 92.58 	 91.24933333333334 	 91.96533333333333 	 9.713955596631752 	 9.632055832248668 	 9.681053569845702 	 92.674 	 92.30133333333333 	 92.50533333333334 	 9.71547171611686 	 9.707859267395442 	 9.70817378409669
8.85 	 0.009999999999999787 	 91.94 	 85.948 	 89.1 	 9.381421356418581 	 9.0317198066961 	 9.1988042701212 	 92.74066666666667 	 91.448 	 92.166 	 9.436528999349049 	 9.355388607642121 	 9.402966411368986 	 92.84066666666666 	 92.47133333333333 	 92.67866666666667 	 9.441006984897792 	 9.408215109974662 	 9.426385568651904
8.86 	 0.009999999999999787 	 91.53066666666666 	 85.40133333333333 	 88.57 	 9.612477631819083 	 9.362706066564778 	 9.474585303150036 	 92.37533333333333 	 91.026 	 91.768 	 9.643709083588579 	 9.563680811626174 	 9.613783993135412 	 92.474 	 92.104 	 92.29733333333333 	 9.655740468757434 	 9.626344962307 	 9.644320931108744
8.87 	 0.009999999999999787 	 91.672 	 85.64733333333334 	 88.77266666666667 	 9.71756567596364 	 9.459261399402292 	 9.547267648681247 	 92.47866666666667 	 91.19466666666666 	 91.87866666666666 	 9.79395450718906 	 9.738691128118239 	 9.768108562505276 	 92.56266666666667 	 92.17933333333333 	 92.39733333333334 	 9.792688065876272 	 9.774414196712193 	 9.792146149962337
