time 	 delTime 		 mean eVee 	 	 stdev eVee 	 	 mean eVth 	 	 stdev eVth 	 	 mean eVt 	 	 stdev eVt
 	  	 10 	 100 	 50 	 10 	 100 	 50 	 10 	 100 	 50 	 10 	 100 	 50 	 10 	 100 	 50 	 10 	 100 	 50
2.25 	 0.010000000000000009 	 330.72 	 305.98333333333335 	 318.9053333333333 	 17.71847246990176 	 16.9689634987592 	 17.330946451042102 	 334.09066666666666 	 328.76466666666664 	 331.7273333333333 	 17.803626397138558 	 17.634548048897905 	 17.72650518918555 	 334.49733333333336 	 332.978 	 333.79466666666667 	 17.814245036549323 	 17.785279943443864 	 17.801587145220758
2.26 	 0.010000000000000009 	 329.1173333333333 	 304.57733333333334 	 317.268 	 17.85828191313176 	 17.279313823824783 	 17.582268795579253 	 332.348 	 327.166 	 330.034 	 17.93184028481182 	 17.81586682333101 	 17.91437534495691 	 332.71733333333333 	 331.248 	 332.05133333333333 	 17.94194618453887 	 17.922941425260902 	 17.930291823863016
2.27 	 0.010000000000000009 	 328.45666666666665 	 304.028 	 316.6566666666667 	 18.892859027215078 	 18.035313951615407 	 18.491478818333835 	 331.83933333333334 	 326.5826666666667 	 329.50266666666664 	 18.9921787293846 	 18.815397051941854 	 18.89354368266813 	 332.19266666666664 	 330.75 	 331.518 	 19.020398161506037 	 18.93700521905897 	 18.980946832723248
2.28 	 0.010000000000000009 	 326.38 	 301.82733333333334 	 314.55066666666664 	 17.8566028870742 	 16.9278523806838 	 17.464194786922057 	 329.712 	 324.4173333333333 	 327.35333333333335 	 17.86582555234061 	 17.793421056359257 	 17.786038219782267 	 330.0933333333333 	 328.58933333333334 	 329.3926666666667 	 17.874020874504488 	 17.8477081504103 	 17.861237719959078
2.29 	 0.010000000000000009 	 325.4433333333333 	 300.98266666666666 	 313.6413333333333 	 17.652916347038968 	 17.0975154010426 	 17.30558748561349 	 328.7753333333333 	 323.4533333333333 	 326.4046666666667 	 17.755661769950702 	 17.61733489744941 	 17.714012670450725 	 329.1286666666667 	 327.61466666666666 	 328.45466666666664 	 17.78257887809177 	 17.7453332331505 	 17.77346181498947
2.3 	 0.010000000000000009 	 324.31466666666665 	 299.7606666666667 	 312.49 	 18.058377138848574 	 17.26130700600495 	 17.755803746005604 	 327.67 	 322.37733333333335 	 325.29533333333336 	 18.151430613958045 	 17.992487864538234 	 18.056285467639483 	 328.06333333333333 	 326.5933333333333 	 327.3473333333333 	 18.158468792519066 	 18.104399710813084 	 18.112059322144702
2.31 	 0.010000000000000009 	 323.20733333333334 	 299.10266666666666 	 311.582 	 17.40537310398398 	 16.846051749758917 	 17.081274620667706 	 326.4533333333333 	 321.2726666666667 	 324.1073333333333 	 17.470503395405895 	 17.302976224402038 	 17.376990904321982 	 326.806 	 325.36 	 326.13933333333335 	 17.484060283584018 	 17.43187884308516 	 17.441442588144927
2.32 	 0.010000000000000009 	 321.6886666666667 	 297.60333333333335 	 310.09066666666666 	 17.921302172430316 	 17.19435921716447 	 17.53521541229407 	 324.952 	 319.7506666666667 	 322.6546666666667 	 18.018260071383143 	 17.907479802833475 	 17.94790827800152 	 325.3346666666667 	 323.8833333333333 	 324.622 	 18.035853132641723 	 17.98763618587933 	 18.012267560378582
2.33 	 0.010000000000000009 	 319.2013333333333 	 295.43466666666666 	 307.76733333333334 	 17.864624211615038 	 17.367106789048723 	 17.64063111745785 	 322.4533333333333 	 317.31266666666664 	 320.0686666666667 	 17.968782806733337 	 17.914209617569576 	 17.92439543068484 	 322.82 	 321.33 	 322.146 	 17.987651319724876 	 17.957424648317478 	 17.966135292080303
2.34 	 0.010000000000000009 	 318.7 	 294.998 	 307.1426666666667 	 17.64065380496615 	 17.009115085741527 	 17.331656380418142 	 321.92 	 316.818 	 319.6306666666667 	 17.680806919745866 	 17.572048144709825 	 17.602942733784282 	 322.3066666666667 	 320.8353333333333 	 321.62533333333334 	 17.65383685082525 	 17.64600667447328 	 17.663284657415474
2.35 	 0.010000000000000009 	 317.11066666666665 	 293.372 	 305.6066666666667 	 18.338550094147454 	 17.861773409528332 	 18.100532834391615 	 320.3573333333333 	 315.2366666666667 	 318.0233333333333 	 18.429188250043882 	 18.273860809606955 	 18.371466704890192 	 320.70533333333333 	 319.23266666666666 	 320.048 	 18.435179365067818 	 18.416727891300944 	 18.42191709169633
2.36 	 0.010000000000000009 	 316.88733333333334 	 293.218 	 305.2853333333333 	 17.632355851924295 	 16.809872377068583 	 17.24389510007012 	 320.11466666666666 	 314.938 	 317.812 	 17.791763587558023 	 17.659921366378352 	 17.74870857273847 	 320.50866666666667 	 319.03333333333336 	 319.80066666666664 	 17.788214962596882 	 17.78036994990699 	 17.771238923859215
2.37 	 0.010000000000000009 	 315.25266666666664 	 291.74733333333336 	 303.9146666666667 	 17.512990213616355 	 16.70387658266454 	 17.113056951410588 	 318.42133333333334 	 313.356 	 316.07733333333334 	 17.645692908532162 	 17.55406687921634 	 17.627800568672455 	 318.788 	 317.29333333333335 	 318.0953333333333 	 17.639890097919167 	 17.684549439804478 	 17.66517038946664
2.38 	 0.010000000000000009 	 314.50333333333333 	 290.88933333333335 	 303.11333333333334 	 17.581713669479306 	 17.084566706696297 	 17.268907190542066 	 317.718 	 312.5966666666667 	 315.40933333333334 	 17.64784621419849 	 17.521928800474246 	 17.605920771780788 	 318.068 	 316.622 	 317.42466666666667 	 17.668674049477133 	 17.625978440926335 	 17.646803059540904
2.39 	 0.010000000000000009 	 314.00866666666667 	 290.5246666666667 	 302.788 	 17.391969168428158 	 16.566836095713093 	 16.946594230110072 	 317.18533333333335 	 312.11 	 314.9193333333333 	 17.52971719363689 	 17.3180224044202 	 17.44678077914535 	 317.556 	 316.0966666666667 	 316.8813333333333 	 17.538230545487384 	 17.552606327519822 	 17.532424767333872
2.4 	 0.010000000000000009 	 312.53266666666667 	 289.038 	 301.18466666666666 	 18.0534281016715 	 17.309897631124223 	 17.77544837377918 	 315.6906666666667 	 310.64733333333334 	 313.4533333333333 	 18.155779049351995 	 17.97347006624548 	 18.10270206964204 	 316.04333333333335 	 314.64933333333335 	 315.392 	 18.168694382248702 	 18.146910652290714 	 18.14738739690464
2.41 	 0.010000000000000009 	 311.4773333333333 	 288.126 	 300.18066666666664 	 17.353390241935116 	 16.809306668231937 	 17.07793975344281 	 314.7273333333333 	 309.71066666666667 	 312.4993333333333 	 17.445256840248074 	 17.28560922334594 	 17.367843837263035 	 315.08866666666665 	 313.68333333333334 	 314.42 	 17.468776093997604 	 17.406638261179427 	 17.437840080315755
2.42 	 0.009999999999999787 	 310.31933333333336 	 287.0613333333333 	 299.0806666666667 	 17.65634993108397 	 16.894305891499524 	 17.252115606176794 	 313.458 	 308.49066666666664 	 311.21666666666664 	 17.774670254794227 	 17.581863180245968 	 17.71580430638762 	 313.8186666666667 	 312.3673333333333 	 313.1426666666667 	 17.791096599766473 	 17.741112316374704 	 17.776116361255315
2.4299999999999997 	 0.010000000000000009 	 309.6313333333333 	 286.5106666666667 	 298.456 	 17.614750018726415 	 16.770665447606888 	 17.20290859128188 	 312.7993333333333 	 307.81 	 310.576 	 17.79562866424099 	 17.604220137985855 	 17.68781757783211 	 313.1813333333333 	 311.73333333333335 	 312.488 	 17.82116115433809 	 17.729134841334538 	 17.776366032835096
2.44 	 0.010000000000000009 	 308.6446666666667 	 285.4873333333333 	 297.5 	 17.822151148375877 	 17.041258938887765 	 17.425211619948836 	 311.86133333333333 	 306.91133333333335 	 309.672 	 17.97359465685395 	 17.713670941457117 	 17.905727649740086 	 312.23266666666666 	 310.8213333333333 	 311.55466666666666 	 17.99547719721696 	 17.949821119504847 	 17.95569579703208
2.4499999999999997 	 0.010000000000000009 	 306.75866666666667 	 283.9193333333333 	 295.64 	 18.0232930275118 	 17.32134019705814 	 17.682903230710355 	 309.86466666666666 	 304.874 	 307.6453333333333 	 18.1345991102337 	 17.952292072787436 	 17.999876246488167 	 310.2366666666667 	 308.80066666666664 	 309.56333333333333 	 18.17967699260786 	 18.054794364809464 	 18.114358638629437
2.46 	 0.010000000000000009 	 305.62466666666666 	 282.70933333333335 	 294.51466666666664 	 17.57353478640222 	 16.86165807057209 	 17.088137743930893 	 308.85266666666666 	 303.8186666666667 	 306.636 	 17.56501142106723 	 17.380500133450962 	 17.458813552663496 	 309.1933333333333 	 307.8333333333333 	 308.5566666666667 	 17.558168722531654 	 17.525758820154472 	 17.566145153549073
2.4699999999999998 	 0.010000000000000009 	 305.444 	 282.36533333333335 	 294.31533333333334 	 18.089449890290567 	 17.354188684259743 	 17.79625142800834 	 308.65866666666665 	 303.646 	 306.4293333333333 	 18.223999512242703 	 17.99946343644721 	 18.11790108030054 	 309.028 	 307.592 	 308.3446666666667 	 18.234012613794036 	 18.161026109042776 	 18.213416434656683
2.48 	 0.010000000000000009 	 304.2613333333333 	 281.4626666666667 	 293.1293333333333 	 17.802051517233124 	 16.940344532768183 	 17.398139926121093 	 307.36333333333334 	 302.3786666666667 	 305.1213333333333 	 17.929881638079923 	 17.82677606548332 	 17.86833171345949 	 307.742 	 306.34 	 307.07533333333333 	 17.94371113603129 	 17.88035420976516 	 17.928868477650475
2.4899999999999998 	 0.010000000000000009 	 302.956 	 280.00866666666667 	 291.784 	 17.184743155873274 	 16.52333475892671 	 16.945442179732776 	 306.012 	 301.13466666666665 	 303.77133333333336 	 17.282549657578496 	 17.15779312408472 	 17.26990768810174 	 306.406 	 304.928 	 305.708 	 17.29111035570976 	 17.284293910947014 	 17.3009075677164
