time 	 delTime 		 mean eVee 	 	 stdev eVee 	 	 mean eVth 	 	 stdev eVth 	 	 mean eVt 	 	 stdev eVt
 	  	 10 	 100 	 50 	 10 	 100 	 50 	 10 	 100 	 50 	 10 	 100 	 50 	 10 	 100 	 50 	 10 	 100 	 50
13.98 	 0.010000000000000675 	 69.41466666666666 	 64.746 	 67.132 	 8.357195595546525 	 8.13667524238248 	 8.284437780159456 	 70.03933333333333 	 69.008 	 69.56266666666667 	 8.385649620366664 	 8.347690459043148 	 8.371662890701916 	 70.108 	 69.80733333333333 	 69.96733333333333 	 8.393509556000199 	 8.370954518784316 	 8.385121717794096
13.99 	 0.009999999999999787 	 69.49666666666667 	 64.886 	 67.31733333333334 	 8.386138695622808 	 8.21460106558235 	 8.322537647189641 	 70.15466666666667 	 69.16333333333333 	 69.70533333333333 	 8.446700236713085 	 8.388046388893079 	 8.432783539390908 	 70.22866666666667 	 69.93733333333333 	 70.09533333333333 	 8.448138545791545 	 8.436354241548235 	 8.448959199543784
14.0 	 0.009999999999999787 	 69.65733333333333 	 64.99133333333333 	 67.36133333333333 	 8.239654901079833 	 7.961862735705899 	 8.127490688329878 	 70.29733333333333 	 69.26 	 69.84333333333333 	 8.264518107884788 	 8.212697486209997 	 8.22468574205456 	 70.37 	 70.082 	 70.23066666666666 	 8.261382047413939 	 8.254247956860354 	 8.260677507861502
14.01 	 0.009999999999999787 	 69.588 	 64.95133333333334 	 67.37 	 8.431266571518185 	 8.076857777351014 	 8.314711861113008 	 70.21733333333333 	 69.25666666666666 	 69.80266666666667 	 8.481711672114827 	 8.411348815076504 	 8.428981327670753 	 70.28066666666666 	 70.03733333333334 	 70.168 	 8.475802394005077 	 8.464195544895109 	 8.48314658602573
14.02 	 0.009999999999999787 	 69.31733333333334 	 64.70933333333333 	 67.05266666666667 	 8.187264473287495 	 7.876431905092277 	 7.9905293664159425 	 69.94133333333333 	 68.95066666666666 	 69.50466666666667 	 8.245760014833213 	 8.170938311411296 	 8.218392678755514 	 70.01933333333334 	 69.74133333333333 	 69.88333333333334 	 8.240244305979177 	 8.242638628227951 	 8.247770742583853
14.03 	 0.009999999999999787 	 69.384 	 64.778 	 67.17466666666667 	 8.45035762556828 	 8.196546996550843 	 8.322829540219812 	 70.002 	 69.00666666666666 	 69.56266666666667 	 8.471638723804661 	 8.382836963436398 	 8.43354845575429 	 70.06933333333333 	 69.79933333333334 	 69.94866666666667 	 8.476115043003029 	 8.443482667451597 	 8.469358391020865
14.04 	 0.009999999999999787 	 69.782 	 65.24133333333333 	 67.578 	 8.525010811332344 	 8.261099092870284 	 8.403169005401079 	 70.414 	 69.44 	 69.98933333333333 	 8.572588329475915 	 8.542349403608664 	 8.560756560543519 	 70.47733333333333 	 70.21066666666667 	 70.36066666666666 	 8.567155472435928 	 8.578011787251299 	 8.571420704229194
14.049999999999999 	 0.010000000000000675 	 69.42266666666667 	 64.836 	 67.21133333333333 	 8.326024634975699 	 8.009396814575572 	 8.202438959778299 	 70.01 	 69.04866666666666 	 69.574 	 8.34900592885165 	 8.322076957640377 	 8.320608391217556 	 70.07666666666667 	 69.796 	 69.946 	 8.35057616109345 	 8.33240965547582 	 8.34012893585385
14.06 	 0.010000000000000675 	 69.282 	 64.706 	 67.02066666666667 	 8.553428708223777 	 8.330480018182225 	 8.48749508918202 	 69.934 	 68.88666666666667 	 69.44933333333333 	 8.614037613105715 	 8.569275867241577 	 8.612361245455407 	 70.008 	 69.702 	 69.876 	 8.603871376692393 	 8.635577340282467 	 8.613281836791362
14.07 	 0.009999999999999787 	 69.11333333333333 	 64.556 	 66.90866666666666 	 8.423409180505375 	 8.125527511080946 	 8.297569416535316 	 69.73733333333334 	 68.766 	 69.30266666666667 	 8.47932817045208 	 8.42381014347625 	 8.442218876311816 	 69.80933333333333 	 69.542 	 69.686 	 8.478107860182535 	 8.464291819165972 	 8.478250841614285
14.08 	 0.009999999999999787 	 69.64333333333333 	 65.08733333333333 	 67.47733333333333 	 8.123225276261202 	 7.834945621310265 	 7.993340116761091 	 70.266 	 69.29066666666667 	 69.84333333333333 	 8.188238149931887 	 8.123351908062473 	 8.144944580672249 	 70.32733333333333 	 70.05666666666667 	 70.20466666666667 	 8.181698248054754 	 8.169625994431378 	 8.18275289183835
14.09 	 0.009999999999999787 	 69.31933333333333 	 64.77133333333333 	 67.104 	 8.279051448619516 	 7.993187404839754 	 8.142226394952836 	 69.916 	 68.95666666666666 	 69.48466666666667 	 8.337042481199992 	 8.260596561723345 	 8.315393249202884 	 69.98533333333333 	 69.71733333333333 	 69.85533333333333 	 8.329132701281422 	 8.334352577668458 	 8.33433090029161
14.1 	 0.009999999999999787 	 69.34 	 64.64866666666667 	 67.08666666666667 	 8.220729894601817 	 7.9656699794946455 	 8.047390191166878 	 69.97933333333333 	 68.94666666666667 	 69.52466666666666 	 8.253821714144841 	 8.171239536052994 	 8.23828814472737 	 70.05066666666667 	 69.76133333333334 	 69.91133333333333 	 8.260514484918936 	 8.235150568683544 	 8.251674873758795
14.11 	 0.009999999999999787 	 69.58066666666667 	 64.98533333333333 	 67.35533333333333 	 8.340153449161205 	 8.072408865319503 	 8.220365252766381 	 70.19533333333334 	 69.206 	 69.74266666666666 	 8.365714447805532 	 8.325997277603847 	 8.3386917172633 	 70.278 	 69.984 	 70.12933333333334 	 8.369272130836707 	 8.357336736863804 	 8.372610478352748
14.12 	 0.009999999999999787 	 69.05133333333333 	 64.51066666666667 	 66.88 	 8.296868780181807 	 8.079225595452959 	 8.121182179953852 	 69.68266666666666 	 68.74066666666667 	 69.258 	 8.394639135914195 	 8.25502349414518 	 8.318379409476343 	 69.754 	 69.478 	 69.618 	 8.396198584280071 	 8.361430260427937 	 8.379025957711313
14.129999999999999 	 0.010000000000000675 	 69.19266666666667 	 64.614 	 67.024 	 8.467479724740349 	 8.163312481258245 	 8.303458556529321 	 69.83266666666667 	 68.824 	 69.40133333333333 	 8.496548292623828 	 8.420907947879888 	 8.463584635890923 	 69.91333333333333 	 69.61466666666666 	 69.77666666666667 	 8.49598859593292 	 8.460310369930617 	 8.484188561999053
14.14 	 0.010000000000000675 	 69.312 	 64.76666666666667 	 67.13 	 8.17630658264068 	 7.922976432853726 	 8.041627115619491 	 69.96466666666667 	 69.008 	 69.518 	 8.231772888563489 	 8.187791887926807 	 8.217725313816064 	 70.024 	 69.738 	 69.88933333333334 	 8.244882695749325 	 8.218273703562486 	 8.225879054679945
14.15 	 0.009999999999999787 	 68.99466666666666 	 64.37666666666667 	 66.77933333333333 	 8.153525099952507 	 7.86825619534313 	 8.00949267362727 	 69.612 	 68.61866666666667 	 69.17933333333333 	 8.210569773164345 	 8.118615536051836 	 8.15200422527423 	 69.68066666666667 	 69.404 	 69.56266666666667 	 8.215839958410962 	 8.172522091333454 	 8.194026659029667
14.16 	 0.009999999999999787 	 69.31866666666667 	 64.76933333333334 	 67.118 	 8.527042368579833 	 8.270356273395294 	 8.384355033831364 	 69.92866666666667 	 68.97466666666666 	 69.48 	 8.559258820456101 	 8.497177466011223 	 8.521596094629222 	 69.994 	 69.72466666666666 	 69.868 	 8.563758754191992 	 8.549436134753112 	 8.557642354449424
14.17 	 0.009999999999999787 	 69.55 	 64.90333333333334 	 67.28666666666666 	 8.284332602368561 	 8.043837530819616 	 8.203524987602721 	 70.16666666666667 	 69.19666666666667 	 69.74866666666667 	 8.323714448623416 	 8.268372807807404 	 8.290003913683568 	 70.228 	 69.97866666666667 	 70.11533333333334 	 8.325624060693588 	 8.308682901372247 	 8.315329110878427
14.18 	 0.009999999999999787 	 69.35733333333333 	 64.78733333333334 	 67.164 	 8.268674594852284 	 8.045999392382665 	 8.135996394623914 	 69.986 	 69.03533333333333 	 69.55666666666667 	 8.305929849611461 	 8.26442687399166 	 8.286542637848964 	 70.04666666666667 	 69.77933333333333 	 69.92933333333333 	 8.302559177078408 	 8.29441415786686 	 8.301586568575646
14.19 	 0.009999999999999787 	 68.806 	 64.19933333333333 	 66.632 	 8.5057841496243 	 8.264518511215414 	 8.432906339651433 	 69.42666666666666 	 68.45533333333333 	 68.994 	 8.531155972212805 	 8.470419404544788 	 8.506975412369938 	 69.50133333333333 	 69.20866666666667 	 69.356 	 8.527406691889913 	 8.532435655908706 	 8.539004469686928
14.2 	 0.009999999999999787 	 69.258 	 64.65466666666667 	 67.03133333333334 	 8.285133432842224 	 8.096876654337496 	 8.190137456450628 	 69.886 	 68.88866666666667 	 69.444 	 8.369687608666567 	 8.331642788523496 	 8.35209738129691 	 69.95066666666666 	 69.66066666666667 	 69.824 	 8.36199136304 	 8.352096716127967 	 8.3710427864952
14.209999999999999 	 0.009999999999999787 	 69.15066666666667 	 64.55466666666666 	 66.97533333333334 	 8.239253580000774 	 8.021825117903171 	 8.1560647101133 	 69.79866666666666 	 68.80733333333333 	 69.34333333333333 	 8.25183605158405 	 8.215729601738904 	 8.232949383760085 	 69.87733333333334 	 69.60066666666667 	 69.746 	 8.245217981081856 	 8.25113322856658 	 8.257611680544603
14.219999999999999 	 0.010000000000000675 	 68.948 	 64.33066666666667 	 66.704 	 8.338342920908607 	 8.024295995426778 	 8.185050437637306 	 69.594 	 68.57866666666666 	 69.148 	 8.377897349574058 	 8.294725928095648 	 8.361704132531838 	 69.66266666666667 	 69.384 	 69.53133333333334 	 8.38495912664788 	 8.379133447638445 	 8.383536538292708
14.23 	 0.010000000000000675 	 69.326 	 64.77066666666667 	 67.09066666666666 	 8.422334830674924 	 8.031650280124392 	 8.27807019916008 	 69.94733333333333 	 68.96133333333333 	 69.50133333333333 	 8.454696498922294 	 8.431360401632837 	 8.451784716193906 	 70.01733333333334 	 69.726 	 69.88133333333333 	 8.452831846323587 	 8.447421144941218 	 8.454382584724263
14.24 	 0.009999999999999787 	 68.832 	 64.31266666666667 	 66.65733333333333 	 8.138044974070862 	 7.780075378098138 	 7.935232377749809 	 69.41133333333333 	 68.43066666666667 	 68.97533333333334 	 8.175785684296986 	 8.094928014229376 	 8.144531389561683 	 69.48866666666666 	 69.21 	 69.35466666666666 	 8.195804102642333 	 8.14726334421565 	 8.161426237014107
14.25 	 0.009999999999999787 	 69.066 	 64.46133333333333 	 66.892 	 8.173308836287378 	 7.929722875919996 	 8.086223016134706 	 69.668 	 68.656 	 69.22 	 8.190834878081722 	 8.170862704349727 	 8.199406482585594 	 69.744 	 69.45933333333333 	 69.606 	 8.210712352368297 	 8.192538041141804 	 8.192441475734407
14.26 	 0.009999999999999787 	 69.00133333333333 	 64.446 	 66.86333333333333 	 8.007080089243242 	 7.880635591964225 	 7.975587056066086 	 69.612 	 68.65133333333333 	 69.17866666666667 	 8.036507699243497 	 8.010353605733576 	 8.043387235625437 	 69.68333333333334 	 69.41333333333333 	 69.55333333333333 	 8.038680792822221 	 8.035410519831716 	 8.031468663257604
14.27 	 0.009999999999999787 	 68.864 	 64.27133333333333 	 66.61866666666667 	 8.448915354450337 	 8.24736593639987 	 8.334261708287197 	 69.49 	 68.50266666666667 	 69.04866666666666 	 8.480599428499536 	 8.401388350875242 	 8.442094816388224 	 69.554 	 69.28333333333333 	 69.43333333333334 	 8.47083726676413 	 8.45310922415862 	 8.478849502667735
14.28 	 0.009999999999999787 	 68.696 	 64.168 	 66.49466666666666 	 8.244892398731876 	 7.951924882274313 	 8.130721875837486 	 69.274 	 68.31333333333333 	 68.83933333333333 	 8.302224039376437 	 8.211728739363528 	 8.269473152639303 	 69.34866666666667 	 69.06466666666667 	 69.216 	 8.296611651083163 	 8.296534510799608 	 8.30405587649794
14.29 	 0.009999999999999787 	 68.85933333333334 	 64.34133333333334 	 66.68533333333333 	 8.173017367465267 	 7.87439891180414 	 8.056528505228263 	 69.47333333333333 	 68.48933333333333 	 69.034 	 8.221919213635923 	 8.139649023282406 	 8.189638412856414 	 69.54133333333333 	 69.26533333333333 	 69.41133333333333 	 8.226235969276727 	 8.197332791151576 	 8.218807996838038
14.299999999999999 	 0.010000000000000675 	 68.784 	 64.19066666666667 	 66.578 	 8.19552788619094 	 7.85822156866439 	 8.036826654013801 	 69.42466666666667 	 68.44266666666667 	 68.976 	 8.231423017248531 	 8.160640062043065 	 8.199883576409283 	 69.50266666666667 	 69.21 	 69.362 	 8.238405563106385 	 8.220334543070615 	 8.22218275966506
14.31 	 0.010000000000000675 	 69.01933333333334 	 64.5 	 66.906 	 8.282126914158114 	 7.975086206430624 	 8.139850367175061 	 69.67 	 68.69133333333333 	 69.23133333333334 	 8.338890813531497 	 8.254699160007117 	 8.306091232075142 	 69.732 	 69.454 	 69.60666666666667 	 8.338035899818774 	 8.331699546511103 	 8.335623685257284
14.32 	 0.009999999999999787 	 68.85466666666666 	 64.28266666666667 	 66.664 	 8.296678746475738 	 8.015075351416785 	 8.144718370412406 	 69.43533333333333 	 68.494 	 69.02466666666666 	 8.323489946464097 	 8.272240567101516 	 8.313366238908413 	 69.50266666666667 	 69.22733333333333 	 69.37 	 8.335585935546996 	 8.309491734690448 	 8.307171600490747
14.33 	 0.009999999999999787 	 68.588 	 63.98 	 66.35 	 8.306839912586092 	 7.878299308861019 	 8.119328789992434 	 69.18333333333334 	 68.23333333333333 	 68.76466666666667 	 8.36837631934787 	 8.300133867729016 	 8.321535408538232 	 69.27666666666667 	 68.97866666666667 	 69.13266666666667 	 8.377278131283985 	 8.349823045363829 	 8.364392758725659
14.34 	 0.009999999999999787 	 68.79733333333333 	 64.19866666666667 	 66.6 	 8.387148475826308 	 8.188153936565243 	 8.226947591097604 	 69.40933333333334 	 68.432 	 68.99133333333333 	 8.403993865352883 	 8.347696848033394 	 8.38677082606225 	 69.494 	 69.20466666666667 	 69.34933333333333 	 8.410824216448706 	 8.402942632726282 	 8.40162481640043
14.35 	 0.009999999999999787 	 68.99133333333333 	 64.49933333333334 	 66.82533333333333 	 8.382795370413273 	 8.014694809466476 	 8.212601590780407 	 69.60333333333334 	 68.60266666666666 	 69.146 	 8.392178236641282 	 8.344626587744289 	 8.38113063176244 	 69.672 	 69.396 	 69.54666666666667 	 8.399389819107894 	 8.386766401102792 	 8.380601940725313
14.36 	 0.009999999999999787 	 68.48266666666666 	 63.87 	 66.31133333333334 	 8.362477676435907 	 7.979709685613046 	 8.176535832626323 	 69.088 	 68.08466666666666 	 68.636 	 8.406917151964803 	 8.321067533008543 	 8.354928924493214 	 69.15933333333334 	 68.88333333333334 	 69.026 	 8.413834612641782 	 8.384771248453287 	 8.394124373631833
14.37 	 0.009999999999999787 	 68.53333333333333 	 64.04533333333333 	 66.42 	 8.12753891955547 	 7.869049808514933 	 7.977025343656201 	 69.12266666666666 	 68.17333333333333 	 68.726 	 8.155874338305011 	 8.12727643323532 	 8.1474898383899 	 69.198 	 68.90933333333334 	 69.058 	 8.158193999491145 	 8.133784249795553 	 8.147963099245521
14.379999999999999 	 0.010000000000000675 	 68.402 	 63.812 	 66.26066666666667 	 8.302473286115811 	 8.049554190554074 	 8.191747039280177 	 69.04266666666666 	 68.07333333333334 	 68.60866666666666 	 8.343830828156147 	 8.302607354854793 	 8.320227854785923 	 69.108 	 68.822 	 68.98533333333333 	 8.353382708021144 	 8.339683207412618 	 8.343048097401546
14.39 	 0.010000000000000675 	 68.56333333333333 	 63.95933333333333 	 66.33866666666667 	 8.399562819311225 	 8.142584329041705 	 8.29843187328519 	 69.16533333333334 	 68.17 	 68.70666666666666 	 8.43148849386763 	 8.367940806036652 	 8.389872201383973 	 69.23866666666666 	 68.94933333333333 	 69.108 	 8.438663295938653 	 8.419427903499276 	 8.430045630560567
14.4 	 0.009999999999999787 	 68.528 	 63.864666666666665 	 66.256 	 8.296257148055783 	 7.958539536595616 	 8.10406054600614 	 69.212 	 68.19333333333333 	 68.76133333333334 	 8.362638499102221 	 8.265266010372699 	 8.332448913068047 	 69.26666666666667 	 68.98933333333333 	 69.14733333333334 	 8.366334654767018 	 8.350961195508509 	 8.35034687236937
14.41 	 0.009999999999999787 	 68.75 	 64.18 	 66.562 	 8.267577234796983 	 7.940755631550439 	 8.110126756099438 	 69.374 	 68.404 	 68.93066666666667 	 8.269751548061565 	 8.236551705659354 	 8.243574844824435 	 69.44733333333333 	 69.15733333333333 	 69.31266666666667 	 8.265463864108831 	 8.243011963003706 	 8.260926474810331
14.42 	 0.009999999999999787 	 68.81466666666667 	 64.27066666666667 	 66.666 	 8.420074320073164 	 8.125273711628976 	 8.31944172806485 	 69.40933333333334 	 68.456 	 68.98466666666667 	 8.48082815662611 	 8.420850946707622 	 8.439930779073697 	 69.46933333333334 	 69.20466666666667 	 69.35066666666667 	 8.47929200398765 	 8.454512299489677 	 8.47197534357969
14.43 	 0.009999999999999787 	 68.144 	 63.572 	 65.98666666666666 	 8.30754259694165 	 8.011293029218193 	 8.146972171031122 	 68.718 	 67.78333333333333 	 68.29733333333333 	 8.377418615938126 	 8.273112406397539 	 8.319991559824778 	 68.78866666666667 	 68.518 	 68.65733333333333 	 8.379976425318205 	 8.351068354807467 	 8.36221140342407
14.44 	 0.009999999999999787 	 68.51133333333334 	 63.88066666666667 	 66.32733333333333 	 8.389469881279084 	 8.078021182333098 	 8.240237833676622 	 69.13533333333334 	 68.13133333333333 	 68.694 	 8.427317775478084 	 8.36098588019911 	 8.399227980395976 	 69.21 	 68.92333333333333 	 69.06666666666666 	 8.438516852306847 	 8.424099688130214 	 8.422166519897887
14.45 	 0.009999999999999787 	 68.29333333333334 	 63.78066666666667 	 66.162 	 8.278523754604775 	 8.038691408155655 	 8.176699986343309 	 68.89733333333334 	 67.93733333333333 	 68.46933333333334 	 8.312568368975313 	 8.252115257448978 	 8.27331410150867 	 68.95733333333334 	 68.68266666666666 	 68.836 	 8.31621986775776 	 8.285688437835983 	 8.306128500490866
14.459999999999999 	 0.009999999999999787 	 68.38866666666667 	 63.87866666666667 	 66.19666666666667 	 8.379753669145385 	 8.123706762036377 	 8.294696431388486 	 69.0 	 68.01066666666667 	 68.54666666666667 	 8.401825198530773 	 8.356707060133727 	 8.385930015342497 	 69.06866666666667 	 68.78333333333333 	 68.93733333333333 	 8.409594811219437 	 8.394624602817105 	 8.394129271236071
14.469999999999999 	 0.010000000000000675 	 68.23866666666666 	 63.756 	 66.09066666666666 	 8.14569650524469 	 7.802166194931592 	 8.007982239962546 	 68.824 	 67.82933333333334 	 68.368 	 8.196403113561459 	 8.130121332974612 	 8.163939571881539 	 68.90133333333333 	 68.606 	 68.75466666666667 	 8.197373454683857 	 8.16350194463136 	 8.185667039947868
14.48 	 0.010000000000000675 	 68.35866666666666 	 63.836 	 66.18066666666667 	 8.148252873401075 	 7.871791663909811 	 8.013989407418894 	 68.97666666666667 	 67.998 	 68.53866666666667 	 8.167912149924783 	 8.143831776258642 	 8.154211890523545 	 69.046 	 68.77533333333334 	 68.92533333333333 	 8.170753779996883 	 8.16640628156324 	 8.17400910746305
14.49 	 0.009999999999999787 	 68.20066666666666 	 63.782666666666664 	 65.98933333333333 	 8.312745207745087 	 8.05030638478368 	 8.145339335404564 	 68.82466666666667 	 67.83 	 68.38866666666667 	 8.320051575694842 	 8.284107274373826 	 8.309930097312625 	 68.888 	 68.62666666666667 	 68.762 	 8.318140176746242 	 8.313239774934653 	 8.327145729480181
14.5 	 0.009999999999999787 	 68.27533333333334 	 63.72933333333334 	 66.10066666666667 	 8.298806634423745 	 8.057299354553539 	 8.19804038915534 	 68.88533333333334 	 67.89266666666667 	 68.43 	 8.3250736666744 	 8.288776320355671 	 8.270253925968658 	 68.95 	 68.67466666666667 	 68.82 	 8.327034285986818 	 8.302740002887935 	 8.304753658798877
14.51 	 0.009999999999999787 	 68.11866666666667 	 63.512 	 65.92333333333333 	 8.255619392604988 	 7.92400504795397 	 8.07606270956887 	 68.748 	 67.73866666666666 	 68.28333333333333 	 8.302559605326541 	 8.2103819372521 	 8.245911444804362 	 68.814 	 68.536 	 68.694 	 8.31324669829223 	 8.26845636540864 	 8.28993550437316
14.52 	 0.009999999999999787 	 68.12266666666666 	 63.546 	 65.89533333333334 	 8.469452140224629 	 8.156544448069496 	 8.324444619445925 	 68.75333333333333 	 67.79 	 68.316 	 8.525128868364526 	 8.476432032406088 	 8.511882517986253 	 68.81666666666666 	 68.54 	 68.692 	 8.530048195773704 	 8.518787081112741 	 8.51319383858569
14.53 	 0.009999999999999787 	 68.29933333333334 	 63.715333333333334 	 66.134 	 8.161641964430661 	 7.93311403058233 	 8.08191668685921 	 68.936 	 67.92333333333333 	 68.48866666666666 	 8.177605843603208 	 8.12888607921706 	 8.14987964464643 	 69.00466666666667 	 68.71933333333334 	 68.87 	 8.193369975507975 	 8.160426432212692 	 8.177434397984085
14.54 	 0.009999999999999787 	 68.28533333333333 	 63.775333333333336 	 66.11266666666667 	 8.085207782666373 	 7.745849956948272 	 7.929100803720152 	 68.92266666666667 	 67.94133333333333 	 68.48933333333333 	 8.093414167635862 	 8.062126987064614 	 8.07551151458669 	 68.99733333333333 	 68.71333333333334 	 68.86533333333334 	 8.089251689055601 	 8.089282346963103 	 8.090768292044679
14.549999999999999 	 0.010000000000000675 	 67.63333333333334 	 63.16133333333333 	 65.48266666666666 	 8.366135441302767 	 8.162391697426816 	 8.228347316172037 	 68.25933333333333 	 67.29333333333334 	 67.82466666666667 	 8.449146676177161 	 8.345814652999563 	 8.409949953609845 	 68.32133333333333 	 68.04533333333333 	 68.2 	 8.449107145465463 	 8.43156439945887 	 8.441247933017172
14.56 	 0.010000000000000675 	 67.90733333333333 	 63.43933333333333 	 65.76866666666666 	 8.103995694854621 	 7.778409406098967 	 7.961186148363124 	 68.51 	 67.58 	 68.09333333333333 	 8.14759064591081 	 8.079166623689186 	 8.106743420689277 	 68.58933333333333 	 68.31066666666666 	 68.44533333333334 	 8.159535498761898 	 8.133602290634958 	 8.135540028514122
14.57 	 0.009999999999999787 	 68.202 	 63.604 	 65.94 	 8.469623919238288 	 8.14480513374425 	 8.262630735223901 	 68.792 	 67.79533333333333 	 68.34733333333334 	 8.494590592449606 	 8.460345435553378 	 8.445828924517842 	 68.87066666666666 	 68.584 	 68.73466666666667 	 8.496073969127675 	 8.471301198753354 	 8.483096813991667
14.58 	 0.009999999999999787 	 67.93666666666667 	 63.43333333333333 	 65.75866666666667 	 8.036457898574195 	 7.811544163750354 	 7.997526173066824 	 68.55 	 67.58133333333333 	 68.102 	 8.074620734127393 	 8.026002630339853 	 8.037719162382656 	 68.64066666666666 	 68.34333333333333 	 68.49266666666666 	 8.079245811886706 	 8.038498339587784 	 8.07105607849569
14.59 	 0.009999999999999787 	 67.67933333333333 	 63.192 	 65.52733333333333 	 8.080790362884617 	 7.786000428118834 	 7.973450918865404 	 68.27 	 67.302 	 67.85733333333333 	 8.104305440114326 	 8.029785966429408 	 8.065212100262597 	 68.342 	 68.07666666666667 	 68.21333333333334 	 8.113673808249052 	 8.087446376260488 	 8.098219283000155
14.6 	 0.009999999999999787 	 68.27933333333333 	 63.74333333333333 	 66.06 	 8.135025479711514 	 7.826288321349328 	 7.976574034843113 	 68.89733333333334 	 67.92066666666666 	 68.46333333333334 	 8.169544635752692 	 8.08865705101217 	 8.1115959520238 	 68.97333333333333 	 68.688 	 68.834 	 8.169574992345414 	 8.152872050183706 	 8.166421737823732
14.61 	 0.009999999999999787 	 67.89 	 63.398 	 65.68466666666667 	 8.347568508254364 	 8.081888970614068 	 8.2367407523985 	 68.49066666666667 	 67.50866666666667 	 68.052 	 8.3955888947047 	 8.371733684780525 	 8.386733333068365 	 68.56133333333334 	 68.278 	 68.42733333333334 	 8.412742610006694 	 8.382484675401043 	 8.399328518134979
14.62 	 0.009999999999999787 	 67.85066666666667 	 63.24066666666667 	 65.656 	 8.279394073374103 	 8.01182955940083 	 8.132752547569611 	 68.46733333333333 	 67.49933333333334 	 68.01666666666667 	 8.31790836421967 	 8.262888894865336 	 8.270130322767324 	 68.53866666666667 	 68.242 	 68.39666666666666 	 8.32381152010437 	 8.2947032898511 	 8.312760605772844
14.629999999999999 	 0.010000000000000675 	 67.85066666666667 	 63.444 	 65.744 	 8.238468681874213 	 7.915903654458325 	 8.109652520299498 	 68.47 	 67.496 	 68.04866666666666 	 8.280002012882203 	 8.241398586809563 	 8.231866832958097 	 68.53466666666667 	 68.27666666666667 	 68.41666666666667 	 8.281996431349684 	 8.243792951198023 	 8.26521156548471
14.64 	 0.010000000000000675 	 68.638 	 64.04466666666667 	 66.386 	 8.376571852494312 	 8.068953147025264 	 8.224901458376264 	 69.252 	 68.266 	 68.82066666666667 	 8.374435065523326 	 8.375474752713027 	 8.389070641151035 	 69.30933333333333 	 69.044 	 69.18533333333333 	 8.37856269827283 	 8.377155284860528 	 8.376175632245435
14.65 	 0.009999999999999787 	 68.002 	 63.46666666666667 	 65.85666666666667 	 8.26530878632694 	 8.000888839511658 	 8.165953030044252 	 68.60333333333334 	 67.64666666666666 	 68.184 	 8.299517388914182 	 8.240498906147748 	 8.276360552803387 	 68.67333333333333 	 68.41333333333333 	 68.55666666666667 	 8.302607354854793 	 8.284754405264863 	 8.299324604381303
14.66 	 0.009999999999999787 	 67.648 	 63.13733333333333 	 65.486 	 7.956889844656642 	 7.698991680011668 	 7.876577344676218 	 68.23466666666667 	 67.31733333333334 	 67.81533333333333 	 7.977693790953763 	 7.9388894829328756 	 7.954028217757899 	 68.28866666666667 	 68.03866666666667 	 68.174 	 7.979557520453263 	 7.986728881226796 	 7.975027105492077
14.67 	 0.009999999999999787 	 67.51266666666666 	 63.056666666666665 	 65.422 	 8.276181057038862 	 7.994088788320753 	 8.16006021219615 	 68.12 	 67.184 	 67.70066666666666 	 8.283654588002408 	 8.256036821623313 	 8.266986526069957 	 68.19933333333333 	 67.922 	 68.06266666666667 	 8.296240085457722 	 8.265747556432308 	 8.271642695915297
14.68 	 0.009999999999999787 	 67.66866666666667 	 63.20666666666666 	 65.53733333333334 	 8.351699520989058 	 8.100532218454676 	 8.21254768969749 	 68.28933333333333 	 67.27933333333333 	 67.86333333333333 	 8.371954345047252 	 8.28251005969138 	 8.338144611096377 	 68.36333333333333 	 68.07666666666667 	 68.22733333333333 	 8.379856137720319 	 8.336833265028687 	 8.36339162992835
14.69 	 0.009999999999999787 	 67.43533333333333 	 62.97933333333334 	 65.33333333333333 	 8.06476812369016 	 7.710527838971568 	 7.850831520008283 	 68.07933333333334 	 67.11933333333333 	 67.65066666666667 	 8.091541234867158 	 8.01605220098328 	 8.0442505071773 	 68.14066666666666 	 67.87866666666666 	 68.02 	 8.091119384169838 	 8.05563642564771 	 8.072067062820196
14.7 	 0.009999999999999787 	 67.29133333333333 	 62.84733333333333 	 65.154 	 8.068774683239637 	 7.748463905116219 	 7.953675293011821 	 67.88333333333334 	 66.93866666666666 	 67.47333333333333 	 8.122092642225208 	 8.062934012435479 	 8.095675114254249 	 67.95533333333333 	 67.67066666666666 	 67.83 	 8.11944198958415 	 8.118427981382165 	 8.125829188458246
14.709999999999999 	 0.009999999999999787 	 67.814 	 63.236666666666665 	 65.608 	 8.067924392308099 	 7.84954280338812 	 7.991558212680846 	 68.4 	 67.43933333333334 	 67.972 	 8.094195451062447 	 8.081150055667957 	 8.070143493148061 	 68.47066666666667 	 68.18466666666667 	 68.34133333333334 	 8.094512928864562 	 8.076296483468699 	 8.086005908701498
14.719999999999999 	 0.010000000000000675 	 67.58933333333333 	 63.120666666666665 	 65.436 	 8.232740707416673 	 7.92174893708594 	 8.121365074091095 	 68.196 	 67.226 	 67.77733333333333 	 8.253741616180305 	 8.194078593716318 	 8.225879054679945 	 68.26933333333334 	 68.01 	 68.13333333333334 	 8.274264895176826 	 8.238804524929572 	 8.245133244661496
14.73 	 0.010000000000000675 	 67.75666666666666 	 63.281333333333336 	 65.606 	 8.246865397767136 	 7.9267175776329735 	 8.076308810341516 	 68.366 	 67.41333333333333 	 67.93266666666666 	 8.279294092292329 	 8.221586762230809 	 8.247351062950791 	 68.43666666666667 	 68.164 	 68.308 	 8.294133803813123 	 8.262592652027166 	 8.277105130015768
14.74 	 0.009999999999999787 	 67.622 	 63.13333333333333 	 65.466 	 8.226002431314981 	 7.996304702103897 	 8.165262437096965 	 68.216 	 67.25133333333333 	 67.78133333333334 	 8.277681478932774 	 8.224201980874632 	 8.248647458152693 	 68.28266666666667 	 68.01866666666666 	 68.16733333333333 	 8.28436878840037 	 8.256531851947416 	 8.271759157250383
14.75 	 0.009999999999999787 	 67.88933333333334 	 63.404666666666664 	 65.74666666666667 	 8.476777270218259 	 8.221328657150794 	 8.30356282300288 	 68.52133333333333 	 67.53 	 68.088 	 8.545186455283206 	 8.410376527441166 	 8.493071058221519 	 68.58733333333333 	 68.30933333333333 	 68.46866666666666 	 8.552721178406061 	 8.524883941862331 	 8.539926905750164
14.76 	 0.009999999999999787 	 67.64 	 63.14666666666667 	 65.512 	 8.13779658957714 	 7.889559908864091 	 8.068737365081768 	 68.24533333333333 	 67.32066666666667 	 67.81666666666666 	 8.191528849298457 	 8.128581644761622 	 8.141194970982795 	 68.31266666666667 	 68.01133333333334 	 68.184 	 8.18504161395788 	 8.180578925452377 	 8.18988058521002
14.77 	 0.009999999999999787 	 67.62333333333333 	 63.102666666666664 	 65.40866666666666 	 8.522917471278378 	 8.162033624587005 	 8.35138660476344 	 68.21866666666666 	 67.28666666666666 	 67.81466666666667 	 8.555243122722398 	 8.519966092785946 	 8.544412495244414 	 68.28266666666667 	 68.008 	 68.16133333333333 	 8.551574877698778 	 8.542673430099814 	 8.556360493158811
14.78 	 0.009999999999999787 	 67.776 	 63.25533333333333 	 65.56533333333333 	 8.152739253363457 	 7.891311987805886 	 8.057898705962712 	 68.38933333333334 	 67.394 	 67.966 	 8.191240416173583 	 8.154105141992387 	 8.185811546002428 	 68.47 	 68.17733333333334 	 68.33733333333333 	 8.180857738240736 	 8.191736866433692 	 8.18630194627315
14.79 	 0.009999999999999787 	 67.44333333333333 	 63.038666666666664 	 65.27133333333333 	 8.189350130233507 	 7.8781451849756845 	 8.07937981668285 	 68.02933333333333 	 67.06 	 67.59533333333333 	 8.202792586809824 	 8.169398182648871 	 8.180927711587618 	 68.102 	 67.82466666666667 	 67.96066666666667 	 8.214839986268753 	 8.195481980267473 	 8.20116574369495
14.799999999999999 	 0.010000000000000675 	 67.62866666666666 	 63.13733333333333 	 65.46733333333333 	 8.039409900953897 	 7.788098156089771 	 7.9343724529556985 	 68.23866666666666 	 67.24533333333333 	 67.77 	 8.089357507793117 	 8.027524206683458 	 8.066872586903386 	 68.318 	 68.004 	 68.17266666666667 	 8.097955050505036 	 8.071925668636945 	 8.083080243460547
14.81 	 0.010000000000000675 	 67.332 	 62.87866666666667 	 65.17066666666666 	 7.890866619072965 	 7.688255863472691 	 7.820072861268977 	 67.93 	 66.96333333333334 	 67.50733333333334 	 7.9070285189823375 	 7.84198033379041 	 7.882593453651885 	 67.998 	 67.73266666666666 	 67.876 	 7.907759649019858 	 7.8960665031534685 	 7.912139870688164
14.82 	 0.009999999999999787 	 67.10133333333333 	 62.694 	 64.98066666666666 	 7.996190648608179 	 7.639308258387448 	 7.848670347404216 	 67.67333333333333 	 66.754 	 67.26466666666667 	 8.036497302238637 	 7.976224085785621 	 8.021800601416672 	 67.74866666666667 	 67.48066666666666 	 67.62066666666666 	 8.035265908619467 	 8.033863302020738 	 8.033976156853399
14.83 	 0.009999999999999787 	 67.12933333333334 	 62.63333333333333 	 65.00133333333333 	 7.989948240688978 	 7.764549067539095 	 7.905525381374445 	 67.76066666666667 	 66.816 	 67.34466666666667 	 8.038618427455194 	 8.016284093435479 	 8.027735560058154 	 67.83066666666667 	 67.54866666666666 	 67.70266666666667 	 8.032392310029573 	 8.036394188661701 	 8.037138351981312
14.84 	 0.009999999999999787 	 67.07466666666667 	 62.62266666666667 	 64.94533333333334 	 8.227094964539765 	 8.061365861661134 	 8.13934957816382 	 67.656 	 66.718 	 67.218 	 8.227940041914096 	 8.238353961805721 	 8.24191377452268 	 67.734 	 67.43933333333334 	 67.596 	 8.229170310547717 	 8.234378314251915 	 8.232746645763694
14.85 	 0.009999999999999787 	 67.04266666666666 	 62.41466666666667 	 64.78266666666667 	 7.7777147172046766 	 7.530740438732141 	 7.65998909195626 	 67.678 	 66.68466666666667 	 67.23 	 7.865938130106712 	 7.739416314483211 	 7.814586787966889 	 67.74066666666667 	 67.456 	 67.622 	 7.868084024857781 	 7.836499898977008 	 7.85784847567492
14.86 	 0.009999999999999787 	 67.22133333333333 	 62.67933333333333 	 65.02666666666667 	 8.091333525582925 	 7.863364815536809 	 7.978259347891758 	 67.83066666666667 	 66.84533333333333 	 67.396 	 8.135887140045366 	 8.069949084239765 	 8.127187951561105 	 67.89866666666667 	 67.63266666666667 	 67.76666666666667 	 8.138165122160864 	 8.126032214774659 	 8.133401639057439
14.87 	 0.009999999999999787 	 67.39266666666667 	 62.84733333333333 	 65.22066666666667 	 8.086520443855248 	 7.851455887639919 	 7.941366772931611 	 67.976 	 67.02733333333333 	 67.558 	 8.107985199789157 	 8.074976959031455 	 8.084881116421357 	 68.04733333333333 	 67.77466666666666 	 67.918 	 8.11219819503663 	 8.092870826982365 	 8.106495913771868
14.879999999999999 	 0.010000000000000675 	 67.11533333333334 	 62.70466666666667 	 65.01533333333333 	 8.032726699086819 	 7.80726872144727 	 7.9477731612208355 	 67.74533333333333 	 66.79266666666666 	 67.29933333333334 	 8.058979146820576 	 8.014092559707278 	 8.033952922164502 	 67.814 	 67.53933333333333 	 67.692 	 8.063461043497389 	 8.048382004408644 	 8.061253169741455
14.89 	 0.010000000000000675 	 67.188 	 62.716 	 65.04666666666667 	 8.409161036235025 	 8.045081975965193 	 8.23078503073809 	 67.776 	 66.83066666666667 	 67.33866666666667 	 8.46131337322995 	 8.403451248676872 	 8.412449398890248 	 67.84666666666666 	 67.56466666666667 	 67.716 	 8.461313268176651 	 8.427444347026103 	 8.448156248555065
14.9 	 0.009999999999999787 	 67.04 	 62.56733333333333 	 64.87066666666666 	 7.951922199485272 	 7.6548110942654155 	 7.784382199135795 	 67.656 	 66.648 	 67.19933333333333 	 8.005019092211253 	 7.915644593672289 	 7.960209349564174 	 67.728 	 67.45266666666667 	 67.60066666666667 	 8.010535729067481 	 7.972771970205149 	 7.994072776473551
14.91 	 0.009999999999999787 	 67.304 	 62.75933333333333 	 65.15066666666667 	 8.317506677684927 	 8.131753371130293 	 8.225892021875534 	 67.86933333333333 	 66.95933333333333 	 67.46933333333334 	 8.363188759212733 	 8.2971689683222 	 8.336969446720767 	 67.95466666666667 	 67.678 	 67.814 	 8.370779228297021 	 8.353900246790918 	 8.356039971182522
14.92 	 0.009999999999999787 	 67.204 	 62.672 	 65.032 	 8.224823240248591 	 7.924839598797358 	 8.072523934103055 	 67.81 	 66.85733333333333 	 67.39 	 8.282545904893414 	 8.219467514518335 	 8.276184708749154 	 67.87333333333333 	 67.59733333333334 	 67.744 	 8.276469993635907 	 8.276343368635423 	 8.28185550868081
14.93 	 0.009999999999999787 	 67.09866666666667 	 62.52 	 64.894 	 8.234779791969073 	 7.947427256666146 	 8.062594536913455 	 67.71133333333333 	 66.73266666666666 	 67.256 	 8.244513623549231 	 8.19625114847568 	 8.22677320298386 	 67.784 	 67.488 	 67.65133333333333 	 8.246858634251792 	 8.230382089145882 	 8.239443643569361
14.94 	 0.009999999999999787 	 67.21466666666667 	 62.78333333333333 	 65.06533333333333 	 8.05915120978768 	 7.783511775256433 	 7.877715292026123 	 67.80133333333333 	 66.816 	 67.35266666666666 	 8.096040074560456 	 8.025842261096338 	 8.065334848735187 	 67.88733333333333 	 67.6 	 67.74133333333333 	 8.103001885446872 	 8.068291847307789 	 8.089237184198659
14.95 	 0.009999999999999787 	 66.52466666666666 	 62.190666666666665 	 64.42333333333333 	 8.117556583657972 	 7.918647583745318 	 8.012497876581449 	 67.12066666666666 	 66.19866666666667 	 66.72866666666667 	 8.167298995928146 	 8.105833180836845 	 8.13668922569589 	 67.20533333333333 	 66.92466666666667 	 67.06466666666667 	 8.1768273119156 	 8.154282610315201 	 8.15788891537238
14.959999999999999 	 0.009999999999999787 	 67.14466666666667 	 62.75266666666667 	 65.02133333333333 	 7.934885310380288 	 7.6828484011826985 	 7.806805464180311 	 67.74933333333334 	 66.794 	 67.33466666666666 	 7.959135184735142 	 7.892838357228237 	 7.950345792619477 	 67.81533333333333 	 67.554 	 67.69533333333334 	 7.961149302847059 	 7.952216714015449 	 7.973697065282131
14.969999999999999 	 0.010000000000000675 	 66.86533333333334 	 62.382 	 64.68333333333334 	 8.390105177462848 	 8.080433734233164 	 8.24065463958349 	 67.42066666666666 	 66.496 	 67.00933333333333 	 8.441467460630816 	 8.351246453873419 	 8.414743780347022 	 67.49333333333334 	 67.23 	 67.372 	 8.445943141861397 	 8.417745145425426 	 8.440079936430303
14.98 	 0.010000000000000675 	 66.76066666666667 	 62.36933333333333 	 64.656 	 8.283681924254589 	 8.001641053906102 	 8.191967447851992 	 67.34 	 66.396 	 66.912 	 8.29202830032154 	 8.283428275780507 	 8.293627433156134 	 67.402 	 67.15066666666667 	 67.284 	 8.280925632641157 	 8.28967025212034 	 8.299036731251807
14.99 	 0.009999999999999787 	 66.776 	 62.33266666666667 	 64.62466666666667 	 8.121113880907389 	 7.91214253888007 	 8.007649981250568 	 67.38533333333334 	 66.426 	 66.964 	 8.13622669846956 	 8.11865284391444 	 8.12166058553709 	 67.454 	 67.184 	 67.33133333333333 	 8.144356983007723 	 8.126057510666945 	 8.130040070968628
