time 	 delTime 		 mean eVee 	 	 stdev eVee 	 	 mean eVth 	 	 stdev eVth 	 	 mean eVt 	 	 stdev eVt
 	  	 10 	 100 	 50 	 10 	 100 	 50 	 10 	 100 	 50 	 10 	 100 	 50 	 10 	 100 	 50 	 10 	 100 	 50
11.94 	 0.009999999999999787 	 75.63266666666667 	 70.70733333333334 	 73.21533333333333 	 9.097640695379337 	 8.760917734778449 	 8.944325848765176 	 76.29 	 75.194 	 75.80933333333333 	 9.146104817534804 	 9.061219417569212 	 9.104192050307864 	 76.372 	 76.054 	 76.22533333333334 	 9.139672641840079 	 9.119964400515315 	 9.138557046322406
11.95 	 0.009999999999999787 	 75.51733333333334 	 70.54133333333333 	 73.12533333333333 	 8.775517053459332 	 8.503036215898936 	 8.702353602458489 	 76.178 	 75.116 	 75.70866666666667 	 8.790353576506465 	 8.735361698292749 	 8.767884097976863 	 76.25733333333334 	 75.95333333333333 	 76.12266666666666 	 8.798510075891006 	 8.782130847477863 	 8.784889653389063
11.959999999999999 	 0.009999999999999787 	 75.44 	 70.47866666666667 	 73.04666666666667 	 8.912223815262571 	 8.504677823932479 	 8.648265079707542 	 76.12866666666666 	 75.076 	 75.66066666666667 	 8.922636655657838 	 8.832490626469221 	 8.881676993801465 	 76.22133333333333 	 75.908 	 76.05733333333333 	 8.929446318532609 	 8.91011799398115 	 8.92304392507898
11.969999999999999 	 0.010000000000000675 	 75.20733333333334 	 70.22933333333333 	 72.72933333333333 	 8.766470948385608 	 8.520841481658696 	 8.668414285336288 	 75.888 	 74.84333333333333 	 75.41533333333334 	 8.77819966356048 	 8.726441937518915 	 8.759080900541004 	 75.96266666666666 	 75.67066666666666 	 75.83066666666667 	 8.800678357692409 	 8.757522835952082 	 8.766869047093659
11.98 	 0.010000000000000675 	 75.398 	 70.492 	 73.068 	 8.789819641683971 	 8.464786037855102 	 8.63956264325149 	 76.09533333333333 	 74.98533333333333 	 75.58933333333333 	 8.820633663304594 	 8.751977960565384 	 8.761850235855185 	 76.164 	 75.856 	 76.02 	 8.82359171010687 	 8.800412717594556 	 8.819803474756869
11.99 	 0.009999999999999787 	 75.42466666666667 	 70.38466666666666 	 73.02133333333333 	 8.645325801970811 	 8.370226891920089 	 8.578396016868318 	 76.11333333333333 	 75.03 	 75.65 	 8.710328479582284 	 8.608974000038177 	 8.68167610545337 	 76.194 	 75.89666666666666 	 76.05 	 8.716977534290962 	 8.690875802945422 	 8.702461337652316
12.0 	 0.009999999999999787 	 75.33133333333333 	 70.342 	 72.95466666666667 	 8.383647866862942 	 8.241988190560171 	 8.328381888991936 	 76.016 	 74.96333333333334 	 75.542 	 8.4456543460725 	 8.393766867278494 	 8.434388102682178 	 76.098 	 75.774 	 75.948 	 8.441350365907105 	 8.43739240919057 	 8.442114427085196
12.01 	 0.009999999999999787 	 75.436 	 70.538 	 73.07266666666666 	 8.996920065592818 	 8.6149805184535 	 8.77135790830334 	 76.10066666666667 	 75.04933333333334 	 75.63733333333333 	 9.050885751620605 	 8.931679548413923 	 9.012462088069435 	 76.17933333333333 	 75.89266666666667 	 76.04533333333333 	 9.067625905139423 	 9.023588322957902 	 9.049158978724058
12.02 	 0.009999999999999787 	 75.10666666666667 	 70.15733333333333 	 72.74066666666667 	 8.759944190588328 	 8.482329449443052 	 8.642997910961734 	 75.75466666666667 	 74.69466666666666 	 75.274 	 8.77100212189133 	 8.715662427810956 	 8.735230811680555 	 75.82733333333333 	 75.518 	 75.68666666666667 	 8.764712557877882 	 8.73668564159201 	 8.761001972123712
12.03 	 0.009999999999999787 	 75.6 	 70.55933333333333 	 73.16733333333333 	 8.737657962329875 	 8.449604303687178 	 8.60205399244209 	 76.282 	 75.23 	 75.82 	 8.765299538521202 	 8.700484660829726 	 8.72534240015829 	 76.36266666666667 	 76.04466666666667 	 76.208 	 8.777270241304462 	 8.735903209679517 	 8.761244356064193
12.04 	 0.009999999999999787 	 75.414 	 70.49533333333333 	 73.03666666666666 	 8.668637186240215 	 8.360660553382663 	 8.547240620353579 	 76.07133333333333 	 74.99333333333334 	 75.59 	 8.677379302275288 	 8.647463340322538 	 8.651814838517986 	 76.156 	 75.834 	 76.00133333333333 	 8.682914103763398 	 8.673779107171221 	 8.679093552260449
12.049999999999999 	 0.010000000000000675 	 75.166 	 70.16866666666667 	 72.766 	 8.30211483097329 	 8.127497660548554 	 8.209217015038645 	 75.87066666666666 	 74.774 	 75.38 	 8.329502159326344 	 8.278743302377883 	 8.291899661718055 	 75.95133333333334 	 75.63266666666667 	 75.806 	 8.327682644182728 	 8.325967384567928 	 8.328527120685866
12.06 	 0.010000000000000675 	 75.31933333333333 	 70.40533333333333 	 72.92666666666666 	 8.835988506606881 	 8.577705883406251 	 8.673558797991873 	 76.05866666666667 	 74.924 	 75.55933333333333 	 8.874639423035106 	 8.786707233087943 	 8.835221911317351 	 76.13333333333334 	 75.812 	 75.98533333333333 	 8.868045005649341 	 8.869084281931253 	 8.874746093394572
12.07 	 0.009999999999999787 	 75.27066666666667 	 70.364 	 72.88066666666667 	 8.776867677151243 	 8.495302859031376 	 8.638195773552612 	 75.97733333333333 	 74.88666666666667 	 75.49066666666667 	 8.821988790642518 	 8.772256772854343 	 8.819405472529818 	 76.056 	 75.76533333333333 	 75.91866666666667 	 8.825466786521833 	 8.83098323454919 	 8.826251651874776
12.08 	 0.009999999999999787 	 74.95466666666667 	 70.06466666666667 	 72.622 	 8.741430749914773 	 8.46154939843893 	 8.614974327684713 	 75.61066666666666 	 74.55 	 75.146 	 8.785390499131056 	 8.724801812457786 	 8.76998768528212 	 75.68866666666666 	 75.39 	 75.54333333333334 	 8.788538268044856 	 8.789343926975816 	 8.78544946045575
12.09 	 0.009999999999999787 	 74.942 	 70.03666666666666 	 72.58666666666667 	 8.397855043600915 	 8.091352723054959 	 8.262918505118046 	 75.63133333333333 	 74.54066666666667 	 75.12133333333334 	 8.456127062011834 	 8.365425645011868 	 8.424247437539385 	 75.696 	 75.382 	 75.554 	 8.456136864234558 	 8.434931890655669 	 8.44071979553087
12.1 	 0.009999999999999787 	 74.41466666666666 	 69.53466666666667 	 72.07333333333334 	 8.641299182157482 	 8.458809897904603 	 8.552112149768748 	 75.14466666666667 	 74.03 	 74.65933333333334 	 8.645600319751594 	 8.653617740575324 	 8.655053218913343 	 75.21133333333333 	 74.902 	 75.09 	 8.643533510987018 	 8.655194740732297 	 8.64780704379247
12.11 	 0.009999999999999787 	 74.52 	 69.67133333333334 	 72.18133333333333 	 8.401999761961434 	 8.234924299726272 	 8.294684134365147 	 75.16866666666667 	 74.14666666666666 	 74.70666666666666 	 8.448365811734769 	 8.360451875081607 	 8.397258811990705 	 75.24933333333334 	 74.95466666666667 	 75.11 	 8.45106499534559 	 8.424524411238629 	 8.442387103183554
12.12 	 0.009999999999999787 	 75.05133333333333 	 70.13133333333333 	 72.65866666666666 	 8.708350296634196 	 8.429991195461332 	 8.589576525585466 	 75.66933333333333 	 74.63533333333334 	 75.19133333333333 	 8.721696674895824 	 8.716556175207932 	 8.727125809158986 	 75.73666666666666 	 75.428 	 75.604 	 8.737695475479917 	 8.722584632244427 	 8.723255355657084
12.129999999999999 	 0.010000000000000675 	 75.04933333333334 	 70.13133333333333 	 72.686 	 8.861766164572137 	 8.457309553805446 	 8.657986909977014 	 75.72466666666666 	 74.64 	 75.24333333333334 	 8.888692717279758 	 8.816711405053475 	 8.862813072357758 	 75.79933333333334 	 75.49066666666667 	 75.65333333333334 	 8.897737515171421 	 8.894300397195698 	 8.898454297735585
12.14 	 0.010000000000000675 	 74.65066666666667 	 69.71466666666667 	 72.26466666666667 	 8.705130645519088 	 8.45174054394846 	 8.539083765577871 	 75.32266666666666 	 74.26733333333334 	 74.83866666666667 	 8.745659088307118 	 8.67339992288043 	 8.720816373609882 	 75.40133333333333 	 75.096 	 75.244 	 8.740190590345016 	 8.73865649475555 	 8.737226714848749
12.15 	 0.009999999999999787 	 75.37866666666666 	 70.34533333333333 	 72.966 	 8.492228499568819 	 8.142772555394686 	 8.276120910990446 	 76.03666666666666 	 74.94933333333333 	 75.55933333333333 	 8.546928623130587 	 8.4771122965836 	 8.540480834759181 	 76.10466666666666 	 75.80533333333334 	 75.97133333333333 	 8.548160321899028 	 8.544517046361108 	 8.536578835940205
12.16 	 0.009999999999999787 	 74.63133333333333 	 69.71733333333333 	 72.238 	 8.609495816958287 	 8.32731046350234 	 8.50090324612626 	 75.31333333333333 	 74.23666666666666 	 74.834 	 8.698610361559036 	 8.599340413982665 	 8.641746196998229 	 75.39266666666667 	 75.10066666666667 	 75.246 	 8.702479314667873 	 8.674014807970348 	 8.698820839631082
12.17 	 0.009999999999999787 	 75.00866666666667 	 70.14066666666666 	 72.65133333333333 	 8.543258056632856 	 8.282645283294999 	 8.449246409526053 	 75.67733333333334 	 74.61733333333333 	 75.202 	 8.606502554593371 	 8.563657681673694 	 8.60696593850973 	 75.75866666666667 	 75.44933333333333 	 75.61733333333333 	 8.620620137528132 	 8.612670872357516 	 8.605515647278526
12.18 	 0.009999999999999787 	 74.62333333333333 	 69.77533333333334 	 72.32133333333333 	 8.776110882516369 	 8.557386179331994 	 8.665376211618794 	 75.33733333333333 	 74.26266666666666 	 74.844 	 8.81450733481773 	 8.79274357385427 	 8.79838985269464 	 75.402 	 75.10733333333333 	 75.278 	 8.817883117090329 	 8.81414466764769 	 8.82462743311769
12.19 	 0.009999999999999787 	 74.922 	 70.03133333333334 	 72.54266666666666 	 8.790596263432116 	 8.501745990612099 	 8.61116598118719 	 75.61733333333333 	 74.518 	 75.1 	 8.83396284549327 	 8.712080272051368 	 8.787908359406881 	 75.69066666666667 	 75.366 	 75.54666666666667 	 8.8438479307495 	 8.806439537823065 	 8.814901524627992
12.2 	 0.009999999999999787 	 74.398 	 69.42066666666666 	 71.996 	 8.623201029780066 	 8.373671410372447 	 8.47081168877379 	 75.06666666666666 	 73.994 	 74.57933333333334 	 8.665999974357002 	 8.596780249992824 	 8.625062679321363 	 75.13533333333334 	 74.82466666666667 	 75.00266666666667 	 8.681302795215831 	 8.649041848025067 	 8.657404897286227
12.209999999999999 	 0.009999999999999787 	 74.922 	 70.06133333333334 	 72.60733333333333 	 8.69957370603104 	 8.32243383205231 	 8.505359852600137 	 75.624 	 74.54333333333334 	 75.14866666666667 	 8.720318648612178 	 8.632812725615885 	 8.686535455647563 	 75.68733333333333 	 75.38133333333333 	 75.55 	 8.737747968186973 	 8.704247137014335 	 8.719145600344108
12.219999999999999 	 0.010000000000000675 	 75.05866666666667 	 70.21666666666667 	 72.69933333333333 	 8.75567767540329 	 8.4628830128325 	 8.576767041775641 	 75.738 	 74.66066666666667 	 75.24933333333334 	 8.834026413061412 	 8.736752994613553 	 8.794344748504892 	 75.81066666666666 	 75.48333333333333 	 75.66266666666667 	 8.842104927875237 	 8.805702066779736 	 8.824409681232067
12.23 	 0.010000000000000675 	 74.844 	 69.94466666666666 	 72.52133333333333 	 8.457008769850798 	 8.21707195755006 	 8.418801075898845 	 75.45666666666666 	 74.44533333333334 	 75.012 	 8.494789906498898 	 8.500373220564429 	 8.495872880404931 	 75.528 	 75.25266666666667 	 75.402 	 8.503482580684222 	 8.509259244428323 	 8.496924698579678
12.24 	 0.009999999999999787 	 75.156 	 70.21466666666667 	 72.73133333333334 	 8.856466413493212 	 8.506032264745349 	 8.682193552834958 	 75.826 	 74.73866666666666 	 75.346 	 8.876169819616267 	 8.792404196552587 	 8.861656203366653 	 75.894 	 75.59933333333333 	 75.764 	 8.864466368597718 	 8.875817308219503 	 8.871770060140197
12.25 	 0.009999999999999787 	 74.138 	 69.30933333333333 	 71.79733333333333 	 8.7540632089714 	 8.54363191050634 	 8.660422981715282 	 74.78466666666667 	 73.73933333333333 	 74.32266666666666 	 8.831890976581528 	 8.740369150607362 	 8.78384233819245 	 74.876 	 74.56 	 74.71733333333333 	 8.838813495034273 	 8.814669591085078 	 8.824063664523027
12.26 	 0.009999999999999787 	 74.59666666666666 	 69.57933333333334 	 72.082 	 8.476594573032001 	 8.142545029384582 	 8.344455804105301 	 75.23466666666667 	 74.15733333333333 	 74.75933333333333 	 8.515452516194049 	 8.47084684209449 	 8.483478819970548 	 75.31133333333334 	 75.01066666666667 	 75.16466666666666 	 8.513973116132222 	 8.500816797356723 	 8.508126598859599
12.27 	 0.009999999999999787 	 74.87 	 69.91866666666667 	 72.50333333333333 	 8.601381671956354 	 8.361661610522688 	 8.461480695218512 	 75.52266666666667 	 74.47333333333333 	 75.042 	 8.637755469770811 	 8.5565543428545 	 8.596059329716146 	 75.60333333333334 	 75.29466666666667 	 75.47266666666667 	 8.642568419682247 	 8.63958939353537 	 8.635966625430852
12.28 	 0.009999999999999787 	 74.67 	 69.85133333333333 	 72.34866666666667 	 8.715948982564472 	 8.30453078479185 	 8.529034620375015 	 75.38466666666666 	 74.30533333333334 	 74.9 	 8.752182483370774 	 8.683707247227739 	 8.729910270634706 	 75.454 	 75.16666666666667 	 75.32333333333334 	 8.7458114165201 	 8.734389249143614 	 8.749178374123037
12.29 	 0.009999999999999787 	 74.95533333333333 	 70.07333333333334 	 72.572 	 8.761354816592137 	 8.43381816788155 	 8.584296670859723 	 75.62 	 74.536 	 75.11933333333333 	 8.737787668130494 	 8.707049098288122 	 8.712046806322585 	 75.68866666666666 	 75.39933333333333 	 75.562 	 8.733674573485983 	 8.721612975183483 	 8.735339489682127
12.299999999999999 	 0.010000000000000675 	 74.81266666666667 	 69.94266666666667 	 72.45666666666666 	 8.887457804244262 	 8.52584577752977 	 8.721398333345913 	 75.458 	 74.43933333333334 	 74.996 	 8.92167226477189 	 8.838909409851171 	 8.891118264875347 	 75.55266666666667 	 75.23133333333334 	 75.388 	 8.919971574443995 	 8.88507089948577 	 8.919050173645173
12.31 	 0.010000000000000675 	 74.65666666666667 	 69.71866666666666 	 72.252 	 8.509374569000682 	 8.29671731603664 	 8.40494870101339 	 75.31466666666667 	 74.23066666666666 	 74.838 	 8.566425833190618 	 8.473574190125177 	 8.524382049939652 	 75.384 	 75.08133333333333 	 75.25533333333334 	 8.558692111921463 	 8.547907242256564 	 8.567971651576714
12.32 	 0.009999999999999787 	 74.62733333333334 	 69.80333333333333 	 72.31733333333334 	 8.435902612577323 	 8.26280756697679 	 8.382718307459832 	 75.32733333333333 	 74.27866666666667 	 74.85066666666667 	 8.504519556617463 	 8.48306223535398 	 8.491428985878773 	 75.4 	 75.09866666666667 	 75.266 	 8.497372142805876 	 8.50307384943168 	 8.501484811490284
12.33 	 0.009999999999999787 	 74.458 	 69.66133333333333 	 72.13533333333334 	 8.718193773177255 	 8.461361487504373 	 8.650993289148298 	 75.11866666666667 	 74.066 	 74.64466666666667 	 8.772262244648692 	 8.699673020675355 	 8.751822946614544 	 75.19733333333333 	 74.88733333333333 	 75.04933333333334 	 8.786261599160868 	 8.762722534818858 	 8.769885948833972
12.34 	 0.009999999999999787 	 74.33466666666666 	 69.446 	 72.00466666666667 	 8.781040080132245 	 8.531378395859214 	 8.653591444532662 	 75.00266666666667 	 73.94666666666667 	 74.534 	 8.814986834300372 	 8.760431242556246 	 8.772580996111312 	 75.082 	 74.788 	 74.95466666666667 	 8.82530127908768 	 8.802143072381105 	 8.818424550652773
12.35 	 0.009999999999999787 	 74.20466666666667 	 69.324 	 71.83066666666667 	 8.53495429916815 	 8.377928781427226 	 8.45738294168014 	 74.85466666666666 	 73.81333333333333 	 74.374 	 8.563422887815102 	 8.53735842570106 	 8.57792461302072 	 74.92866666666667 	 74.61466666666666 	 74.77866666666667 	 8.56470927054088 	 8.57505208277024 	 8.56802261642414
12.36 	 0.009999999999999787 	 74.62933333333334 	 69.79866666666666 	 72.27066666666667 	 8.495720857519323 	 8.1721966583179 	 8.31737576135379 	 75.28333333333333 	 74.23933333333333 	 74.81933333333333 	 8.509155200266488 	 8.431412666662423 	 8.478130270813777 	 75.36666666666666 	 75.05733333333333 	 75.22466666666666 	 8.521906411648095 	 8.493411930562548 	 8.501344494973852
12.37 	 0.009999999999999787 	 74.52266666666667 	 69.668 	 72.13466666666666 	 8.595899384137894 	 8.34300761116757 	 8.548247279738435 	 75.22933333333333 	 74.16266666666667 	 74.738 	 8.630376945546598 	 8.619602053201502 	 8.63921423896101 	 75.304 	 74.992 	 75.16733333333333 	 8.6449744938895 	 8.624766818103934 	 8.61993810238153
12.379999999999999 	 0.010000000000000675 	 74.36066666666666 	 69.54866666666666 	 72.00333333333333 	 8.68315915372331 	 8.40093039820921 	 8.532876940920271 	 74.99333333333334 	 73.91533333333334 	 74.52266666666667 	 8.735442493403271 	 8.677797237138519 	 8.719030119355146 	 75.06533333333333 	 74.76066666666667 	 74.92333333333333 	 8.741075347016649 	 8.730371482486998 	 8.737588657951092
12.39 	 0.010000000000000675 	 73.95 	 69.072 	 71.59666666666666 	 8.641575859375033 	 8.301012950236856 	 8.476122672280974 	 74.59933333333333 	 73.594 	 74.166 	 8.71061418934139 	 8.622286858291522 	 8.675700394396602 	 74.67 	 74.38533333333334 	 74.538 	 8.714572087410067 	 8.692804585147163 	 8.707653108999386
12.4 	 0.009999999999999787 	 74.16933333333333 	 69.16266666666667 	 71.75933333333333 	 8.693943843593399 	 8.39064198311958 	 8.580525210550277 	 74.852 	 73.78 	 74.364 	 8.76360443348892 	 8.681681864708013 	 8.705065804844136 	 74.91266666666667 	 74.62133333333334 	 74.78466666666667 	 8.763924514102623 	 8.730747097980153 	 8.747245179039068
12.41 	 0.009999999999999787 	 74.26 	 69.42866666666667 	 71.93266666666666 	 8.282535843568684 	 8.056854941945744 	 8.174032025601292 	 74.918 	 73.874 	 74.444 	 8.309950421031402 	 8.292293048367261 	 8.281879657823257 	 74.996 	 74.69533333333334 	 74.85666666666667 	 8.309912795370758 	 8.280972862867959 	 8.309439745788454
12.42 	 0.009999999999999787 	 74.14666666666666 	 69.232 	 71.788 	 8.706462478463276 	 8.494204455588136 	 8.531845599478071 	 74.828 	 73.78333333333333 	 74.35533333333333 	 8.74328786365099 	 8.673506916018585 	 8.706840503624466 	 74.922 	 74.598 	 74.76 	 8.735440229318726 	 8.715908596736583 	 8.733597960367383
12.43 	 0.009999999999999787 	 74.53066666666666 	 69.668 	 72.19066666666667 	 8.905713122609678 	 8.565771574509018 	 8.770004535663341 	 75.19066666666667 	 74.17933333333333 	 74.72066666666667 	 8.965990160353488 	 8.884021586846554 	 8.905801829269626 	 75.27 	 74.93933333333334 	 75.12266666666666 	 8.966442995971144 	 8.944177969805585 	 8.959591855783511
12.44 	 0.009999999999999787 	 73.99066666666667 	 69.174 	 71.63133333333333 	 8.571420315339939 	 8.34711870447921 	 8.5305383704013 	 74.65933333333334 	 73.59866666666667 	 74.20133333333334 	 8.629133573089607 	 8.56583902616797 	 8.604851241531657 	 74.73133333333334 	 74.43533333333333 	 74.60933333333334 	 8.636925661882756 	 8.597469679439929 	 8.625739362834675
12.45 	 0.009999999999999787 	 74.146 	 69.37933333333334 	 71.84266666666667 	 8.610653324032194 	 8.284731310603194 	 8.457457038351158 	 74.77733333333333 	 73.732 	 74.30666666666667 	 8.599210403028616 	 8.566456443594399 	 8.585294921485742 	 74.844 	 74.53533333333333 	 74.708 	 8.604010537727934 	 8.590348356666853 	 8.590541465278347
12.459999999999999 	 0.009999999999999787 	 74.00333333333333 	 69.12 	 71.64466666666667 	 8.961509669444963 	 8.739809303792999 	 8.870761235028755 	 74.65133333333333 	 73.60666666666667 	 74.19666666666667 	 8.99187215705878 	 8.945909058831802 	 8.969689081691863 	 74.73066666666666 	 74.44333333333333 	 74.58533333333334 	 8.993597327481861 	 8.955749860037157 	 8.97745611084912
12.469999999999999 	 0.010000000000000675 	 74.05666666666667 	 69.182 	 71.72866666666667 	 8.536907454628338 	 8.15219046228272 	 8.342204637997213 	 74.72266666666667 	 73.64866666666667 	 74.23866666666666 	 8.616520153493264 	 8.511868080640244 	 8.558058866095486 	 74.80066666666667 	 74.48933333333333 	 74.646 	 8.608344762819131 	 8.595147054523785 	 8.603527416124157
12.48 	 0.010000000000000675 	 74.42866666666667 	 69.45133333333334 	 72.03266666666667 	 8.85668739177101 	 8.438461444810633 	 8.643587192569735 	 75.074 	 73.99733333333333 	 74.59733333333334 	 8.906132194542513 	 8.793027136442957 	 8.852750583230552 	 75.15533333333333 	 74.83866666666667 	 75.01733333333334 	 8.908079004788606 	 8.870887115853872 	 8.8951503391205
12.49 	 0.009999999999999787 	 73.83466666666666 	 68.92666666666666 	 71.45 	 8.650202207013557 	 8.31432231487062 	 8.488001335218243 	 74.47733333333333 	 73.44333333333333 	 74.02666666666667 	 8.691997443370285 	 8.632117675029434 	 8.645959878591977 	 74.55333333333333 	 74.27 	 74.42133333333334 	 8.696080854167711 	 8.67347104681857 	 8.680465322908802
12.5 	 0.009999999999999787 	 73.63 	 68.75533333333334 	 71.26066666666667 	 8.390456880686932 	 8.231290191836406 	 8.347497802069526 	 74.29133333333333 	 73.22 	 73.78866666666667 	 8.434677916527432 	 8.418368804782393 	 8.431923755716854 	 74.36866666666667 	 74.05066666666667 	 74.232 	 8.446582241093468 	 8.441885624011313 	 8.43181530474508
12.51 	 0.009999999999999787 	 73.856 	 68.99533333333333 	 71.50666666666666 	 8.618232456058879 	 8.343419256449295 	 8.4874390850375 	 74.51866666666666 	 73.45666666666666 	 74.04666666666667 	 8.661580969366325 	 8.572910176182232 	 8.62951266809945 	 74.57266666666666 	 74.29133333333333 	 74.45266666666667 	 8.671604208885201 	 8.638274802039788 	 8.654772838664739
12.52 	 0.009999999999999787 	 73.54733333333333 	 68.67866666666667 	 71.20666666666666 	 8.77950793356641 	 8.578621386265329 	 8.698349779635727 	 74.21933333333334 	 73.16 	 73.75466666666667 	 8.800865083741611 	 8.773961477006837 	 8.80483644873026 	 74.304 	 73.99866666666667 	 74.152 	 8.79421688762943 	 8.811658842440256 	 8.805730861206241
12.53 	 0.009999999999999787 	 73.94133333333333 	 69.004 	 71.61333333333333 	 8.867500111205086 	 8.4941539111713 	 8.634494130456567 	 74.59 	 73.53133333333334 	 74.10933333333334 	 8.917131452060877 	 8.80959807381825 	 8.84767650604132 	 74.666 	 74.362 	 74.51866666666666 	 8.921870730588587 	 8.892260080167096 	 8.911433754203392
12.54 	 0.009999999999999787 	 73.922 	 69.082 	 71.59866666666667 	 8.48881122419388 	 8.23467926920452 	 8.385161391145406 	 74.57333333333334 	 73.54666666666667 	 74.12733333333334 	 8.527247830077155 	 8.479140417649788 	 8.50727842627842 	 74.64733333333334 	 74.35933333333334 	 74.51533333333333 	 8.536214591700208 	 8.515371173485171 	 8.523483142993179
12.549999999999999 	 0.010000000000000675 	 73.93266666666666 	 69.07133333333333 	 71.572 	 8.64739649965365 	 8.399578058185753 	 8.54545586847185 	 74.60133333333333 	 73.52466666666666 	 74.13466666666666 	 8.665240805783888 	 8.60790672708657 	 8.62796991701344 	 74.68 	 74.368 	 74.52733333333333 	 8.679185829711601 	 8.65774658903805 	 8.660249393380976
12.56 	 0.010000000000000675 	 73.79 	 68.98 	 71.478 	 8.444124189833623 	 8.134510843724204 	 8.255918038998853 	 74.458 	 73.46 	 74.01133333333334 	 8.481601814122927 	 8.429970343957326 	 8.456587465139561 	 74.522 	 74.246 	 74.40133333333333 	 8.480969834478445 	 8.467672879841308 	 8.483332573673836
12.57 	 0.009999999999999787 	 74.16466666666666 	 69.30866666666667 	 71.83466666666666 	 8.310328005292906 	 7.922797794269957 	 8.145059743318168 	 74.832 	 73.796 	 74.36466666666666 	 8.351114256991899 	 8.282333648596069 	 8.326244745115025 	 74.892 	 74.61866666666667 	 74.764 	 8.365185951310346 	 8.321293061911845 	 8.343478730921134
12.58 	 0.009999999999999787 	 73.526 	 68.64266666666667 	 71.146 	 8.623687764910478 	 8.31378250590882 	 8.49678472521616 	 74.158 	 73.13933333333334 	 73.708 	 8.656001925446489 	 8.573442689815776 	 8.63913977199119 	 74.236 	 73.93866666666666 	 74.10133333333333 	 8.668273799705837 	 8.654107207306572 	 8.658506312035325
12.59 	 0.009999999999999787 	 73.54133333333333 	 68.75 	 71.26533333333333 	 8.648253670860699 	 8.396159836496683 	 8.530275389588676 	 74.21266666666666 	 73.17133333333334 	 73.74933333333334 	 8.67022334711678 	 8.609721920919139 	 8.658627656210244 	 74.27533333333334 	 74.00333333333333 	 74.15533333333333 	 8.678835841030498 	 8.647272530816998 	 8.673515524604516
12.6 	 0.009999999999999787 	 74.132 	 69.24533333333333 	 71.756 	 8.542359705218068 	 8.313752355117527 	 8.395264379398661 	 74.78266666666667 	 73.73933333333333 	 74.308 	 8.589961169230563 	 8.525924361746485 	 8.564800211719282 	 74.85466666666666 	 74.56066666666666 	 74.714 	 8.592489640507123 	 8.584850196065677 	 8.578279003778478
12.61 	 0.009999999999999787 	 73.78533333333333 	 68.89066666666666 	 71.446 	 8.525525490483792 	 8.146249416483364 	 8.3259684521782 	 74.41 	 73.37266666666666 	 73.936 	 8.563599321157742 	 8.494181511808867 	 8.520088262453623 	 74.48066666666666 	 74.19333333333333 	 74.358 	 8.569108834775191 	 8.54423522356188 	 8.56289491546716
12.62 	 0.009999999999999787 	 73.53666666666666 	 68.68333333333334 	 71.198 	 8.415896994511174 	 8.121025523636504 	 8.276238839795123 	 74.20866666666667 	 73.13733333333333 	 73.738 	 8.449287438726548 	 8.377657163882725 	 8.4296316250079 	 74.29066666666667 	 74.00733333333334 	 74.15533333333333 	 8.446193199042723 	 8.440810361307472 	 8.449962813856375
12.629999999999999 	 0.010000000000000675 	 73.756 	 68.89266666666667 	 71.43333333333334 	 8.421587182156738 	 8.077941954620757 	 8.161549417168832 	 74.46466666666667 	 73.406 	 73.99 	 8.454313586697753 	 8.369936120823544 	 8.408521471301203 	 74.53733333333334 	 74.24266666666666 	 74.39933333333333 	 8.460532265893335 	 8.40680951504328 	 8.441003073621575
12.64 	 0.010000000000000675 	 73.706 	 68.89266666666667 	 71.33333333333333 	 8.723277136489475 	 8.340172633438444 	 8.518580998160564 	 74.378 	 73.326 	 73.92133333333334 	 8.773926297084257 	 8.679385001254408 	 8.725851146004166 	 74.456 	 74.15733333333333 	 74.32266666666666 	 8.778082402590366 	 8.750575955647466 	 8.765608149023215
12.65 	 0.009999999999999787 	 73.364 	 68.57333333333334 	 71.13133333333333 	 8.988483594763542 	 8.681126399008113 	 8.866157654562407 	 74.00866666666667 	 72.99733333333333 	 73.55466666666666 	 9.009731306882697 	 8.978566676009905 	 9.00668334565443 	 74.08 	 73.78933333333333 	 73.94466666666666 	 9.013708078994645 	 9.011970902946567 	 9.014965606639267
12.66 	 0.009999999999999787 	 73.68533333333333 	 68.85666666666667 	 71.36466666666666 	 8.723282154989345 	 8.410873253645478 	 8.546715834491957 	 74.35866666666666 	 73.29266666666666 	 73.90133333333333 	 8.711717677294695 	 8.719041206208145 	 8.704075571567353 	 74.432 	 74.13533333333334 	 74.294 	 8.714052405932232 	 8.705688842488124 	 8.700702883483993
12.67 	 0.009999999999999787 	 73.13 	 68.32866666666666 	 70.86133333333333 	 8.897102524605037 	 8.583898389167684 	 8.781615543597633 	 73.83333333333333 	 72.808 	 73.38466666666666 	 8.914644630544108 	 8.90208604766321 	 8.913848676201669 	 73.89733333333334 	 73.62 	 73.77 	 8.90416342068261 	 8.894545144825189 	 8.9134224627805
12.68 	 0.009999999999999787 	 73.252 	 68.464 	 70.98133333333334 	 8.546529276066787 	 8.324624355889378 	 8.446438197383689 	 73.93133333333333 	 72.932 	 73.474 	 8.55024082831719 	 8.519509532048582 	 8.510933595479797 	 74.00933333333333 	 73.72266666666667 	 73.87666666666667 	 8.552967100499231 	 8.534894232241871 	 8.54705342338646
12.69 	 0.009999999999999787 	 73.046 	 68.268 	 70.79 	 8.734827836502179 	 8.508750946329705 	 8.588164336263405 	 73.664 	 72.678 	 73.19866666666667 	 8.756812814412939 	 8.732829781920634 	 8.736849063338312 	 73.74 	 73.45 	 73.60133333333333 	 8.752165446333839 	 8.736484800345426 	 8.751060786492623
12.7 	 0.009999999999999787 	 73.544 	 68.66733333333333 	 71.178 	 8.625083419886442 	 8.398372831818211 	 8.451330230600783 	 74.23466666666667 	 73.142 	 73.758 	 8.666156292664523 	 8.61505480733195 	 8.624428638079936 	 74.31266666666667 	 74.00933333333333 	 74.17133333333334 	 8.666808691143984 	 8.633881681427473 	 8.653591444532662
12.709999999999999 	 0.009999999999999787 	 73.25933333333333 	 68.46066666666667 	 70.93133333333333 	 8.642535096190752 	 8.4843652024703 	 8.581216981809101 	 73.92133333333334 	 72.87466666666667 	 73.41866666666667 	 8.681271693837385 	 8.64501541673325 	 8.652902300512945 	 74.004 	 73.686 	 73.84866666666667 	 8.676711204905539 	 8.650514666769833 	 8.677351644110981
12.719999999999999 	 0.010000000000000675 	 73.33133333333333 	 68.56066666666666 	 71.03266666666667 	 8.274310740008634 	 8.013550163455784 	 8.175630427611615 	 73.96533333333333 	 72.96 	 73.50133333333333 	 8.341310741657386 	 8.270010076575884 	 8.298071958125105 	 74.04 	 73.74333333333334 	 73.89733333333334 	 8.34040766389749 	 8.32314777526441 	 8.336273721247135
12.73 	 0.010000000000000675 	 73.31466666666667 	 68.42133333333334 	 70.974 	 8.569071413454838 	 8.240215099673605 	 8.476004797859268 	 73.96933333333334 	 72.92 	 73.49533333333333 	 8.597696952608233 	 8.54659386344447 	 8.574184794421502 	 74.04866666666666 	 73.74666666666667 	 73.90933333333334 	 8.610514786520541 	 8.575924958212315 	 8.579186804250284
12.74 	 0.009999999999999787 	 73.31133333333334 	 68.53666666666666 	 71.09533333333333 	 8.78413749639403 	 8.446576558319682 	 8.67799390540361 	 73.956 	 72.98533333333333 	 73.52 	 8.828631302000705 	 8.755709654594284 	 8.795620122159287 	 74.02333333333333 	 73.756 	 73.90533333333333 	 8.825047056846527 	 8.820683873714101 	 8.824456823069747
12.75 	 0.009999999999999787 	 73.118 	 68.32 	 70.78266666666667 	 8.547206717206894 	 8.2825277945001 	 8.389562933921065 	 73.74066666666667 	 72.73266666666666 	 73.27466666666666 	 8.579670519444335 	 8.558652515956522 	 8.567879447227432 	 73.81933333333333 	 73.516 	 73.68 	 8.580133617193201 	 8.571838231480262 	 8.582866653979893
12.76 	 0.009999999999999787 	 73.19733333333333 	 68.38466666666666 	 70.83333333333333 	 8.836650546948707 	 8.45028785834476 	 8.713297628082927 	 73.85866666666666 	 72.828 	 73.38 	 8.912165368503636 	 8.83514285868278 	 8.855484176486343 	 73.93533333333333 	 73.62733333333334 	 73.79266666666666 	 8.912565187544057 	 8.882742794630246 	 8.894437187865734
12.77 	 0.009999999999999787 	 72.844 	 67.92066666666666 	 70.45333333333333 	 8.48439728757048 	 8.144346068831364 	 8.279844335627464 	 73.462 	 72.42866666666667 	 73.00333333333333 	 8.511593427006876 	 8.456609538632424 	 8.467309030750101 	 73.542 	 73.24666666666667 	 73.40666666666667 	 8.503973737808304 	 8.499597376085267 	 8.507562648739192
12.78 	 0.009999999999999787 	 72.82466666666667 	 68.02666666666667 	 70.50933333333333 	 8.317086322077515 	 8.157652167682127 	 8.272318068245577 	 73.51866666666666 	 72.48 	 73.06 	 8.383574310651884 	 8.291457451296887 	 8.314268859416723 	 73.58533333333334 	 73.28666666666666 	 73.45666666666666 	 8.396192682136085 	 8.342291185413167 	 8.368599378364072
12.79 	 0.009999999999999787 	 73.67533333333333 	 68.814 	 71.32 	 8.514649624160834 	 8.153899108197663 	 8.399936507696552 	 74.34333333333333 	 73.27933333333333 	 73.84533333333333 	 8.542294123295502 	 8.501449262070293 	 8.519472492798808 	 74.42666666666666 	 74.11 	 74.28333333333333 	 8.539357248775941 	 8.537323936691168 	 8.542309731890757
12.799999999999999 	 0.010000000000000675 	 73.33866666666667 	 68.54333333333334 	 71.04066666666667 	 8.59627660999549 	 8.31577550335639 	 8.454210758879597 	 73.98466666666667 	 72.96933333333334 	 73.51533333333333 	 8.65350207847795 	 8.610558995920197 	 8.628736768625071 	 74.04733333333333 	 73.75466666666667 	 73.92866666666667 	 8.66347271915573 	 8.655546096129477 	 8.653683891204304
12.81 	 0.010000000000000675 	 73.01866666666666 	 68.192 	 70.67733333333334 	 8.31149715086812 	 8.122590063110001 	 8.265584445290134 	 73.69933333333333 	 72.64133333333334 	 73.23066666666666 	 8.347430715828407 	 8.253202906885438 	 8.31064334987905 	 73.77 	 73.46866666666666 	 73.63733333333333 	 8.347121260250946 	 8.33568742749444 	 8.34812191786605
12.82 	 0.009999999999999787 	 73.06466666666667 	 68.224 	 70.732 	 8.519261600762254 	 8.293641580552338 	 8.377758809291818 	 73.71133333333333 	 72.69133333333333 	 73.272 	 8.576402016904032 	 8.51360038735408 	 8.526860461701794 	 73.79266666666666 	 73.50066666666666 	 73.64866666666667 	 8.57268994475415 	 8.555894628201594 	 8.570797214313782
12.83 	 0.009999999999999787 	 72.888 	 68.052 	 70.52666666666667 	 8.641264722249863 	 8.328823206191856 	 8.477497010058778 	 73.54333333333334 	 72.482 	 73.07533333333333 	 8.68301726871995 	 8.626722591266434 	 8.663428395015195 	 73.62733333333334 	 73.32533333333333 	 73.484 	 8.678966118662343 	 8.669303598841655 	 8.67627477665386
12.84 	 0.009999999999999787 	 73.26333333333334 	 68.48333333333333 	 70.95733333333334 	 8.399007216464469 	 8.19823490487773 	 8.320147007248263 	 73.92266666666667 	 72.874 	 73.46 	 8.415819600939384 	 8.407107548576581 	 8.423008172064579 	 73.988 	 73.68933333333334 	 73.86066666666666 	 8.429226299014637 	 8.436003371792172 	 8.416803800863022
12.85 	 0.009999999999999787 	 73.00866666666667 	 68.17 	 70.67466666666667 	 8.471949296879018 	 8.215174982920328 	 8.342870702315574 	 73.606 	 72.63 	 73.15933333333334 	 8.513680990030107 	 8.442655585379125 	 8.49497574386701 	 73.68333333333334 	 73.39733333333334 	 73.544 	 8.535439193282453 	 8.51317368683514 	 8.516967222354836
12.86 	 0.009999999999999787 	 72.82066666666667 	 67.95933333333333 	 70.43866666666666 	 8.630981378473455 	 8.267628411797155 	 8.452587664273127 	 73.42133333333334 	 72.456 	 72.97133333333333 	 8.678775540874927 	 8.613558923774384 	 8.654084482036343 	 73.51066666666667 	 73.204 	 73.35266666666666 	 8.680200816929423 	 8.652459226524368 	 8.67150272764505
12.87 	 0.009999999999999787 	 72.83133333333333 	 67.98733333333334 	 70.512 	 8.609852005438627 	 8.332777021431024 	 8.42633902316619 	 73.48133333333334 	 72.42466666666667 	 73.012 	 8.632669626997718 	 8.55587468091694 	 8.605416278910239 	 73.558 	 73.26266666666666 	 73.41666666666667 	 8.637436116502782 	 8.62633600602764 	 8.630279382628482
12.879999999999999 	 0.010000000000000675 	 72.82733333333333 	 67.96866666666666 	 70.50333333333333 	 8.66195818251021 	 8.452357751276004 	 8.531548641496585 	 73.46 	 72.452 	 72.99133333333333 	 8.686410842996855 	 8.632401905997348 	 8.657978491285109 	 73.53266666666667 	 73.22866666666667 	 73.394 	 8.695339722454143 	 8.667201291202497 	 8.675949362077521
12.89 	 0.010000000000000675 	 72.746 	 67.84933333333333 	 70.42333333333333 	 8.648708034537105 	 8.284763095922271 	 8.466962593253589 	 73.40466666666667 	 72.35933333333334 	 72.93066666666667 	 8.658843931046581 	 8.58445569361014 	 8.646494061500047 	 73.474 	 73.17333333333333 	 73.332 	 8.666486639155838 	 8.664061146803823 	 8.659201810790647
12.9 	 0.009999999999999787 	 73.246 	 68.44933333333333 	 70.92133333333334 	 8.513449203074705 	 8.176027940808964 	 8.3583378464594 	 73.88266666666667 	 72.87733333333334 	 73.43133333333333 	 8.575521338217415 	 8.489107897116686 	 8.503643428293284 	 73.95733333333334 	 73.66333333333333 	 73.806 	 8.594543592044637 	 8.53358007455774 	 8.550420886326785
12.91 	 0.009999999999999787 	 72.872 	 68.08066666666667 	 70.564 	 8.829323265875665 	 8.538198066467082 	 8.661749476866667 	 73.53866666666667 	 72.47866666666667 	 73.06333333333333 	 8.851845658141333 	 8.751164392366437 	 8.809955858131312 	 73.60733333333333 	 73.33066666666667 	 73.48 	 8.851128716472015 	 8.84126647539191 	 8.846634011494617
12.92 	 0.009999999999999787 	 72.95666666666666 	 68.19266666666667 	 70.69133333333333 	 8.372979689984259 	 8.178399164193987 	 8.304460140323526 	 73.60733333333333 	 72.614 	 73.166 	 8.423369054138744 	 8.387908201691289 	 8.409663726927493 	 73.688 	 73.37133333333334 	 73.546 	 8.42915511780392 	 8.43034864179544 	 8.422819242985094
12.93 	 0.009999999999999787 	 72.62133333333334 	 67.77 	 70.27066666666667 	 8.57324976631123 	 8.279840980759634 	 8.4281318346489 	 73.29333333333334 	 72.28066666666666 	 72.848 	 8.572861573334515 	 8.53701116056173 	 8.564474842822142 	 73.35933333333334 	 73.08866666666667 	 73.23333333333333 	 8.574742730186655 	 8.565092228860637 	 8.579445721542207
12.94 	 0.009999999999999787 	 72.774 	 67.95466666666667 	 70.444 	 8.284297837877793 	 7.979094239880169 	 8.129218740649888 	 73.398 	 72.374 	 72.93333333333334 	 8.304111190649284 	 8.240840814706551 	 8.272739704730364 	 73.48333333333333 	 73.16533333333334 	 73.33333333333333 	 8.305363059828002 	 8.282793302315886 	 8.299049477031826
12.95 	 0.009999999999999787 	 72.75866666666667 	 67.93533333333333 	 70.45266666666667 	 8.558217779161474 	 8.348122636590551 	 8.489351735491285 	 73.36466666666666 	 72.38066666666667 	 72.93266666666666 	 8.627379955055236 	 8.583613820659817 	 8.596208440676364 	 73.442 	 73.172 	 73.306 	 8.61711297361245 	 8.617022842412956 	 8.618141563005333
