time 	 delTime 		 mean eVee 	 	 stdev eVee 	 	 mean eVth 	 	 stdev eVth 	 	 mean eVt 	 	 stdev eVt
 	  	 10 	 100 	 50 	 10 	 100 	 50 	 10 	 100 	 50 	 10 	 100 	 50 	 10 	 100 	 50 	 10 	 100 	 50
8.879999999999999 	 0.009999999999999787 	 91.56933333333333 	 85.53066666666666 	 88.60533333333333 	 9.536309185889941 	 9.172770912991462 	 9.349736443106595 	 92.41 	 91.06066666666666 	 91.808 	 9.568589237708974 	 9.465427594966618 	 9.553523049988767 	 92.50133333333333 	 92.12066666666666 	 92.32933333333334 	 9.573888006215425 	 9.563303450632992 	 9.568396219964045
8.889999999999999 	 0.010000000000000675 	 91.918 	 85.86466666666666 	 89.01933333333334 	 9.40811401574903 	 9.248550420951863 	 9.353802767977431 	 92.72733333333333 	 91.41466666666666 	 92.13533333333334 	 9.500016818698562 	 9.44260124236019 	 9.46768283278555 	 92.82 	 92.44466666666666 	 92.64933333333333 	 9.502469854376457 	 9.48059095673307 	 9.49798397322061
8.9 	 0.010000000000000675 	 91.496 	 85.33066666666667 	 88.56133333333334 	 9.543269041581087 	 9.246548521235129 	 9.386492327926456 	 92.34333333333333 	 91.0 	 91.756 	 9.57699268501803 	 9.537924302488461 	 9.558476029158623 	 92.44666666666667 	 92.06733333333334 	 92.24866666666667 	 9.577290268593142 	 9.563827662372193 	 9.565920319318762
8.91 	 0.009999999999999787 	 91.16866666666667 	 85.16666666666667 	 88.224 	 9.456226426129094 	 9.149074027220216 	 9.318824532454009 	 91.97866666666667 	 90.674 	 91.394 	 9.479216470198836 	 9.417345202692035 	 9.472702747016468 	 92.082 	 91.7 	 91.89466666666667 	 9.474840860580896 	 9.452653948318781 	 9.45901183469441
8.92 	 0.009999999999999787 	 91.45 	 85.50866666666667 	 88.598 	 9.505831543496514 	 9.197205638429292 	 9.33775826059624 	 92.284 	 91.01333333333334 	 91.686 	 9.522710258464585 	 9.47641751343243 	 9.496353896803413 	 92.374 	 92.00133333333333 	 92.20133333333334 	 9.5255861062019 	 9.502631121022336 	 9.513681283055238
8.93 	 0.009999999999999787 	 91.244 	 85.27933333333333 	 88.37866666666666 	 9.317320644906452 	 9.06825816914264 	 9.20604574300075 	 92.05933333333333 	 90.754 	 91.45666666666666 	 9.376912047980165 	 9.317518482228337 	 9.364691962662496 	 92.154 	 91.76533333333333 	 91.98066666666666 	 9.370643023115685 	 9.37867785043405 	 9.369967603406582
8.94 	 0.009999999999999787 	 91.00666666666666 	 84.96266666666666 	 88.08133333333333 	 9.299818397271112 	 8.99006523273824 	 9.172134514689345 	 91.83066666666667 	 90.51666666666667 	 91.23866666666666 	 9.352040395312434 	 9.291665919282481 	 9.289942853549865 	 91.92933333333333 	 91.54066666666667 	 91.75466666666667 	 9.368546999876177 	 9.322464600212877 	 9.351638620524687
8.95 	 0.009999999999999787 	 91.06466666666667 	 85.14466666666667 	 88.204 	 9.363928211789942 	 9.031412120421086 	 9.264540859283493 	 91.85333333333334 	 90.58666666666667 	 91.28866666666667 	 9.413385268978542 	 9.326940667883667 	 9.355070187990158 	 91.944 	 91.588 	 91.77 	 9.419246112791262 	 9.380383218895343 	 9.395944160469806
8.959999999999999 	 0.009999999999999787 	 91.76133333333334 	 85.63066666666667 	 88.80666666666667 	 9.653205247769032 	 9.453513961602967 	 9.505855505365568 	 92.54266666666666 	 91.21533333333333 	 91.956 	 9.732497772354685 	 9.64176496060527 	 9.67812295850802 	 92.646 	 92.26266666666666 	 92.46066666666667 	 9.728001713267394 	 9.699983138587866 	 9.710224142051969
8.969999999999999 	 0.010000000000000675 	 91.06533333333333 	 85.15266666666666 	 88.23266666666666 	 9.594706781461444 	 9.264917316894355 	 9.431571072143225 	 91.886 	 90.568 	 91.28933333333333 	 9.67041901884298 	 9.55998828451165 	 9.616805752893676 	 91.984 	 91.60266666666666 	 91.81466666666667 	 9.66124960861689 	 9.658060168699626 	 9.67810165040415
8.98 	 0.010000000000000675 	 90.85066666666667 	 84.70933333333333 	 87.89133333333334 	 9.32625503022992 	 8.941113626886132 	 9.167743718543232 	 91.656 	 90.37333333333333 	 91.07266666666666 	 9.367052044266648 	 9.316327364125605 	 9.340773677211589 	 91.748 	 91.378 	 91.58533333333334 	 9.364569539848945 	 9.34917729000793 	 9.354003682321752
8.99 	 0.009999999999999787 	 90.51933333333334 	 84.51666666666667 	 87.57466666666667 	 9.572684727331664 	 9.150467504753818 	 9.346822537929965 	 91.30866666666667 	 90.01 	 90.74266666666666 	 9.64413767817297 	 9.522004340823766 	 9.600856535862944 	 91.394 	 91.04866666666666 	 91.228 	 9.633765134497866 	 9.64079690113265 	 9.644066362276858
9.0 	 0.009999999999999787 	 90.708 	 84.72 	 87.82133333333333 	 9.416160009968678 	 9.111399453431948 	 9.319732375747469 	 91.504 	 90.242 	 90.936 	 9.468015490763275 	 9.396210370853417 	 9.431007581377507 	 91.60066666666667 	 91.21266666666666 	 91.42 	 9.482819529139116 	 9.446804021584349 	 9.47422468243884
9.01 	 0.009999999999999787 	 91.10666666666667 	 85.10733333333333 	 88.26266666666666 	 9.295121779131723 	 8.969642108554586 	 9.192769235775597 	 91.96 	 90.638 	 91.346 	 9.364386436565576 	 9.284985514259029 	 9.312336835259629 	 92.06266666666667 	 91.69533333333334 	 91.88266666666667 	 9.367892304153704 	 9.340655484969396 	 9.353336279400818
9.02 	 0.009999999999999787 	 90.72 	 84.68066666666667 	 87.788 	 9.588548725780491 	 9.363334140263404 	 9.479120353000413 	 91.58133333333333 	 90.24 	 90.982 	 9.645208735717208 	 9.545037104869385 	 9.642562384207496 	 91.668 	 91.30266666666667 	 91.51733333333334 	 9.647129590366937 	 9.652239440783793 	 9.63564733453625
9.03 	 0.009999999999999787 	 90.45266666666667 	 84.486 	 87.572 	 9.552508896736095 	 9.35338462803706 	 9.408054138166227 	 91.31866666666667 	 89.99 	 90.73933333333333 	 9.590192119498385 	 9.53145144595862 	 9.556187501067335 	 91.41 	 91.02933333333333 	 91.228 	 9.594819782917586 	 9.57171908395886 	 9.58185869234148
9.04 	 0.009999999999999787 	 90.58866666666667 	 84.604 	 87.702 	 9.373196087188665 	 9.004620147457638 	 9.20564297953525 	 91.352 	 90.08266666666667 	 90.76866666666666 	 9.434339545864704 	 9.356628642601756 	 9.39243409464353 	 91.45333333333333 	 91.06866666666667 	 91.27666666666667 	 9.432416916617337 	 9.425141107107569 	 9.42005602719833
9.049999999999999 	 0.010000000000000675 	 90.38066666666667 	 84.38 	 87.53466666666667 	 9.527211530954666 	 9.232385029521533 	 9.373480226445007 	 91.19266666666667 	 89.936 	 90.644 	 9.608375489933538 	 9.504800751900765 	 9.577609165826999 	 91.30133333333333 	 90.91333333333333 	 91.12133333333334 	 9.611929994658837 	 9.589186038913256 	 9.617897113656857
9.06 	 0.010000000000000675 	 91.054 	 85.096 	 88.25733333333334 	 9.65037567489819 	 9.308783522387158 	 9.488191585099637 	 91.88666666666667 	 90.63866666666667 	 91.34066666666666 	 9.651415555358822 	 9.6244881191446 	 9.635867694308708 	 91.97266666666667 	 91.62466666666667 	 91.796 	 9.658429110827955 	 9.64322516358275 	 9.650201241424968
9.07 	 0.009999999999999787 	 90.49933333333334 	 84.49666666666667 	 87.55666666666667 	 9.376815356090907 	 9.06829580951619 	 9.207394974813571 	 91.304 	 90.02666666666667 	 90.71466666666667 	 9.4234946101044 	 9.322550914613208 	 9.367314710678235 	 91.40533333333333 	 91.02933333333333 	 91.22066666666667 	 9.429795237555386 	 9.388386774213249 	 9.412826686082253
9.08 	 0.009999999999999787 	 90.40333333333334 	 84.428 	 87.52133333333333 	 9.316830052234623 	 9.090112723906856 	 9.170762139660052 	 91.164 	 89.88866666666667 	 90.584 	 9.39147329585016 	 9.3151635281167 	 9.348312361062824 	 91.27733333333333 	 90.88266666666667 	 91.08333333333333 	 9.404560217728891 	 9.37952910450318 	 9.401297191818205
9.09 	 0.009999999999999787 	 90.10266666666666 	 84.15066666666667 	 87.19933333333333 	 9.471930086078315 	 9.20774852441621 	 9.339999976207471 	 90.90066666666667 	 89.61266666666667 	 90.342 	 9.490844687849913 	 9.473399929392944 	 9.484779175078351 	 90.99266666666666 	 90.63333333333334 	 90.81933333333333 	 9.50069889826825 	 9.48628249397811 	 9.492805673538017
9.1 	 0.009999999999999787 	 90.38666666666667 	 84.37066666666666 	 87.462 	 9.473462349578895 	 9.149714361054606 	 9.320044134373328 	 91.18733333333333 	 89.89666666666666 	 90.60133333333333 	 9.526117059023694 	 9.439243731476703 	 9.491596189378383 	 91.28133333333334 	 90.91266666666667 	 91.10666666666667 	 9.529018044315421 	 9.50836681852123 	 9.544804287615795
9.11 	 0.009999999999999787 	 90.708 	 84.70733333333334 	 87.82066666666667 	 9.461786441611682 	 9.178980311317568 	 9.351960911428623 	 91.52866666666667 	 90.242 	 90.95533333333333 	 9.529524903629188 	 9.500636961102487 	 9.530022991694313 	 91.61466666666666 	 91.25666666666666 	 91.444 	 9.514665078475204 	 9.527300538744202 	 9.531502015247474
9.12 	 0.009999999999999787 	 90.27666666666667 	 84.30666666666667 	 87.43266666666666 	 9.525481031889617 	 9.251988374878607 	 9.427696761257344 	 91.07733333333333 	 89.80466666666666 	 90.50133333333333 	 9.57193917425072 	 9.48077941006024 	 9.54794907587779 	 91.17 	 90.80266666666667 	 90.998 	 9.573980363464301 	 9.559483575079891 	 9.570893166261966
9.129999999999999 	 0.009999999999999787 	 89.87933333333334 	 84.00333333333333 	 87.03466666666667 	 9.455621232308795 	 9.194236721386332 	 9.367610770925292 	 90.69333333333333 	 89.42133333333334 	 90.10866666666666 	 9.504978812297384 	 9.439128396673546 	 9.482028170292589 	 90.788 	 90.416 	 90.61666666666666 	 9.506158845716813 	 9.501663573641547 	 9.505597765994986
9.139999999999999 	 0.010000000000000675 	 90.23666666666666 	 84.18666666666667 	 87.22533333333334 	 9.669918418591866 	 9.39630187301839 	 9.519448069901719 	 91.04266666666666 	 89.73933333333333 	 90.46733333333333 	 9.742527712160856 	 9.627982804766994 	 9.68790996838614 	 91.144 	 90.76733333333334 	 90.964 	 9.739777410187566 	 9.710125276683554 	 9.735024601920635
9.15 	 0.010000000000000675 	 89.692 	 83.772 	 86.872 	 9.319574525338231 	 9.042419440245698 	 9.242778225908774 	 90.48333333333333 	 89.264 	 89.92466666666667 	 9.322752931523082 	 9.286458097681807 	 9.321033109168866 	 90.584 	 90.216 	 90.40066666666667 	 9.33453858884662 	 9.327093723842028 	 9.328958474675629
9.16 	 0.009999999999999787 	 90.09533333333333 	 84.21533333333333 	 87.25466666666667 	 9.5637986641757 	 9.272735926119946 	 9.403783541154533 	 90.89066666666666 	 89.61266666666667 	 90.32733333333333 	 9.632447571734934 	 9.54728440738808 	 9.587014805917892 	 90.97933333333333 	 90.62133333333334 	 90.80666666666667 	 9.639652806103664 	 9.60329517521055 	 9.621432094836795
9.17 	 0.009999999999999787 	 89.73333333333333 	 83.83333333333333 	 86.88666666666667 	 9.243856818930553 	 8.873794127779968 	 9.020817898370167 	 90.51866666666666 	 89.26666666666667 	 89.958 	 9.2908728450142 	 9.168108977440344 	 9.236678840362483 	 90.62066666666666 	 90.23333333333333 	 90.432 	 9.300865885616362 	 9.265071805202352 	 9.282027939338832
9.18 	 0.009999999999999787 	 90.03533333333333 	 84.05 	 87.16666666666667 	 9.541108507692153 	 9.202146488727507 	 9.370817585580365 	 90.84133333333334 	 89.56466666666667 	 90.27533333333334 	 9.543522666651393 	 9.477859369194197 	 9.514245015881304 	 90.924 	 90.548 	 90.76933333333334 	 9.549078000868287 	 9.546012919887898 	 9.534435460768275
9.19 	 0.009999999999999787 	 89.49933333333334 	 83.57933333333334 	 86.66666666666667 	 9.117565440157561 	 8.839214117907893 	 8.974828998680453 	 90.25733333333334 	 89.028 	 89.72333333333333 	 9.133552406131775 	 9.087750876867169 	 9.101728163132293 	 90.358 	 89.994 	 90.18666666666667 	 9.130051259439895 	 9.127794403176852 	 9.1181772057553
9.2 	 0.009999999999999787 	 89.432 	 83.47533333333334 	 86.582 	 9.516444153849344 	 9.239627962688155 	 9.43111566394277 	 90.24666666666667 	 88.97266666666667 	 89.67666666666666 	 9.546263957986682 	 9.524560508962548 	 9.541913970594276 	 90.332 	 89.99466666666666 	 90.18933333333334 	 9.543816986230754 	 9.547633470598297 	 9.55866899149086
9.209999999999999 	 0.009999999999999787 	 90.08866666666667 	 84.188 	 87.284 	 9.416623858309775 	 9.07020705386597 	 9.231432391563079 	 90.85266666666666 	 89.62466666666667 	 90.31933333333333 	 9.501804717467566 	 9.38678813841857 	 9.451562104870401 	 90.94866666666667 	 90.592 	 90.78266666666667 	 9.50245748331568 	 9.459397584765464 	 9.481179579684282
9.219999999999999 	 0.010000000000000675 	 89.626 	 83.70333333333333 	 86.77933333333333 	 9.61031341840629 	 9.284933434811952 	 9.406733734700667 	 90.384 	 89.12066666666666 	 89.81533333333333 	 9.633649914059918 	 9.562745747023824 	 9.578442717315216 	 90.49466666666666 	 90.112 	 90.31266666666667 	 9.642715984387156 	 9.596290394383308 	 9.62449511518512
9.23 	 0.010000000000000675 	 89.408 	 83.43133333333333 	 86.56466666666667 	 9.45107768105486 	 9.198040636763656 	 9.324045164102447 	 90.176 	 88.942 	 89.64866666666667 	 9.470288133596219 	 9.386513516743051 	 9.420468754555452 	 90.27666666666667 	 89.91533333333334 	 90.09866666666667 	 9.473970773768633 	 9.440347710168778 	 9.455700126848825
9.24 	 0.009999999999999787 	 89.268 	 83.44 	 86.43266666666666 	 9.608269493861352 	 9.152180068158625 	 9.435684018071445 	 90.05133333333333 	 88.816 	 89.49266666666666 	 9.649423033989592 	 9.54048272713004 	 9.58919250452763 	 90.14133333333334 	 89.79 	 89.984 	 9.659883965256633 	 9.624512108846522 	 9.65061711325585
9.25 	 0.009999999999999787 	 89.63466666666666 	 83.66733333333333 	 86.73466666666667 	 9.192018180041977 	 8.807231851659685 	 9.001422011117034 	 90.408 	 89.17133333333334 	 89.866 	 9.233500744571367 	 9.155579986483046 	 9.19536354184361 	 90.50866666666667 	 90.13733333333333 	 90.32666666666667 	 9.241316188124335 	 9.20962211795661 	 9.228504152292986
9.26 	 0.009999999999999787 	 89.69466666666666 	 83.714 	 86.86266666666667 	 9.19638180058996 	 8.84391715625303 	 9.063174915864504 	 90.512 	 89.24933333333334 	 89.94466666666666 	 9.228245914943244 	 9.165324119867352 	 9.198637846019498 	 90.59933333333333 	 90.22866666666667 	 90.43133333333333 	 9.24237340850402 	 9.201976864903662 	 9.214478727645
9.27 	 0.009999999999999787 	 89.03466666666667 	 83.26866666666666 	 86.21866666666666 	 9.383822864672775 	 9.02133498374209 	 9.182747494925229 	 89.79133333333333 	 88.56533333333333 	 89.23733333333334 	 9.393745697123284 	 9.346963761326753 	 9.365166285526143 	 89.886 	 89.54933333333334 	 89.72533333333334 	 9.39877672891531 	 9.378533976883357 	 9.389811405040158
9.28 	 0.009999999999999787 	 89.44 	 83.61733333333333 	 86.64333333333333 	 9.388276377127664 	 9.04103052140014 	 9.235950892511767 	 90.19466666666666 	 88.96666666666667 	 89.63533333333334 	 9.415064430062188 	 9.327819800050932 	 9.386356315892174 	 90.28333333333333 	 89.944 	 90.128 	 9.417238920665064 	 9.40500916178891 	 9.406714764819153
9.29 	 0.009999999999999787 	 89.312 	 83.35933333333334 	 86.43866666666666 	 9.495261414691717 	 9.103014860778574 	 9.334500784128142 	 90.08933333333333 	 88.81533333333333 	 89.51733333333334 	 9.549102203290573 	 9.479446092584853 	 9.531650760609214 	 90.19333333333333 	 89.82066666666667 	 90.014 	 9.545677323037667 	 9.543331330771707 	 9.549474889577262
9.299999999999999 	 0.010000000000000675 	 89.084 	 83.22266666666667 	 86.238 	 9.448012701092225 	 9.025136354771723 	 9.192099288700778 	 89.89533333333334 	 88.62 	 89.332 	 9.484111883683271 	 9.420735993894885 	 9.48369351395682 	 89.96266666666666 	 89.62066666666666 	 89.81933333333333 	 9.49589066678611 	 9.492845001485183 	 9.490487846025387
9.31 	 0.010000000000000675 	 89.03133333333334 	 83.272 	 86.296 	 9.49728127179329 	 9.158421406916515 	 9.332901513820161 	 89.882 	 88.59533333333333 	 89.29266666666666 	 9.547778589808207 	 9.452949004881434 	 9.52332292614062 	 89.96333333333334 	 89.61133333333333 	 89.80333333333333 	 9.54711067403234 	 9.548836136176783 	 9.545364785532762
9.32 	 0.009999999999999787 	 89.034 	 83.17533333333333 	 86.21866666666666 	 9.475275404968448 	 9.136041715219028 	 9.338032531296706 	 89.85333333333334 	 88.562 	 89.27866666666667 	 9.550348452049043 	 9.4255409747487 	 9.479575142847326 	 89.94333333333333 	 89.576 	 89.76933333333334 	 9.548269767636206 	 9.51189907431739 	 9.541704576343905
9.33 	 0.009999999999999787 	 89.114 	 83.286 	 86.342 	 9.31906669146648 	 9.031290273266606 	 9.193169710895875 	 89.93533333333333 	 88.67133333333334 	 89.354 	 9.389949496965123 	 9.336200773809919 	 9.38790093684419 	 90.022 	 89.64933333333333 	 89.85133333333333 	 9.394405214452554 	 9.392960106140958 	 9.388995236741552
9.34 	 0.009999999999999787 	 89.14533333333334 	 83.202 	 86.328 	 9.631694808749335 	 9.366600023487711 	 9.489384384669007 	 89.92866666666667 	 88.68533333333333 	 89.394 	 9.633046154889024 	 9.642319130905294 	 9.636256050285644 	 90.018 	 89.66866666666667 	 89.858 	 9.642977202779925 	 9.640619874030692 	 9.63011782551664
9.35 	 0.009999999999999787 	 89.026 	 83.17333333333333 	 86.21266666666666 	 9.432355167189156 	 9.167076354481232 	 9.354184779492485 	 89.82066666666667 	 88.53866666666667 	 89.26066666666667 	 9.472583573426817 	 9.414129711355278 	 9.441930570009976 	 89.906 	 89.56866666666667 	 89.74266666666666 	 9.47972383563994 	 9.435179819283903 	 9.462017731729082
9.36 	 0.009999999999999787 	 88.81866666666667 	 82.942 	 85.97 	 9.440433511703203 	 9.201954647428629 	 9.346716000820823 	 89.60266666666666 	 88.33666666666667 	 89.042 	 9.530693900352807 	 9.433521199542737 	 9.464401865235153 	 89.69066666666667 	 89.352 	 89.524 	 9.53905897991108 	 9.506353805043585 	 9.531776189846955
9.37 	 0.009999999999999787 	 88.894 	 82.98933333333333 	 86.00333333333333 	 9.286052121326911 	 9.050960513792015 	 9.20488940123068 	 89.68866666666666 	 88.404 	 89.098 	 9.335223879955365 	 9.313258506022477 	 9.324326392113624 	 89.79333333333334 	 89.40333333333334 	 89.60133333333333 	 9.339590759533072 	 9.345693601273737 	 9.336009045030371
9.379999999999999 	 0.009999999999999787 	 88.32666666666667 	 82.56666666666666 	 85.57133333333333 	 9.309061296512244 	 8.926303203952289 	 9.133504888899745 	 89.10066666666667 	 87.83533333333334 	 88.54533333333333 	 9.323153948935712 	 9.281175476318838 	 9.326375406460016 	 89.184 	 88.83666666666667 	 89.01666666666667 	 9.333067234301915 	 9.337700763868778 	 9.327399899698142
9.389999999999999 	 0.010000000000000675 	 88.78733333333334 	 82.94266666666667 	 85.94466666666666 	 9.351048402303466 	 9.090840420750743 	 9.205303085118322 	 89.61333333333333 	 88.34 	 89.04933333333334 	 9.380750976808248 	 9.320822567420397 	 9.378924932469012 	 89.70066666666666 	 89.34133333333334 	 89.53733333333334 	 9.398460843256315 	 9.374903993582487 	 9.379300234499846
9.4 	 0.010000000000000675 	 88.338 	 82.57 	 85.54266666666666 	 9.532038396901262 	 9.079854991499955 	 9.27722190217644 	 89.10066666666667 	 87.86533333333334 	 88.55333333333333 	 9.572244575971835 	 9.479198184562986 	 9.541793448939368 	 89.18066666666667 	 88.85066666666667 	 89.02133333333333 	 9.57350647475742 	 9.553726998169644 	 9.565400055524192
9.41 	 0.009999999999999787 	 88.616 	 82.878 	 85.83266666666667 	 9.404637721181325 	 9.273427054402992 	 9.310818056910406 	 89.40066666666667 	 88.12666666666667 	 88.81933333333333 	 9.472071203748888 	 9.413250707852676 	 9.452267429329089 	 89.48133333333334 	 89.10866666666666 	 89.32533333333333 	 9.457641613472616 	 9.464998233256864 	 9.471615044729994
9.42 	 0.009999999999999787 	 88.26533333333333 	 82.42 	 85.49066666666667 	 8.973308469504929 	 8.743126824349895 	 8.883800588086661 	 89.02933333333333 	 87.77133333333333 	 88.45666666666666 	 9.052539582287883 	 9.022141923561659 	 9.041245612315938 	 89.136 	 88.74266666666666 	 88.944 	 9.046260958723959 	 9.059163660196354 	 9.063380384823313
9.43 	 0.009999999999999787 	 88.47733333333333 	 82.59333333333333 	 85.60866666666666 	 9.325600224948287 	 9.068330729644913 	 9.190476495928937 	 89.26466666666667 	 87.99933333333334 	 88.71 	 9.417428075411863 	 9.337915518049103 	 9.383348727044803 	 89.36066666666666 	 89.002 	 89.19266666666667 	 9.420186811075222 	 9.383282794416887 	 9.411529076380498
9.44 	 0.009999999999999787 	 88.47333333333333 	 82.664 	 85.67066666666666 	 9.705185326526342 	 9.299127414261333 	 9.580998880886876 	 89.29 	 87.968 	 88.68133333333333 	 9.707620717766016 	 9.664176598827927 	 9.70002327603164 	 89.37733333333334 	 88.99 	 89.21933333333334 	 9.707537598290424 	 9.694632535583802 	 9.711877241581854
9.45 	 0.009999999999999787 	 88.064 	 82.25666666666666 	 85.18266666666666 	 9.237454772103984 	 8.865971777281697 	 9.065757895632457 	 88.84733333333334 	 87.61133333333333 	 88.25933333333333 	 9.32051641392376 	 9.24418402143868 	 9.277575808846235 	 88.93066666666667 	 88.56266666666667 	 88.758 	 9.326192125168532 	 9.3054503503174 	 9.321128472454395
9.459999999999999 	 0.009999999999999787 	 88.24333333333334 	 82.422 	 85.432 	 9.352296806429722 	 9.03068376887007 	 9.206666570118271 	 88.99866666666667 	 87.802 	 88.44 	 9.349367084936226 	 9.307853100115693 	 9.350636341982293 	 89.09133333333334 	 88.74666666666667 	 88.92866666666667 	 9.340538433207277 	 9.352565898665931 	 9.347775754453867
9.469999999999999 	 0.010000000000000675 	 88.702 	 82.88 	 85.914 	 9.419263736265872 	 9.19805776599966 	 9.360053632324977 	 89.47933333333333 	 88.21733333333333 	 88.90533333333333 	 9.491833659637226 	 9.426457423420294 	 9.491138229363688 	 89.574 	 89.20133333333334 	 89.38933333333334 	 9.4957810280847 	 9.4927058781408 	 9.508334215600309
9.48 	 0.010000000000000675 	 87.84533333333333 	 82.07 	 85.06133333333334 	 9.294160078003582 	 9.040783520617374 	 9.214132526842786 	 88.604 	 87.34533333333333 	 88.04266666666666 	 9.345472201374667 	 9.304877478445855 	 9.32284896846929 	 88.68666666666667 	 88.33066666666667 	 88.52933333333333 	 9.350676743185787 	 9.335237520039625 	 9.335727407236257
9.49 	 0.009999999999999787 	 88.49 	 82.76866666666666 	 85.70466666666667 	 9.212847912923923 	 8.908899196246912 	 9.023752631558311 	 89.26266666666666 	 87.988 	 88.68266666666666 	 9.254350664537315 	 9.176847098359362 	 9.212417320599892 	 89.35666666666667 	 88.99533333333333 	 89.18333333333334 	 9.258372187137194 	 9.21871167186006 	 9.2367592922097
9.5 	 0.009999999999999787 	 87.866 	 82.02866666666667 	 84.984 	 9.25923200558952 	 8.867986142423893 	 9.106174315631492 	 88.684 	 87.39133333333334 	 88.104 	 9.280022126410403 	 9.220241765931206 	 9.263252704458983 	 88.78133333333334 	 88.414 	 88.60733333333333 	 9.288569223633004 	 9.28561274230193 	 9.283739165276504
9.51 	 0.009999999999999787 	 87.94466666666666 	 82.10933333333334 	 85.166 	 9.33803717181626 	 9.066129984116094 	 9.259793590212112 	 88.712 	 87.44266666666667 	 88.134 	 9.37676504273551 	 9.328382115291424 	 9.342735716409122 	 88.80466666666666 	 88.46133333333333 	 88.64866666666667 	 9.388992396536606 	 9.36343090016807 	 9.378764926980287
9.52 	 0.009999999999999787 	 87.90666666666667 	 82.17266666666667 	 85.10466666666666 	 9.386548294708172 	 9.002454455437263 	 9.190160221067362 	 88.68933333333334 	 87.45533333333333 	 88.09133333333334 	 9.464573571423538 	 9.3900659327942 	 9.430888517113445 	 88.788 	 88.39 	 88.596 	 9.452498223573844 	 9.458641551512564 	 9.47126095089772
9.53 	 0.009999999999999787 	 87.89866666666667 	 82.102 	 85.13 	 9.694486313822352 	 9.38876612411521 	 9.527771687720763 	 88.714 	 87.44933333333333 	 88.15533333333333 	 9.71947550025206 	 9.649426557515678 	 9.684517104923485 	 88.79866666666666 	 88.43866666666666 	 88.64 	 9.73020031768217 	 9.708874199526031 	 9.720342929478706
9.54 	 0.009999999999999787 	 87.804 	 82.06933333333333 	 84.95666666666666 	 9.254057704596402 	 9.026360999255951 	 9.161302066603609 	 88.54666666666667 	 87.32866666666666 	 88.00933333333333 	 9.301388187911643 	 9.245646446962063 	 9.268652161392664 	 88.63466666666666 	 88.29066666666667 	 88.48133333333334 	 9.298953250530705 	 9.281568449830496 	 9.309725285360942
9.549999999999999 	 0.010000000000000675 	 88.17333333333333 	 82.44 	 85.38 	 9.312748728967666 	 8.966218080476665 	 9.137957466888684 	 88.946 	 87.73933333333333 	 88.386 	 9.362714207607393 	 9.296202785128035 	 9.318708994991384 	 89.03466666666667 	 88.67866666666667 	 88.88666666666667 	 9.370101291993713 	 9.33413510841911 	 9.343901160055626
9.56 	 0.010000000000000675 	 87.802 	 81.98733333333334 	 84.94733333333333 	 9.215718239327126 	 8.984459150233931 	 9.119825997365423 	 88.58666666666667 	 87.30733333333333 	 88.03066666666666 	 9.248269507799224 	 9.195481474917752 	 9.217685513306593 	 88.676 	 88.32066666666667 	 88.50533333333334 	 9.248730939972251 	 9.211252514663187 	 9.237278002143753
9.57 	 0.009999999999999787 	 87.66066666666667 	 81.91066666666667 	 84.87266666666666 	 9.210366599049621 	 8.901911005820915 	 9.062033595661015 	 88.46466666666667 	 87.21133333333333 	 87.88866666666667 	 9.241757673131712 	 9.194346354629506 	 9.213555496597873 	 88.56933333333333 	 88.19466666666666 	 88.38933333333334 	 9.233987558050002 	 9.232881721807601 	 9.240296868727876
9.58 	 0.009999999999999787 	 87.364 	 81.538 	 84.53466666666667 	 9.562191380640737 	 9.13830159274687 	 9.331780728004466 	 88.16 	 86.868 	 87.59466666666667 	 9.625784816488126 	 9.542322009518088 	 9.60949382410726 	 88.248 	 87.88266666666667 	 88.086 	 9.636518873535195 	 9.608584680146995 	 9.620183851327027
9.59 	 0.009999999999999787 	 87.57666666666667 	 81.94733333333333 	 84.88466666666666 	 9.410426250825317 	 9.0988218773397 	 9.29684704020072 	 88.358 	 87.14333333333333 	 87.79666666666667 	 9.454760846614084 	 9.387871016488361 	 9.426592998297718 	 88.428 	 88.08533333333334 	 88.284 	 9.45682201728819 	 9.437834403199826 	 9.461395809639647
9.6 	 0.009999999999999787 	 87.42333333333333 	 81.71733333333333 	 84.654 	 9.321165282421624 	 8.85762004654122 	 9.107851045480853 	 88.22466666666666 	 86.93733333333333 	 87.64733333333334 	 9.346988368215484 	 9.2785814049826 	 9.317812308810595 	 88.328 	 87.952 	 88.14333333333333 	 9.326472144742977 	 9.340254957262498 	 9.337458017159822
9.61 	 0.009999999999999787 	 87.76466666666667 	 81.956 	 84.98933333333333 	 9.450288437690967 	 9.197430655713946 	 9.311706944605925 	 88.50266666666667 	 87.29066666666667 	 87.968 	 9.480119174121999 	 9.430350623857466 	 9.457147702487608 	 88.59666666666666 	 88.246 	 88.42466666666667 	 9.486305333947927 	 9.469890038080344 	 9.484530820704254
9.62 	 0.009999999999999787 	 87.71466666666667 	 81.96066666666667 	 84.95 	 9.422804866681446 	 9.110458434617266 	 9.301514213646437 	 88.484 	 87.228 	 87.938 	 9.446996559753792 	 9.386871115197723 	 9.40288019704601 	 88.574 	 88.21733333333333 	 88.416 	 9.455960589314374 	 9.419240922471172 	 9.446142634253764
9.629999999999999 	 0.009999999999999787 	 87.59866666666667 	 81.782 	 84.786 	 9.489938437922321 	 9.231963099290782 	 9.37970525478635 	 88.37733333333334 	 87.15133333333333 	 87.82266666666666 	 9.494925989998846 	 9.46518699703756 	 9.494729391732143 	 88.45733333333334 	 88.10866666666666 	 88.3 	 9.498149620964192 	 9.488002506089233 	 9.504840871892595
9.639999999999999 	 0.010000000000000675 	 87.51733333333334 	 81.818 	 84.77333333333333 	 9.25190248303318 	 8.95154787359892 	 9.099191661289968 	 88.27133333333333 	 87.03466666666667 	 87.72133333333333 	 9.307651595446739 	 9.223672346498196 	 9.272091361835377 	 88.36133333333333 	 87.99933333333334 	 88.19066666666667 	 9.31243460230579 	 9.282564276941773 	 9.288970855566054
9.65 	 0.010000000000000675 	 86.98266666666666 	 81.24666666666667 	 84.166 	 9.448440764956347 	 9.13048860807691 	 9.233910908529856 	 87.73466666666667 	 86.49 	 87.18333333333334 	 9.47510412724959 	 9.377307715970508 	 9.439582735599187 	 87.82466666666667 	 87.47666666666667 	 87.664 	 9.475332442130401 	 9.450932346717028 	 9.470890700808804
9.66 	 0.009999999999999787 	 87.63066666666667 	 81.912 	 84.89533333333334 	 9.391250869234028 	 9.095067674294679 	 9.206539970163723 	 88.378 	 87.168 	 87.82 	 9.412710342935238 	 9.295004536488046 	 9.361958484562228 	 88.47333333333333 	 88.11066666666666 	 88.3 	 9.427687356339778 	 9.396227233428437 	 9.418527839671478
9.67 	 0.009999999999999787 	 87.348 	 81.67133333333334 	 84.644 	 9.71014397421583 	 9.412012442736263 	 9.567162449406476 	 88.09933333333333 	 86.88066666666667 	 87.53133333333334 	 9.703614423960223 	 9.656764100302382 	 9.696581092781564 	 88.202 	 87.83133333333333 	 88.02133333333333 	 9.719046386691787 	 9.697983547567446 	 9.7063318623578
9.68 	 0.009999999999999787 	 87.24933333333334 	 81.52133333333333 	 84.512 	 9.048489720512602 	 8.654567862631207 	 8.839335721647865 	 87.98066666666666 	 86.76733333333334 	 87.444 	 9.108034523918368 	 9.017752836611914 	 9.08472329426347 	 88.07866666666666 	 87.72866666666667 	 87.89933333333333 	 9.12362199031844 	 9.097126554882896 	 9.108596647612018
9.69 	 0.009999999999999787 	 86.95333333333333 	 81.176 	 84.198 	 9.279322293261627 	 8.97661911115018 	 9.136673136322651 	 87.742 	 86.53 	 87.19866666666667 	 9.292475594085069 	 9.251653906194287 	 9.266239702393966 	 87.82666666666667 	 87.49 	 87.67333333333333 	 9.302936215100166 	 9.261491960442083 	 9.2849675401814
9.7 	 0.009999999999999787 	 86.69866666666667 	 80.958 	 83.95066666666666 	 9.309056426703812 	 8.962527694052982 	 9.123754685191594 	 87.45466666666667 	 86.25533333333334 	 86.93533333333333 	 9.379833592458995 	 9.287095252134664 	 9.338905265370004 	 87.55333333333333 	 87.218 	 87.38333333333334 	 9.376592605466492 	 9.35798105006274 	 9.377013857774173
9.709999999999999 	 0.009999999999999787 	 86.83866666666667 	 81.112 	 84.11666666666666 	 9.645342825541361 	 9.310753066571289 	 9.517583143261156 	 87.60933333333334 	 86.42866666666667 	 87.07133333333333 	 9.6837688714444 	 9.64480403579507 	 9.666759792654874 	 87.68466666666667 	 87.34933333333333 	 87.54266666666666 	 9.67670217010366 	 9.684866178161107 	 9.68862801891418
9.719999999999999 	 0.010000000000000675 	 87.05733333333333 	 81.37133333333334 	 84.316 	 9.291109346514489 	 8.972854147680968 	 9.14163428131608 	 87.81933333333333 	 86.554 	 87.25133333333333 	 9.320015712909978 	 9.260548075933015 	 9.280166928575273 	 87.90466666666667 	 87.54666666666667 	 87.74666666666667 	 9.319848615842547 	 9.313564778799194 	 9.323080082366676
9.73 	 0.010000000000000675 	 86.39533333333334 	 80.74133333333333 	 83.64866666666667 	 9.441488842103006 	 9.163319534365748 	 9.296947432117467 	 87.21333333333334 	 85.95266666666667 	 86.64666666666666 	 9.480989165459244 	 9.424918720545492 	 9.455324190928387 	 87.30266666666667 	 86.98133333333334 	 87.14 	 9.477854515776352 	 9.462609834970946 	 9.468635945407694
9.74 	 0.009999999999999787 	 86.71133333333333 	 81.07066666666667 	 83.99266666666666 	 9.606387018830521 	 9.287213767086206 	 9.454837186447064 	 87.47266666666667 	 86.24466666666666 	 86.90533333333333 	 9.61803442613002 	 9.550469703399699 	 9.563561307843898 	 87.574 	 87.18933333333334 	 87.402 	 9.619867843860087 	 9.585343997768446 	 9.606615567756766
9.75 	 0.009999999999999787 	 86.82133333333333 	 81.04533333333333 	 84.018 	 9.034973430447312 	 8.68335255276184 	 8.799867953554758 	 87.576 	 86.35133333333333 	 87.02 	 9.130035998468644 	 9.050077249516836 	 9.113630816895464 	 87.66266666666667 	 87.31066666666666 	 87.48866666666666 	 9.125031847737421 	 9.14013965368631 	 9.125305742214278
9.76 	 0.009999999999999787 	 86.71133333333333 	 81.01866666666666 	 83.928 	 9.35578278689472 	 8.966957021321237 	 9.192686368340143 	 87.512 	 86.224 	 86.938 	 9.394778124043166 	 9.30292914445051 	 9.371703295915138 	 87.60133333333333 	 87.23466666666667 	 87.42466666666667 	 9.399772952340687 	 9.383368170450428 	 9.3949095199948
9.77 	 0.009999999999999787 	 86.66 	 80.95533333333333 	 83.93666666666667 	 9.458209837666605 	 9.118991440334227 	 9.347976013852172 	 87.42666666666666 	 86.22733333333333 	 86.89 	 9.54068248199374 	 9.460989353950017 	 9.510725524375099 	 87.50533333333334 	 87.15533333333333 	 87.344 	 9.536699545556745 	 9.534596909267965 	 9.537242648340943
9.78 	 0.009999999999999787 	 86.57933333333334 	 80.928 	 83.84266666666667 	 9.316922214742139 	 9.013553646222634 	 9.139397111164145 	 87.328 	 86.11066666666666 	 86.796 	 9.382274919584624 	 9.28890482720589 	 9.355624903411494 	 87.41066666666667 	 87.07333333333334 	 87.26 	 9.387688012616431 	 9.373364153576642 	 9.378080827120227
9.79 	 0.009999999999999787 	 86.13533333333334 	 80.372 	 83.37333333333333 	 9.634504911456991 	 9.271980155285062 	 9.458221585242946 	 86.90933333333334 	 85.68733333333333 	 86.352 	 9.66704606152032 	 9.592926537587763 	 9.620192097874137 	 86.99666666666667 	 86.652 	 86.83933333333333 	 9.663366678107355 	 9.63204180500341 	 9.663273404436454
9.799999999999999 	 0.010000000000000675 	 85.99666666666667 	 80.25266666666667 	 83.22333333333333 	 9.349402238764906 	 8.948267591488806 	 9.224322317776098 	 86.75533333333334 	 85.53733333333334 	 86.20933333333333 	 9.42504491000205 	 9.336627133083029 	 9.395327538492502 	 86.83733333333333 	 86.48333333333333 	 86.67733333333334 	 9.427700650506228 	 9.401439015148455 	 9.421954126164888
9.81 	 0.010000000000000675 	 86.262 	 80.638 	 83.56333333333333 	 9.179325828548993 	 8.876652296896618 	 9.004923961675386 	 87.03733333333334 	 85.802 	 86.47266666666667 	 9.189410910873933 	 9.073705380567155 	 9.14621522209536 	 87.11666666666666 	 86.75733333333334 	 86.95933333333333 	 9.194439744879631 	 9.181128083677347 	 9.190085938420573
9.82 	 0.009999999999999787 	 86.28466666666667 	 80.61133333333333 	 83.534 	 9.583299617331996 	 9.349809528660048 	 9.449771284710193 	 87.04866666666666 	 85.79466666666667 	 86.49266666666666 	 9.609420632321644 	 9.546264796010824 	 9.585020234140817 	 87.15266666666666 	 86.75933333333333 	 86.96466666666667 	 9.624968894610632 	 9.601254061608596 	 9.607605575214299
9.83 	 0.009999999999999787 	 85.83866666666667 	 80.21066666666667 	 83.09933333333333 	 9.110614956680415 	 8.814360605789219 	 8.88985186728228 	 86.574 	 85.352 	 86.042 	 9.132826725609108 	 9.035269558790153 	 9.073711258355095 	 86.66533333333334 	 86.32333333333334 	 86.48933333333333 	 9.148041587623489 	 9.103412669006179 	 9.12041041961502
9.84 	 0.009999999999999787 	 86.18533333333333 	 80.602 	 83.51733333333334 	 9.399378608302904 	 9.184820593421154 	 9.282260835713581 	 86.91266666666667 	 85.74133333333333 	 86.372 	 9.41783978533412 	 9.354629418397908 	 9.392636264649026 	 87.00133333333333 	 86.65666666666667 	 86.85 	 9.417005799202963 	 9.38545624297982 	 9.407133817835625
9.85 	 0.009999999999999787 	 86.26533333333333 	 80.528 	 83.51066666666667 	 9.335180674321318 	 9.07464688018217 	 9.214800751448122 	 87.01666666666667 	 85.82133333333333 	 86.46666666666667 	 9.358724390760859 	 9.294160078003582 	 9.340140374867085 	 87.10733333333333 	 86.76266666666666 	 86.96066666666667 	 9.360046984687393 	 9.344499606125995 	 9.35537917754035
9.86 	 0.009999999999999787 	 86.306 	 80.67066666666666 	 83.618 	 9.369259878275694 	 9.073305510611274 	 9.218680816689556 	 87.05866666666667 	 85.846 	 86.51533333333333 	 9.393573595223964 	 9.321996424228736 	 9.366203333736081 	 87.152 	 86.79666666666667 	 86.98733333333334 	 9.40614494182748 	 9.38704722239936 	 9.390589592186897
9.87 	 0.009999999999999787 	 85.62866666666666 	 80.00933333333333 	 82.95666666666666 	 9.250519528953795 	 8.864380757967373 	 9.05767384903848 	 86.4 	 85.19533333333334 	 85.87 	 9.285759706848618 	 9.213098188026773 	 9.247978157413652 	 86.48866666666666 	 86.154 	 86.33933333333333 	 9.286937325560505 	 9.279778230108734 	 9.271184006850953
9.879999999999999 	 0.009999999999999787 	 86.07333333333334 	 80.45533333333333 	 83.438 	 9.585611903032355 	 9.113653030237412 	 9.421366992108949 	 86.86933333333333 	 85.66133333333333 	 86.34066666666666 	 9.610910096806073 	 9.584569450713765 	 9.601420705060036 	 86.94066666666667 	 86.6 	 86.79333333333334 	 9.608319982644671 	 9.604721061366991 	 9.613044378459001
9.889999999999999 	 0.010000000000000675 	 85.75 	 80.07866666666666 	 83.00533333333334 	 9.52306848307484 	 9.224558429660588 	 9.37578289471812 	 86.48333333333333 	 85.30066666666667 	 85.97933333333333 	 9.538573734520737 	 9.490676102833186 	 9.516244333886254 	 86.57933333333334 	 86.23333333333333 	 86.41733333333333 	 9.55732038224569 	 9.525136336148801 	 9.532217277329668
