time 	 delTime 		 mean eVee 	 	 stdev eVee 	 	 mean eVth 	 	 stdev eVth 	 	 mean eVt 	 	 stdev eVt 	 	 CountGe 
 	  	 10 	 100 	 50 	 10 	 100 	 50 	 10 	 100 	 50 	 10 	 100 	 50 	 10 	 100 	 50 	 10 	 100 	 50 	 10 	 100 	 50 
0.014 	 0.001 	 138.59333333333333 	 113.32666666666667 	 127.9 	 11.690221934971502 	 10.502378566570314 	 11.273124382057235 	 140.27333333333334 	 131.15333333333334 	 136.33666666666667 	 11.777887001589981 	 11.275777381429432 	 11.51795651242972 	 141.12 	 140.25333333333333 	 140.74666666666667 	 11.933381750367328 	 11.783710036411378 	 11.864055892578316	140.20386304597417	130.2279102990428	135.69003540266394
0.015 	 0.001 	 161.27666666666667 	 132.74666666666667 	 149.27666666666667 	 11.976649039786638 	 11.320592838814681 	 11.66505274551108 	 163.26666666666668 	 152.86 	 158.74666666666667 	 11.970333699980502 	 11.956883651966622 	 11.90584543640457 	 164.29 	 163.23666666666668 	 163.85333333333332 	 12.032701276105879 	 11.970546724727694 	 12.00854510569684	163.49537110771945	152.22363008111958	158.39497684649197
0.016 	 0.0010000000000000009 	 193.82 	 161.07 	 179.75 	 13.155009185350904 	 12.054533033953106 	 12.49483226511398 	 195.85333333333332 	 184.02333333333334 	 190.81 	 13.391483197249743 	 12.711259663079117 	 13.059883868804755 	 197.07666666666665 	 195.80666666666667 	 196.52666666666667 	 13.547845667198242 	 13.407061157796248 	 13.452482629198556	196.2589435058514	183.377194083032	190.42886492276693
0.017 	 0.0009999999999999992 	 242.38 	 204.53333333333333 	 226.74 	 16.080493358932326 	 15.038025875167996 	 15.652233067521069 	 245.19333333333333 	 231.31 	 238.94333333333333 	 16.043564303344677 	 15.78967700746282 	 15.981242824706163 	 246.52333333333334 	 245.13333333333333 	 245.92666666666668 	 16.105158248903432 	 16.04646032272815 	 16.105732588808937	244.3727899390862	229.42221421389797	237.60402834403047
0.018 	 0.0009999999999999992 	 313.36333333333334 	 268.82 	 294.62 	 18.210381349353693 	 16.45846084338792 	 17.418446161086433 	 316.45666666666665 	 300.3933333333333 	 309.38666666666666 	 18.26658485383139 	 17.55862434500177 	 17.874110389673167 	 317.99 	 316.37333333333333 	 317.28 	 18.393021321504886 	 18.25360116677133 	 18.37339380735089	314.9877036148563	297.35387694698557	307.00038954124875
0.019 	 0.0010000000000000009 	 411.27666666666664 	 357.49333333333334 	 388.5933333333333 	 18.711853343684467 	 18.01415986260685 	 18.45538644647922 	 415.1166666666667 	 395.10333333333335 	 406.2366666666667 	 18.99060440206039 	 18.499891591273958 	 18.755816579278964 	 417.1533333333333 	 415.04 	 416.25333333333333 	 18.897878775730945 	 18.97362379726129 	 18.908617670845803	414.30710482618906	393.2690712537655	404.77305224965653
0.02 	 0.0010000000000000009 	 540.95 	 477.66333333333336 	 514.1966666666667 	 21.612824125196287 	 21.183562547933768 	 21.240793822788785 	 545.5766666666667 	 522.0866666666667 	 535.1533333333333 	 21.75815836773773 	 21.28800496889165 	 21.395088740695194 	 547.9833333333333 	 545.4666666666667 	 546.86 	 21.749093212259574 	 21.76669218987784 	 21.779204148300124	546.1605455095572	520.9607883214044	534.735152669529
0.021 	 0.0009999999999999992 	 706.4066666666666 	 630.0133333333333 	 673.5966666666667 	 27.826389553004457 	 25.932730070104242 	 27.165185849211895 	 711.6466666666666 	 683.54 	 699.1766666666666 	 27.79151829045849 	 27.54018397421 	 27.617484598629822 	 714.5 	 711.5233333333333 	 713.11 	 27.92531706773145 	 27.805085665915307 	 27.92999403270016	710.0447939510144	679.9927703905763	696.4143380148174
0.022 	 0.0009999999999999992 	 893.29 	 803.0233333333333 	 854.3866666666667 	 31.988319222282794 	 30.49561917536499 	 31.538819818686235 	 899.6366666666667 	 866.1966666666667 	 884.65 	 32.200279329361244 	 31.519803122622594 	 31.84243761607037 	 903.07 	 899.4733333333334 	 901.51 	 32.20618625875056 	 32.19610673495926 	 32.23284918629854	898.105205315592	862.6534532199348	882.0214730735477
0.023 	 0.0010000000000000009 	 1094.1266666666668 	 989.03 	 1049.5933333333332 	 32.68451145250436 	 30.561126179074837 	 31.813434618447314 	 1101.77 	 1062.8433333333332 	 1083.8433333333332 	 32.793654365847466 	 32.119964542667574 	 32.7313120557195 	 1105.5233333333333 	 1101.6233333333332 	 1103.8466666666666 	 33.05302995020107 	 32.79219605671786 	 32.91093772930547	1101.928957260586	1060.7403710993447	1083.2398173377574
0.024 	 0.0010000000000000009 	 1322.6866666666667 	 1201.5 	 1270.9966666666667 	 35.67279760390105 	 34.0608768726428 	 34.835470269380444 	 1330.94 	 1286.6433333333334 	 1311.3233333333333 	 35.641965901635295 	 34.746742613117306 	 35.418716175993104 	 1335.47 	 1330.7033333333334 	 1333.4333333333334 	 35.62642886023427 	 35.67392122483251 	 35.63536009203343	1328.978235486054	1281.9371910476843	1307.6324740101745
0.025 	 0.0009999999999999992 	 1545.78 	 1411.23 	 1488.3733333333332 	 39.39710141622096 	 38.18425198953097 	 39.070201205294836 	 1555.3966666666668 	 1506.1 	 1533.36 	 39.76647652930236 	 39.40317246111029 	 39.63302999603572 	 1560.21 	 1555.19 	 1557.96 	 39.80049287802016 	 39.715411366370105 	 39.806512030068646	1557.5960097282625	1504.797363890688	1533.6380372257072
0.026 	 0.0009999999999999992 	 1769.4333333333334 	 1618.52 	 1705.4233333333334 	 44.17494262085188 	 41.98836664283731 	 43.8615715126072 	 1780.0833333333333 	 1725.0233333333333 	 1755.2466666666667 	 44.408442015254515 	 43.913203658530264 	 44.166493584566524 	 1785.6133333333332 	 1779.78 	 1782.9433333333334 	 44.28819055032868 	 44.384662516083935 	 44.39955092365487	1781.735926480364	1723.452099792892	1755.2906971254988
0.027 	 0.0010000000000000009 	 1978.3933333333334 	 1815.9766666666667 	 1910.17 	 43.56189415328748 	 42.75187468274215 	 43.480353034445336 	 1989.82 	 1930.9 	 1963.59 	 43.416827766815636 	 43.3964284244683 	 43.29782789009167 	 1995.8866666666668 	 1989.6066666666666 	 1992.9766666666667 	 43.35574343600729 	 43.40520654893322 	 43.410706692653086	1994.4348068174088	1931.0624554781461	1965.6832939615856
0.028 	 0.0010000000000000009 	 2176.9133333333334 	 2001.5466666666666 	 2102.596666666667 	 49.897820482350625 	 47.90547451898257 	 49.423954943146974 	 2189.5 	 2125.15 	 2160.79 	 49.87708224558984 	 49.50017676736115 	 49.68473172581962 	 2195.73 	 2189.193333333333 	 2192.8 	 50.090023291403384 	 49.86885423009257 	 50.08625892730793	2192.1774913537224	2124.1924589759415	2161.336005101027
0.029 	 0.0009999999999999992 	 2372.1266666666666 	 2186.1466666666665 	 2293.0933333333332 	 48.9116614134321 	 46.27827231961981 	 47.569506572546615 	 2384.7633333333333 	 2317.1566666666668 	 2354.61 	 49.0742361688448 	 48.030949628569935 	 49.005352428756865 	 2391.7766666666666 	 2384.4366666666665 	 2388.5633333333335 	 49.07891728861001 	 49.054044911935875 	 49.08447808512268	2386.926307559791	2314.8427862117032	2354.22801082998
0.03 	 0.0009999999999999992 	 2535.46 	 2341.326666666667 	 2453.1233333333334 	 49.13852934985607 	 46.83609671562689 	 49.16022907007475 	 2549.0066666666667 	 2478.04 	 2517.1133333333332 	 49.20928051586295 	 49.030382417435824 	 49.034618609939464 	 2556.17 	 2548.6766666666667 	 2552.89 	 49.36680159783496 	 49.230262937434006 	 49.24277848916868	2549.694272218753	2474.0284694641236	2515.3726070559533
0.031 	 0.0010000000000000009 	 2684.1366666666668 	 2480.346666666667 	 2597.7533333333336 	 52.440041846749985 	 50.17150408570808 	 51.54130210057001 	 2698.6566666666668 	 2623.85 	 2665.213333333333 	 52.42377439885669 	 51.306018165513485 	 51.92341625466833 	 2706.2533333333336 	 2698.3033333333333 	 2702.64 	 52.81144909539555 	 52.43578284170288 	 52.640134245016256	2695.4343591730926	2616.6885777870125	2659.715912953709
0.032 	 0.0010000000000000009 	 2815.2066666666665 	 2605.44 	 2726.0933333333332 	 55.029785470133255 	 51.842515371073574 	 53.8927758506545 	 2829.61 	 2753.0633333333335 	 2795.4966666666664 	 55.1320647778284 	 54.11209959170151 	 54.76370442384466 	 2837.36 	 2829.1966666666667 	 2833.8366666666666 	 55.16221895464322 	 55.110476822066744 	 55.13084426062137	2826.539491000398	2745.1869714814493	2789.637340407562
0.033 	 0.0010000000000000009 	 2947.383333333333 	 2731.4533333333334 	 2856.0333333333333 	 56.01853611876062 	 54.64327792347584 	 55.08731453086293 	 2962.5066666666667 	 2883.5933333333332 	 2927.99 	 55.76268126823012 	 55.477694817126476 	 55.693894638461046 	 2970.5066666666667 	 2962.173333333333 	 2966.8633333333332 	 55.85352828803407 	 55.770929902792744 	 55.72585864948356	2955.9466155121363	2872.424786057728	2918.0574283139495
0.034 	 0.0010000000000000009 	 3054.8433333333332 	 2834.943333333333 	 2962.2766666666666 	 52.08901473012861 	 48.92293384043475 	 49.916331217570686 	 3069.9066666666668 	 2990.5333333333333 	 3034.516666666667 	 53.13302132907139 	 50.289053370379605 	 52.10319621247391 	 3078.36 	 3069.5433333333335 	 3074.43 	 53.25163909840397 	 53.120317414546975 	 52.94297340850184	3067.856067670972	2982.56933211921	3029.1614308297662
0.035 	 0.0009999999999999974 	 3142.9366666666665 	 2920.55 	 3049.17 	 58.621491982226296 	 56.75221728414376 	 57.526119574792574 	 3157.9666666666667 	 3077.5333333333333 	 3121.903333333333 	 58.33694274547552 	 57.968286348849595 	 58.21311984614999 	 3166.23 	 3157.59 	 3162.306666666667 	 58.499376919758724 	 58.32519667062141 	 58.24888515862104	3156.957177679772	3070.273133001756	3117.6221742284984
0.036 	 0.0009999999999999974 	 3209.6666666666665 	 2984.9733333333334 	 3115.07 	 57.45342074720665 	 56.28095553164992 	 56.85629633851763 	 3226.06 	 3143.76 	 3189.45 	 57.579247418955845 	 57.03965638045166 	 56.91755001754731 	 3234.556666666667 	 3225.6566666666668 	 3230.49 	 57.501885089872395 	 57.57753140090518 	 57.51020112409044	3226.459117600043	3138.7050990019497	3186.630715306822
0.037 	 0.0010000000000000009 	 3285.0433333333335 	 3056.4066666666668 	 3188.69 	 56.49083809688867 	 55.60846418387123 	 55.80687442720057 	 3301.1366666666668 	 3217.6233333333334 	 3263.64 	 56.80579186041586 	 56.59854051907071 	 56.736734719815054 	 3309.62 	 3300.7066666666665 	 3305.77 	 56.88118259436361 	 56.80059232867989 	 56.864081516073625	3301.144911797161	3212.60693787918	3260.9515651714514
0.038 	 0.0010000000000000009 	 3349.41 	 3120.366666666667 	 3252.9266666666667 	 59.76784447621759 	 58.93662321134081 	 58.393275488040764 	 3365.5033333333336 	 3282.28 	 3328.3633333333332 	 59.71579904477169 	 59.12552973687988 	 59.28640644269889 	 3374.0933333333332 	 3365.116666666667 	 3370.0433333333335 	 59.742709085618884 	 59.78558679890069 	 59.55956225120829	3366.9781992723038	3277.904076792389	3326.531293939388
