time  	 	 mean eVth 	 	 stdev eVth 
 	 50 	 100 	 50 	 100 
6.840000000000001 	 0.010000000000000231 	 69.85066666666667 	 69.67666666666666 	 8.38874441671034 	 8.377596446608193
6.8500000000000005 	 0.009999999999999787 	 69.53466666666667 	 69.342 	 8.50941428980606 	 8.488484513347087
6.86 	 0.009999999999999787 	 69.42133333333334 	 69.25 	 8.143206466469799 	 8.145479318820552
6.87 	 0.010000000000000231 	 69.50133333333333 	 69.34333333333333 	 8.367197752068623 	 8.344107035640315
6.880000000000001 	 0.010000000000000231 	 69.37733333333334 	 69.21133333333333 	 8.043814573253718 	 8.044957316370436
6.890000000000001 	 0.009999999999999787 	 69.392 	 69.22066666666667 	 8.262263773728522 	 8.248957887043806
6.9 	 0.009999999999999787 	 68.976 	 68.81666666666666 	 8.386542235430921 	 8.38723567227142
6.91 	 0.010000000000000231 	 69.324 	 69.15066666666667 	 8.280359734536498 	 8.262604485807662
6.920000000000001 	 0.010000000000000231 	 68.54333333333334 	 68.36666666666666 	 8.421408565211774 	 8.409214522705964
6.930000000000001 	 0.009999999999999787 	 68.89266666666667 	 68.744 	 8.54446094782397 	 8.54188488176546
6.94 	 0.009999999999999787 	 68.83933333333333 	 68.68 	 8.18707433838378 	 8.17770954077811
6.95 	 0.010000000000000231 	 69.01266666666666 	 68.83333333333333 	 8.513000228408835 	 8.50209124601445
6.960000000000001 	 0.010000000000000231 	 68.58733333333333 	 68.43266666666666 	 7.980541307176823 	 7.989251084356336
6.970000000000001 	 0.009999999999999787 	 68.74666666666667 	 68.566 	 8.232283333856342 	 8.223724460364659
6.98 	 0.009999999999999787 	 68.61 	 68.43133333333333 	 8.31932889921617 	 8.296582723560881
6.99 	 0.010000000000000231 	 68.13133333333333 	 67.97 	 8.278934204084216 	 8.265980482273916
7.000000000000001 	 0.010000000000000231 	 68.43533333333333 	 68.27933333333333 	 8.338454186611703 	 8.343858393386652
7.010000000000001 	 0.009999999999999787 	 68.73666666666666 	 68.58466666666666 	 8.305700184545284 	 8.284050834116256
7.0200000000000005 	 0.009999999999999787 	 68.77666666666667 	 68.61933333333333 	 8.54635139824137 	 8.533449452334944
7.03 	 0.009999999999999787 	 68.244 	 68.074 	 8.202304391653197 	 8.206045982485515
7.04 	 0.010000000000000231 	 68.27266666666667 	 68.10533333333333 	 8.24707945611994 	 8.246104427074776
7.050000000000001 	 0.010000000000000231 	 68.12333333333333 	 67.956 	 8.284852979316463 	 8.288027348732225
7.0600000000000005 	 0.009999999999999787 	 68.404 	 68.24066666666667 	 8.081632508348793 	 8.061435741989278
7.07 	 0.009999999999999787 	 68.228 	 68.05533333333334 	 8.276231992881785 	 8.291538149757793
7.08 	 0.010000000000000231 	 68.47333333333333 	 68.298 	 8.23083362863217 	 8.214937370424682
7.090000000000001 	 0.010000000000000231 	 67.48066666666666 	 67.31066666666666 	 7.961843979603943 	 7.96237943219376
7.1000000000000005 	 0.009999999999999787 	 68.38533333333334 	 68.206 	 8.568674628487704 	 8.550841907866928
7.11 	 0.009999999999999787 	 67.65933333333334 	 67.49733333333333 	 8.174550724997403 	 8.168271515783223
7.12 	 0.010000000000000231 	 67.74666666666667 	 67.57266666666666 	 8.404512015710504 	 8.38653998314495
7.130000000000001 	 0.010000000000000231 	 67.37933333333334 	 67.222 	 8.224157883266159 	 8.213528433829966
7.140000000000001 	 0.009999999999999787 	 67.49733333333333 	 67.326 	 8.172759196800607 	 8.172457239614861
7.15 	 0.009999999999999787 	 67.472 	 67.32466666666667 	 8.204625687175904 	 8.19800330703899
7.16 	 0.010000000000000231 	 67.61066666666666 	 67.456 	 8.216837564145683 	 8.20544924628343
7.170000000000001 	 0.010000000000000231 	 67.90266666666666 	 67.742 	 8.327696333453941 	 8.294462168619896
7.180000000000001 	 0.009999999999999787 	 67.48066666666666 	 67.33666666666667 	 8.468862156288896 	 8.453282728555156
7.19 	 0.009999999999999787 	 67.03133333333334 	 66.85666666666667 	 8.39585323570842 	 8.379665201479645
7.2 	 0.010000000000000231 	 67.436 	 67.28466666666667 	 8.16851092101043 	 8.164045048599105
7.210000000000001 	 0.010000000000000231 	 67.32 	 67.17466666666667 	 8.123562436927944 	 8.11296235799367
7.220000000000001 	 0.009999999999999787 	 67.484 	 67.338 	 8.116921255418625 	 8.098379837967592
7.23 	 0.009999999999999787 	 67.06133333333334 	 66.88866666666667 	 7.869449677215187 	 7.856140160550996
7.24 	 0.010000000000000231 	 66.82733333333333 	 66.67466666666667 	 8.374575783617674 	 8.358757377079973
7.250000000000001 	 0.010000000000000231 	 66.82933333333334 	 66.66266666666667 	 8.284858048807408 	 8.266853868848106
7.260000000000001 	 0.009999999999999787 	 67.09866666666667 	 66.938 	 8.184758083711998 	 8.183366625865746
7.2700000000000005 	 0.009999999999999787 	 66.95666666666666 	 66.79866666666666 	 7.999590961765205 	 7.983198913273356
7.28 	 0.009999999999999787 	 66.80533333333334 	 66.65066666666667 	 8.246662247371491 	 8.235166435611502
7.29 	 0.010000000000000231 	 66.4 	 66.24866666666667 	 8.176307234931917 	 8.16260772602046
7.300000000000001 	 0.010000000000000231 	 66.75466666666667 	 66.594 	 8.16054399058189 	 8.154252305801352
7.3100000000000005 	 0.009999999999999787 	 66.70666666666666 	 66.55866666666667 	 8.377069230279101 	 8.365717236967125
7.32 	 0.009999999999999787 	 66.566 	 66.39866666666667 	 8.067980581698661 	 8.075955973684408
7.33 	 0.010000000000000231 	 66.71 	 66.53866666666667 	 8.282706884426934 	 8.284876073638975
7.340000000000001 	 0.010000000000000231 	 66.67266666666667 	 66.53 	 8.278094762014318 	 8.25225827677895
7.3500000000000005 	 0.009999999999999787 	 66.262 	 66.11333333333333 	 8.142155079174882 	 8.142429339917882
7.36 	 0.009999999999999787 	 66.482 	 66.32066666666667 	 8.227049450846074 	 8.224790142543997
7.37 	 0.010000000000000231 	 66.276 	 66.11266666666667 	 8.263644716467425 	 8.249442782529146
7.380000000000001 	 0.010000000000000231 	 66.20733333333334 	 66.06266666666667 	 7.897616489943166 	 7.892532729668525
7.390000000000001 	 0.009999999999999787 	 66.14266666666667 	 65.99066666666667 	 8.26839240051468 	 8.272277773113977
7.4 	 0.009999999999999787 	 65.848 	 65.71066666666667 	 8.188827510700174 	 8.180319037516544
7.41 	 0.010000000000000231 	 65.70666666666666 	 65.54666666666667 	 8.250451839478584 	 8.239568489240737
7.420000000000001 	 0.010000000000000231 	 65.49066666666667 	 65.334 	 8.214737542300965 	 8.196571071694146
7.430000000000001 	 0.009999999999999787 	 65.89933333333333 	 65.74266666666666 	 8.143373557002583 	 8.125788959985499
7.44 	 0.009999999999999787 	 66.24 	 66.08333333333333 	 7.996315818342011 	 7.977743345639096
7.45 	 0.010000000000000231 	 65.71933333333334 	 65.56466666666667 	 7.964037474101241 	 7.966543681059072
7.460000000000001 	 0.010000000000000231 	 66.014 	 65.858 	 8.073359730207327 	 8.065265195061269
7.470000000000001 	 0.009999999999999787 	 65.806 	 65.66533333333334 	 8.089604275447183 	 8.063663242527486
7.48 	 0.009999999999999787 	 65.922 	 65.77066666666667 	 7.782025186286664 	 7.782420760206229
7.49 	 0.010000000000000231 	 65.736 	 65.596 	 7.827790492853012 	 7.818830944158681
7.500000000000001 	 0.010000000000000231 	 65.56333333333333 	 65.414 	 7.974751128126541 	 7.964751764284098
7.510000000000001 	 0.009999999999999787 	 65.38533333333334 	 65.22733333333333 	 7.99104821381748 	 7.971176380490453
7.5200000000000005 	 0.009999999999999787 	 65.70133333333334 	 65.544 	 8.089013014920644 	 8.10539310171526
7.53 	 0.009999999999999787 	 65.21533333333333 	 65.07533333333333 	 7.851940199013801 	 7.840003713151048
7.54 	 0.010000000000000231 	 65.186 	 65.03666666666666 	 8.01752688385473 	 8.016274418678265
7.550000000000001 	 0.010000000000000231 	 65.44066666666667 	 65.27733333333333 	 8.122139263902227 	 8.090266964418143
7.5600000000000005 	 0.009999999999999787 	 65.04466666666667 	 64.88866666666667 	 8.066226186320893 	 8.068473929780994
7.57 	 0.009999999999999787 	 65.016 	 64.85 	 8.082475528367942 	 8.09787009033857
7.58 	 0.010000000000000231 	 65.07466666666667 	 64.94733333333333 	 8.10619669690348 	 8.117258951696003
7.590000000000001 	 0.010000000000000231 	 65.06466666666667 	 64.91866666666667 	 7.9601812095510045 	 7.956468116500492
7.6000000000000005 	 0.009999999999999787 	 65.17133333333334 	 65.02133333333333 	 8.09687047911448 	 8.093590770205495
7.61 	 0.009999999999999787 	 64.706 	 64.57933333333334 	 8.00097269086703 	 8.00264786735546
7.62 	 0.010000000000000231 	 64.66466666666666 	 64.50466666666667 	 7.840337039240653 	 7.83066482206687
7.630000000000001 	 0.010000000000000231 	 64.618 	 64.48666666666666 	 8.04206084698858 	 8.045153130232444
7.640000000000001 	 0.009999999999999787 	 64.568 	 64.432 	 7.7943596700862265 	 7.798293146580218
7.65 	 0.009999999999999787 	 64.45 	 64.286 	 8.197042149458548 	 8.19895546192725
7.66 	 0.010000000000000231 	 64.81333333333333 	 64.66866666666667 	 8.104637904037142 	 8.08497896650875
7.670000000000001 	 0.010000000000000231 	 64.854 	 64.69533333333334 	 7.8573543469372265 	 7.836060546530309
7.680000000000001 	 0.009999999999999787 	 64.212 	 64.05533333333334 	 7.898547714611845 	 7.898624662278589
7.69 	 0.009999999999999787 	 64.57666666666667 	 64.42533333333333 	 8.032441859249417 	 8.017923144777303
7.7 	 0.010000000000000231 	 64.11 	 63.982 	 8.045157964059294 	 8.04787814685751
7.710000000000001 	 0.010000000000000231 	 64.71466666666667 	 64.57933333333334 	 8.367949861757591 	 8.369291460784215
7.720000000000001 	 0.009999999999999787 	 64.33 	 64.182 	 8.033913533681245 	 8.003970431396324
7.73 	 0.009999999999999787 	 64.5 	 64.352 	 8.19304583167945 	 8.177536059229576
7.74 	 0.010000000000000231 	 64.322 	 64.18066666666667 	 8.18704154950574 	 8.19357631861014
7.750000000000001 	 0.010000000000000231 	 64.29 	 64.13 	 8.230546761910778 	 8.230984145289067
7.760000000000001 	 0.009999999999999787 	 63.797333333333334 	 63.64533333333333 	 7.9539671164073145 	 7.9446131574937136
7.7700000000000005 	 0.009999999999999787 	 63.826 	 63.675333333333334 	 8.010559114901614 	 7.999203599248004
7.78 	 0.009999999999999787 	 63.99933333333333 	 63.839333333333336 	 7.888852866897415 	 7.8722414992314755
7.79 	 0.010000000000000231 	 63.71333333333333 	 63.556 	 8.03337759323907 	 8.010422211094744
7.800000000000001 	 0.010000000000000231 	 63.89666666666667 	 63.74133333333333 	 8.049968253905657 	 8.038143953813108
7.8100000000000005 	 0.009999999999999787 	 63.514 	 63.364 	 7.849021425205395 	 7.868132179875984
7.82 	 0.009999999999999787 	 63.622 	 63.46933333333333 	 7.685513385584596 	 7.688848606188633
7.83 	 0.010000000000000231 	 63.526666666666664 	 63.384 	 8.195280484658364 	 8.197268488140832
7.840000000000001 	 0.010000000000000231 	 63.728 	 63.571333333333335 	 8.11825202860813 	 8.109310177540106
7.8500000000000005 	 0.009999999999999787 	 63.28933333333333 	 63.14533333333333 	 7.822294178961965 	 7.808470500396064
