0.01	0.5149494949494949	1.0198989898989899	1.5248484848484847	2.0297979797979795	2.5347474747474745	3.039696969696969	3.544646464646464	4.049595959595959	4.554545454545454	5.059494949494949	5.564444444444444	6.0693939393939385	6.574343434343434	7.0792929292929285	7.584242424242424	8.089191919191919	8.594141414141413	9.099090909090908	9.604040404040404	10.108989898989899	10.613939393939393	11.118888888888888	11.623838383838383	12.128787878787877	12.633737373737373	13.138686868686868	13.643636363636363	14.148585858585857	14.653535353535352	15.158484848484848	15.663434343434343	16.16838383838384	16.673333333333336	17.17828282828283	17.683232323232325	18.188181818181818	18.693131313131314	19.19808080808081	19.703030303030303	20.2079797979798	20.712929292929292	21.21787878787879	21.722828282828285	22.227777777777778	22.732727272727274	23.237676767676767	23.742626262626263	24.247575757575756	24.752525252525253	25.25747474747475	25.762424242424242	26.267373737373738	26.77232323232323	27.277272727272727	27.782222222222224	28.287171717171717	28.792121212121213	29.297070707070706	29.802020202020202	30.3069696969697	30.81191919191919	31.316868686868688	31.82181818181818	32.32676767676767	32.831717171717166	33.336666666666666	33.84161616161616	34.34656565656565	34.851515151515144	35.356464646464644	35.86141414141414	36.36636363636363	36.87131313131313	37.37626262626262	37.881212121212116	38.386161616161615	38.89111111111111	39.3960606060606	39.901010101010094	40.405959595959594	40.91090909090909	41.41585858585858	41.92080808080808	42.42575757575757	42.930707070707065	43.435656565656565	43.94060606060606	44.44555555555555	44.95050505050504	45.45545454545454	45.960404040404036	46.46535353535353	46.97030303030303	47.47525252525252	47.980202020202015	48.48515151515151	48.99010101010101	49.4950505050505	50.0	
0.018666666666666668	0.094	0.11133333333333334	0.12266666666666666	0.11533333333333333	0.124	0.07266666666666667	0.043333333333333335	0.05	0.04	0.04066666666666666	0.02266666666666667	0.02266666666666667	0.02	0.022	0.022	0.016	0.014666666666666666	0.02266666666666667	0.014666666666666666	0.017333333333333333	0.02	0.018	0.018	0.008	0.018666666666666668	0.018666666666666668	0.03866666666666667	0.051333333333333335	0.05466666666666667	0.05466666666666667	0.068	0.076	0.07133333333333333	0.076	0.07066666666666667	0.06666666666666667	0.08	0.08333333333333333	0.07	0.07133333333333333	0.09266666666666666	0.07933333333333334	0.06666666666666667	0.06666666666666667	0.04133333333333333	0.03866666666666667	0.04066666666666666	0.02266666666666667	0.043333333333333335	0.03266666666666666	0.032	0.038	0.036	0.029333333333333333	0.03133333333333333	0.03266666666666666	0.03133333333333333	0.026	0.029333333333333333	0.036	0.032	0.036	0.029333333333333333	0.038	0.03133333333333333	0.029333333333333333	0.032	0.034666666666666665	0.034666666666666665	0.03666666666666667	0.034666666666666665	0.03133333333333333	0.032	0.027333333333333334	0.028	0.018666666666666668	0.022	0.020666666666666667	0.02266666666666667	0.035333333333333335	0.04133333333333333	0.03666666666666667	0.042	0.04	0.04666666666666667	0.04933333333333333	0.06	0.042	0.04066666666666666	0.06533333333333333	0.04666666666666667	0.056	0.048	0.05466666666666667	0.05266666666666667	0.04466666666666667	0.046	0.048666666666666664	
0.02666666666666667	0.07266666666666667	0.118	0.13533333333333333	0.10266666666666667	0.108	0.078	0.04133333333333333	0.03666666666666667	0.035333333333333335	0.030666666666666665	0.024	0.014666666666666666	0.021333333333333333	0.024666666666666667	0.024666666666666667	0.02	0.018666666666666668	0.019333333333333334	0.016666666666666666	0.017333333333333333	0.020666666666666667	0.018666666666666668	0.016666666666666666	0.018666666666666668	0.017333333333333333	0.02	0.037333333333333336	0.04666666666666667	0.04933333333333333	0.046	0.048	0.06133333333333333	0.078	0.072	0.07066666666666667	0.059333333333333335	0.07466666666666667	0.07266666666666667	0.07266666666666667	0.076	0.06266666666666666	0.07066666666666667	0.07133333333333333	0.06133333333333333	0.046	0.03266666666666666	0.025333333333333333	0.036	0.034666666666666665	0.042666666666666665	0.03866666666666667	0.036	0.03333333333333333	0.030666666666666665	0.034666666666666665	0.034	0.030666666666666665	0.030666666666666665	0.024	0.032	0.03866666666666667	0.029333333333333333	0.04	0.03	0.028666666666666667	0.03333333333333333	0.03	0.034	0.025333333333333333	0.03	0.034	0.03266666666666666	0.03	0.024	0.02666666666666667	0.024666666666666667	0.022	0.02266666666666667	0.03	0.028666666666666667	0.03933333333333333	0.04133333333333333	0.037333333333333336	0.04066666666666666	0.05733333333333333	0.052	0.05266666666666667	0.06133333333333333	0.043333333333333335	0.046	0.051333333333333335	0.043333333333333335	0.04533333333333334	0.058666666666666666	0.046	0.04733333333333333	0.048666666666666664	0.04933333333333333	
0.02	0.064	0.12333333333333334	0.10933333333333334	0.10933333333333334	0.09733333333333333	0.06933333333333333	0.04933333333333333	0.04066666666666666	0.035333333333333335	0.042666666666666665	0.023333333333333334	0.025333333333333333	0.02	0.020666666666666667	0.025333333333333333	0.022	0.016	0.024	0.018666666666666668	0.013333333333333334	0.017333333333333333	0.013333333333333334	0.018666666666666668	0.016	0.012666666666666666	0.018	0.03133333333333333	0.042666666666666665	0.05	0.04733333333333333	0.05333333333333334	0.06933333333333333	0.074	0.07266666666666667	0.06933333333333333	0.076	0.07133333333333333	0.07733333333333334	0.062	0.07466666666666667	0.072	0.068	0.066	0.064	0.048666666666666664	0.038	0.029333333333333333	0.038	0.03133333333333333	0.028666666666666667	0.036	0.032	0.037333333333333336	0.03	0.028	0.03933333333333333	0.024666666666666667	0.024	0.032	0.028666666666666667	0.028666666666666667	0.032	0.032	0.028	0.03133333333333333	0.03333333333333333	0.028666666666666667	0.030666666666666665	0.032	0.034	0.03133333333333333	0.034666666666666665	0.03133333333333333	0.03666666666666667	0.02666666666666667	0.021333333333333333	0.025333333333333333	0.024666666666666667	0.021333333333333333	0.03666666666666667	0.032	0.04533333333333334	0.051333333333333335	0.03933333333333333	0.052	0.051333333333333335	0.03866666666666667	0.04733333333333333	0.04666666666666667	0.048	0.059333333333333335	0.056666666666666664	0.04533333333333334	0.04666666666666667	0.042666666666666665	0.042666666666666665	0.050666666666666665	0.04666666666666667	
0.016	0.06733333333333333	0.114	0.09933333333333333	0.112	0.11066666666666666	0.06266666666666666	0.043333333333333335	0.038	0.03666666666666667	0.036	0.02666666666666667	0.015333333333333332	0.016666666666666666	0.018	0.017333333333333333	0.023333333333333334	0.016666666666666666	0.018	0.024	0.017333333333333333	0.024	0.019333333333333334	0.020666666666666667	0.017333333333333333	0.016666666666666666	0.02	0.03266666666666666	0.042	0.05466666666666667	0.04733333333333333	0.05733333333333333	0.07133333333333333	0.07266666666666667	0.072	0.07733333333333334	0.06666666666666667	0.072	0.06933333333333333	0.07266666666666667	0.066	0.059333333333333335	0.058	0.07733333333333334	0.054	0.04	0.03133333333333333	0.03133333333333333	0.03866666666666667	0.04	0.029333333333333333	0.030666666666666665	0.02266666666666667	0.027333333333333334	0.03933333333333333	0.030666666666666665	0.028	0.035333333333333335	0.032	0.03333333333333333	0.025333333333333333	0.024666666666666667	0.028666666666666667	0.027333333333333334	0.024	0.03	0.02	0.03	0.02666666666666667	0.035333333333333335	0.029333333333333333	0.02	0.029333333333333333	0.028666666666666667	0.032	0.02266666666666667	0.026	0.027333333333333334	0.015333333333333332	0.02666666666666667	0.04	0.04066666666666666	0.03933333333333333	0.043333333333333335	0.03866666666666667	0.042	0.05466666666666667	0.056666666666666664	0.04933333333333333	0.04066666666666666	0.04466666666666667	0.044	0.03933333333333333	0.043333333333333335	0.04466666666666667	0.038	0.04733333333333333	0.037333333333333336	0.046	
0.024	0.06333333333333334	0.11466666666666667	0.11333333333333333	0.124	0.11066666666666666	0.07666666666666666	0.042	0.03866666666666667	0.04066666666666666	0.034	0.019333333333333334	0.018666666666666668	0.020666666666666667	0.019333333333333334	0.016666666666666666	0.02266666666666667	0.023333333333333334	0.009333333333333334	0.010666666666666666	0.014666666666666666	0.014	0.019333333333333334	0.019333333333333334	0.019333333333333334	0.02	0.011333333333333334	0.030666666666666665	0.04133333333333333	0.05466666666666667	0.050666666666666665	0.04466666666666667	0.06466666666666666	0.07666666666666666	0.06466666666666666	0.06533333333333333	0.07533333333333334	0.07866666666666666	0.07466666666666667	0.076	0.07466666666666667	0.068	0.05266666666666667	0.06466666666666666	0.06533333333333333	0.036	0.026	0.037333333333333336	0.021333333333333333	0.034666666666666665	0.03866666666666667	0.036	0.032	0.029333333333333333	0.03333333333333333	0.025333333333333333	0.035333333333333335	0.03	0.030666666666666665	0.034666666666666665	0.035333333333333335	0.027333333333333334	0.03133333333333333	0.021333333333333333	0.03133333333333333	0.030666666666666665	0.024	0.025333333333333333	0.035333333333333335	0.023333333333333334	0.03	0.03133333333333333	0.02266666666666667	0.024	0.024	0.023333333333333334	0.024	0.017333333333333333	0.026	0.018	0.027333333333333334	0.046	0.03933333333333333	0.046	0.04533333333333334	0.04533333333333334	0.04	0.048666666666666664	0.05533333333333333	0.04	0.05266666666666667	0.043333333333333335	0.04	0.04533333333333334	0.043333333333333335	0.038	0.04133333333333333	0.042666666666666665	0.04466666666666667	
0.022	0.06466666666666666	0.11133333333333334	0.124	0.106	0.09266666666666666	0.059333333333333335	0.03933333333333333	0.043333333333333335	0.04066666666666666	0.03266666666666666	0.01	0.017333333333333333	0.02	0.019333333333333334	0.02266666666666667	0.012666666666666666	0.014	0.010666666666666666	0.015333333333333332	0.016	0.015333333333333332	0.012666666666666666	0.02	0.015333333333333332	0.02	0.016666666666666666	0.02666666666666667	0.04533333333333334	0.048666666666666664	0.05	0.062	0.06933333333333333	0.07266666666666667	0.08266666666666667	0.076	0.072	0.06533333333333333	0.06133333333333333	0.06666666666666667	0.08733333333333333	0.07066666666666667	0.06333333333333334	0.06933333333333333	0.07	0.046	0.03133333333333333	0.028	0.03266666666666666	0.034	0.03133333333333333	0.03133333333333333	0.03866666666666667	0.03	0.028666666666666667	0.026	0.03333333333333333	0.03666666666666667	0.034	0.02266666666666667	0.027333333333333334	0.026	0.034	0.023333333333333334	0.03933333333333333	0.02666666666666667	0.027333333333333334	0.03	0.02	0.023333333333333334	0.021333333333333333	0.022	0.035333333333333335	0.024	0.021333333333333333	0.022	0.020666666666666667	0.018666666666666668	0.014666666666666666	0.016666666666666666	0.032	0.04	0.036	0.034666666666666665	0.048	0.046	0.04733333333333333	0.04466666666666667	0.052	0.04733333333333333	0.04466666666666667	0.04733333333333333	0.04	0.042	0.04533333333333334	0.042	0.038	0.048	0.03933333333333333	
0.020666666666666667	0.06133333333333333	0.114	0.09133333333333334	0.106	0.09333333333333334	0.06266666666666666	0.03933333333333333	0.04	0.04	0.03666666666666667	0.017333333333333333	0.019333333333333334	0.015333333333333332	0.014666666666666666	0.02	0.02266666666666667	0.016	0.02	0.017333333333333333	0.014	0.015333333333333332	0.014	0.021333333333333333	0.022	0.02	0.014666666666666666	0.027333333333333334	0.05266666666666667	0.05	0.048666666666666664	0.04733333333333333	0.08	0.07	0.06866666666666667	0.06333333333333334	0.068	0.058666666666666666	0.06	0.06066666666666667	0.05333333333333334	0.06333333333333334	0.06066666666666667	0.05533333333333333	0.07266666666666667	0.034	0.03133333333333333	0.028666666666666667	0.03666666666666667	0.03266666666666666	0.037333333333333336	0.03266666666666666	0.029333333333333333	0.032	0.025333333333333333	0.027333333333333334	0.028	0.023333333333333334	0.023333333333333334	0.030666666666666665	0.027333333333333334	0.024666666666666667	0.03133333333333333	0.028666666666666667	0.028666666666666667	0.024	0.02666666666666667	0.026	0.03	0.029333333333333333	0.028666666666666667	0.019333333333333334	0.030666666666666665	0.03333333333333333	0.02	0.018666666666666668	0.021333333333333333	0.016	0.015333333333333332	0.019333333333333334	0.034666666666666665	0.034666666666666665	0.04466666666666667	0.042	0.04466666666666667	0.043333333333333335	0.048	0.043333333333333335	0.05	0.044	0.03666666666666667	0.05	0.050666666666666665	0.04133333333333333	0.048666666666666664	0.051333333333333335	0.03866666666666667	0.029333333333333333	0.043333333333333335	
0.020666666666666667	0.06466666666666666	0.11466666666666667	0.122	0.088	0.09666666666666666	0.05266666666666667	0.036	0.037333333333333336	0.03866666666666667	0.030666666666666665	0.02266666666666667	0.018666666666666668	0.012	0.02	0.019333333333333334	0.016	0.014666666666666666	0.012666666666666666	0.017333333333333333	0.016	0.015333333333333332	0.016	0.024666666666666667	0.015333333333333332	0.014	0.018	0.027333333333333334	0.03866666666666667	0.054	0.042666666666666665	0.05	0.056	0.06466666666666666	0.07933333333333334	0.07133333333333333	0.072	0.06933333333333333	0.06733333333333333	0.066	0.06	0.058	0.06466666666666666	0.06533333333333333	0.058	0.03666666666666667	0.03666666666666667	0.024	0.03133333333333333	0.027333333333333334	0.029333333333333333	0.02666666666666667	0.032	0.035333333333333335	0.028	0.019333333333333334	0.024	0.027333333333333334	0.034666666666666665	0.02	0.024666666666666667	0.028666666666666667	0.02	0.027333333333333334	0.02666666666666667	0.035333333333333335	0.027333333333333334	0.028666666666666667	0.023333333333333334	0.029333333333333333	0.020666666666666667	0.028666666666666667	0.02266666666666667	0.028666666666666667	0.024666666666666667	0.030666666666666665	0.017333333333333333	0.015333333333333332	0.019333333333333334	0.024666666666666667	0.03	0.034	0.035333333333333335	0.03333333333333333	0.036	0.050666666666666665	0.04466666666666667	0.05	0.043333333333333335	0.048666666666666664	0.042666666666666665	0.04133333333333333	0.042	0.028	0.044	0.034666666666666665	0.03666666666666667	0.04	0.03933333333333333	
0.018666666666666668	0.07066666666666667	0.098	0.12533333333333332	0.104	0.11333333333333333	0.05266666666666667	0.026	0.038	0.025333333333333333	0.03	0.018	0.014666666666666666	0.018	0.016666666666666666	0.016666666666666666	0.018	0.018666666666666668	0.016666666666666666	0.011333333333333334	0.017333333333333333	0.014666666666666666	0.022	0.021333333333333333	0.02266666666666667	0.012	0.016	0.03333333333333333	0.046	0.044	0.032	0.048666666666666664	0.058	0.06533333333333333	0.07133333333333333	0.062	0.06133333333333333	0.051333333333333335	0.06733333333333333	0.064	0.07333333333333333	0.06733333333333333	0.06333333333333334	0.06266666666666666	0.05333333333333334	0.04733333333333333	0.018666666666666668	0.03666666666666667	0.03	0.034666666666666665	0.03133333333333333	0.025333333333333333	0.03133333333333333	0.03133333333333333	0.02666666666666667	0.025333333333333333	0.03	0.030666666666666665	0.029333333333333333	0.022	0.032	0.021333333333333333	0.022	0.023333333333333334	0.024	0.03266666666666666	0.024666666666666667	0.028666666666666667	0.028	0.028666666666666667	0.027333333333333334	0.03	0.02266666666666667	0.016666666666666666	0.022	0.027333333333333334	0.02666666666666667	0.02	0.018666666666666668	0.023333333333333334	0.03	0.035333333333333335	0.03666666666666667	0.029333333333333333	0.03266666666666666	0.043333333333333335	0.042	0.05466666666666667	0.04733333333333333	0.043333333333333335	0.04666666666666667	0.034	0.036	0.043333333333333335	0.04	0.03933333333333333	0.03666666666666667	0.04533333333333334	0.04933333333333333	
0.02266666666666667	0.054	0.1	0.08733333333333333	0.08933333333333333	0.11466666666666667	0.054	0.020666666666666667	0.024	0.037333333333333336	0.03133333333333333	0.016666666666666666	0.016	0.018	0.011333333333333334	0.02266666666666667	0.025333333333333333	0.014666666666666666	0.016666666666666666	0.018	0.013333333333333334	0.019333333333333334	0.016666666666666666	0.010666666666666666	0.009333333333333334	0.014666666666666666	0.010666666666666666	0.025333333333333333	0.03933333333333333	0.037333333333333336	0.04133333333333333	0.04133333333333333	0.05266666666666667	0.058666666666666666	0.06733333333333333	0.06466666666666666	0.07066666666666667	0.068	0.06666666666666667	0.054	0.07133333333333333	0.056	0.058666666666666666	0.06266666666666666	0.054	0.035333333333333335	0.03133333333333333	0.03333333333333333	0.029333333333333333	0.028	0.03266666666666666	0.028666666666666667	0.028666666666666667	0.02266666666666667	0.024666666666666667	0.02666666666666667	0.02666666666666667	0.028	0.02	0.025333333333333333	0.030666666666666665	0.028666666666666667	0.029333333333333333	0.02666666666666667	0.026	0.034666666666666665	0.02666666666666667	0.020666666666666667	0.028	0.027333333333333334	0.026	0.021333333333333333	0.024666666666666667	0.027333333333333334	0.025333333333333333	0.02666666666666667	0.021333333333333333	0.013333333333333334	0.024666666666666667	0.024	0.03666666666666667	0.04133333333333333	0.048	0.03933333333333333	0.03866666666666667	0.038	0.04466666666666667	0.03933333333333333	0.035333333333333335	0.050666666666666665	0.04133333333333333	0.05	0.04666666666666667	0.050666666666666665	0.04466666666666667	0.04066666666666666	0.048666666666666664	0.04	0.04066666666666666	
0.016	0.058666666666666666	0.08466666666666667	0.08533333333333333	0.11333333333333333	0.09666666666666666	0.05	0.03	0.03	0.023333333333333334	0.03333333333333333	0.020666666666666667	0.018	0.019333333333333334	0.014666666666666666	0.016666666666666666	0.009333333333333334	0.012666666666666666	0.017333333333333333	0.019333333333333334	0.016666666666666666	0.02	0.016666666666666666	0.013333333333333334	0.014666666666666666	0.016	0.011333333333333334	0.03	0.04066666666666666	0.05266666666666667	0.042666666666666665	0.042	0.054	0.078	0.05266666666666667	0.062	0.06133333333333333	0.06933333333333333	0.059333333333333335	0.050666666666666665	0.06066666666666667	0.05733333333333333	0.068	0.05533333333333333	0.06	0.042666666666666665	0.036	0.030666666666666665	0.03266666666666666	0.036	0.030666666666666665	0.034	0.035333333333333335	0.028	0.02666666666666667	0.026	0.030666666666666665	0.016666666666666666	0.030666666666666665	0.019333333333333334	0.021333333333333333	0.025333333333333333	0.03666666666666667	0.025333333333333333	0.023333333333333334	0.029333333333333333	0.028666666666666667	0.027333333333333334	0.028	0.027333333333333334	0.019333333333333334	0.026	0.024666666666666667	0.025333333333333333	0.029333333333333333	0.02	0.02266666666666667	0.016	0.015333333333333332	0.018	0.02266666666666667	0.03133333333333333	0.024666666666666667	0.025333333333333333	0.034666666666666665	0.03933333333333333	0.04733333333333333	0.050666666666666665	0.042666666666666665	0.046	0.042666666666666665	0.03933333333333333	0.038	0.03666666666666667	0.050666666666666665	0.038	0.042666666666666665	0.043333333333333335	0.038	
0.016666666666666666	0.06	0.09333333333333334	0.09066666666666667	0.10266666666666667	0.10133333333333333	0.05333333333333334	0.03666666666666667	0.03266666666666666	0.027333333333333334	0.03	0.016666666666666666	0.014666666666666666	0.018	0.010666666666666666	0.021333333333333333	0.020666666666666667	0.02266666666666667	0.019333333333333334	0.012666666666666666	0.014666666666666666	0.011333333333333334	0.02	0.016666666666666666	0.017333333333333333	0.016666666666666666	0.015333333333333332	0.026	0.03266666666666666	0.04466666666666667	0.042666666666666665	0.04933333333333333	0.064	0.05733333333333333	0.07066666666666667	0.058	0.062	0.059333333333333335	0.06133333333333333	0.06466666666666666	0.06666666666666667	0.05333333333333334	0.04933333333333333	0.06733333333333333	0.050666666666666665	0.034	0.034666666666666665	0.03133333333333333	0.028666666666666667	0.03666666666666667	0.02666666666666667	0.023333333333333334	0.028	0.029333333333333333	0.03266666666666666	0.020666666666666667	0.024	0.024666666666666667	0.019333333333333334	0.028666666666666667	0.024666666666666667	0.02666666666666667	0.023333333333333334	0.022	0.023333333333333334	0.028666666666666667	0.02266666666666667	0.028666666666666667	0.02266666666666667	0.020666666666666667	0.026	0.024666666666666667	0.029333333333333333	0.024666666666666667	0.021333333333333333	0.022	0.019333333333333334	0.018	0.02	0.024	0.023333333333333334	0.034666666666666665	0.03333333333333333	0.030666666666666665	0.04	0.04133333333333333	0.037333333333333336	0.046	0.036	0.051333333333333335	0.034666666666666665	0.03933333333333333	0.03666666666666667	0.042	0.034	0.037333333333333336	0.04466666666666667	0.042	0.035333333333333335	
0.015333333333333332	0.052	0.088	0.08933333333333333	0.10466666666666667	0.09866666666666667	0.052	0.03866666666666667	0.03333333333333333	0.03333333333333333	0.036	0.016666666666666666	0.009333333333333334	0.018	0.016	0.016666666666666666	0.015333333333333332	0.01	0.009333333333333334	0.014	0.019333333333333334	0.022	0.015333333333333332	0.012666666666666666	0.015333333333333332	0.010666666666666666	0.012666666666666666	0.024	0.056	0.044	0.04	0.056666666666666664	0.06	0.06866666666666667	0.056	0.07066666666666667	0.056	0.05533333333333333	0.06333333333333334	0.056	0.056666666666666664	0.07066666666666667	0.062	0.06066666666666667	0.04466666666666667	0.03	0.030666666666666665	0.026	0.024666666666666667	0.035333333333333335	0.027333333333333334	0.038	0.035333333333333335	0.028	0.03	0.018666666666666668	0.025333333333333333	0.028	0.023333333333333334	0.02666666666666667	0.026	0.026	0.02666666666666667	0.023333333333333334	0.022	0.028666666666666667	0.025333333333333333	0.019333333333333334	0.027333333333333334	0.018666666666666668	0.024	0.025333333333333333	0.029333333333333333	0.032	0.019333333333333334	0.025333333333333333	0.014	0.016	0.028	0.02	0.023333333333333334	0.038	0.024	0.03333333333333333	0.044	0.04533333333333334	0.04066666666666666	0.03666666666666667	0.04733333333333333	0.04066666666666666	0.04133333333333333	0.03333333333333333	0.04733333333333333	0.03866666666666667	0.03333333333333333	0.035333333333333335	0.03666666666666667	0.03133333333333333	0.03333333333333333	
0.016666666666666666	0.051333333333333335	0.09533333333333334	0.092	0.08533333333333333	0.09466666666666666	0.05733333333333333	0.037333333333333336	0.03	0.035333333333333335	0.027333333333333334	0.010666666666666666	0.016666666666666666	0.017333333333333333	0.018666666666666668	0.013333333333333334	0.016	0.018	0.014666666666666666	0.011333333333333334	0.015333333333333332	0.012	0.018666666666666668	0.017333333333333333	0.016	0.017333333333333333	0.017333333333333333	0.021333333333333333	0.029333333333333333	0.04	0.035333333333333335	0.037333333333333336	0.05333333333333334	0.062	0.06133333333333333	0.062	0.062	0.050666666666666665	0.074	0.054	0.056666666666666664	0.056	0.048666666666666664	0.06333333333333334	0.06133333333333333	0.038	0.025333333333333333	0.026	0.019333333333333334	0.034	0.030666666666666665	0.029333333333333333	0.04133333333333333	0.03	0.019333333333333334	0.028666666666666667	0.024	0.02666666666666667	0.022	0.026	0.034666666666666665	0.025333333333333333	0.017333333333333333	0.036	0.018	0.016666666666666666	0.013333333333333334	0.025333333333333333	0.02266666666666667	0.024666666666666667	0.024	0.021333333333333333	0.029333333333333333	0.03	0.02266666666666667	0.026	0.012	0.02	0.016666666666666666	0.018	0.03133333333333333	0.025333333333333333	0.026	0.03266666666666666	0.034666666666666665	0.04933333333333333	0.042	0.036	0.035333333333333335	0.03866666666666667	0.034	0.037333333333333336	0.042	0.03866666666666667	0.03	0.034666666666666665	0.03	0.03933333333333333	0.03933333333333333	
0.014666666666666666	0.05533333333333333	0.102	0.10733333333333334	0.09466666666666666	0.094	0.04666666666666667	0.03133333333333333	0.03133333333333333	0.038	0.022	0.02	0.015333333333333332	0.016666666666666666	0.016666666666666666	0.01	0.019333333333333334	0.011333333333333334	0.014666666666666666	0.016	0.010666666666666666	0.015333333333333332	0.012	0.016666666666666666	0.01	0.014	0.020666666666666667	0.025333333333333333	0.043333333333333335	0.03333333333333333	0.03666666666666667	0.04066666666666666	0.062	0.06266666666666666	0.06733333333333333	0.05466666666666667	0.068	0.06066666666666667	0.06866666666666667	0.04933333333333333	0.056666666666666664	0.05266666666666667	0.07133333333333333	0.05533333333333333	0.052	0.04	0.024	0.027333333333333334	0.03	0.026	0.026	0.025333333333333333	0.023333333333333334	0.03	0.03	0.024666666666666667	0.02266666666666667	0.021333333333333333	0.022	0.020666666666666667	0.021333333333333333	0.024666666666666667	0.022	0.029333333333333333	0.026	0.025333333333333333	0.03333333333333333	0.019333333333333334	0.023333333333333334	0.029333333333333333	0.02266666666666667	0.026	0.018666666666666668	0.028666666666666667	0.02266666666666667	0.028666666666666667	0.016	0.014666666666666666	0.022	0.017333333333333333	0.017333333333333333	0.032	0.03	0.029333333333333333	0.04	0.046	0.03933333333333333	0.03666666666666667	0.04666666666666667	0.04533333333333334	0.03933333333333333	0.03866666666666667	0.048666666666666664	0.044	0.04133333333333333	0.04066666666666666	0.027333333333333334	0.036	0.042	
0.018666666666666668	0.05266666666666667	0.094	0.09066666666666667	0.094	0.10133333333333333	0.05333333333333334	0.03666666666666667	0.032	0.04	0.030666666666666665	0.014666666666666666	0.018666666666666668	0.014666666666666666	0.012666666666666666	0.014666666666666666	0.012666666666666666	0.011333333333333334	0.021333333333333333	0.012666666666666666	0.016666666666666666	0.018666666666666668	0.013333333333333334	0.011333333333333334	0.01	0.014666666666666666	0.015333333333333332	0.022	0.03333333333333333	0.04533333333333334	0.048	0.042	0.046	0.05333333333333334	0.05333333333333334	0.05466666666666667	0.05533333333333333	0.07	0.05733333333333333	0.06133333333333333	0.058	0.06733333333333333	0.06066666666666667	0.05	0.046	0.03266666666666666	0.028	0.02266666666666667	0.027333333333333334	0.026	0.027333333333333334	0.032	0.03	0.03	0.023333333333333334	0.024	0.03133333333333333	0.028666666666666667	0.020666666666666667	0.020666666666666667	0.026	0.025333333333333333	0.02666666666666667	0.023333333333333334	0.02	0.025333333333333333	0.028666666666666667	0.02	0.029333333333333333	0.022	0.027333333333333334	0.024666666666666667	0.018	0.02	0.020666666666666667	0.021333333333333333	0.013333333333333334	0.016	0.012	0.023333333333333334	0.02	0.034	0.03266666666666666	0.038	0.037333333333333336	0.03866666666666667	0.03933333333333333	0.04066666666666666	0.028666666666666667	0.03333333333333333	0.03333333333333333	0.03266666666666666	0.036	0.028	0.028666666666666667	0.030666666666666665	0.03266666666666666	0.034666666666666665	0.04	
0.016	0.054	0.084	0.08	0.10733333333333334	0.06866666666666667	0.058666666666666666	0.036	0.028666666666666667	0.03666666666666667	0.02266666666666667	0.012	0.013333333333333334	0.014	0.014666666666666666	0.011333333333333334	0.013333333333333334	0.016	0.013333333333333334	0.008666666666666666	0.016666666666666666	0.008666666666666666	0.010666666666666666	0.012666666666666666	0.016	0.012	0.018	0.02266666666666667	0.03666666666666667	0.036	0.04133333333333333	0.044	0.05733333333333333	0.05	0.06	0.05266666666666667	0.06	0.059333333333333335	0.042	0.059333333333333335	0.054	0.056666666666666664	0.05466666666666667	0.05266666666666667	0.058	0.034	0.03333333333333333	0.02666666666666667	0.024	0.028	0.021333333333333333	0.036	0.025333333333333333	0.03266666666666666	0.03133333333333333	0.02666666666666667	0.023333333333333334	0.011333333333333334	0.021333333333333333	0.028	0.03266666666666666	0.023333333333333334	0.023333333333333334	0.03	0.021333333333333333	0.028	0.021333333333333333	0.018	0.020666666666666667	0.021333333333333333	0.024	0.020666666666666667	0.023333333333333334	0.018666666666666668	0.020666666666666667	0.019333333333333334	0.012	0.019333333333333334	0.016	0.019333333333333334	0.026	0.028666666666666667	0.028	0.037333333333333336	0.04133333333333333	0.037333333333333336	0.038	0.038	0.036	0.03333333333333333	0.042666666666666665	0.03866666666666667	0.03866666666666667	0.034	0.037333333333333336	0.04133333333333333	0.037333333333333336	0.02666666666666667	0.032	
0.014666666666666666	0.059333333333333335	0.08666666666666667	0.09	0.09	0.08733333333333333	0.04933333333333333	0.028666666666666667	0.035333333333333335	0.030666666666666665	0.03333333333333333	0.012666666666666666	0.014666666666666666	0.008	0.015333333333333332	0.018	0.008	0.009333333333333334	0.01	0.01	0.014666666666666666	0.015333333333333332	0.015333333333333332	0.015333333333333332	0.010666666666666666	0.016	0.012	0.021333333333333333	0.048	0.043333333333333335	0.036	0.04066666666666666	0.042666666666666665	0.056666666666666664	0.06133333333333333	0.06066666666666667	0.056	0.048	0.051333333333333335	0.05	0.050666666666666665	0.051333333333333335	0.059333333333333335	0.048666666666666664	0.044	0.03333333333333333	0.03	0.028	0.032	0.02266666666666667	0.027333333333333334	0.029333333333333333	0.02	0.025333333333333333	0.028666666666666667	0.025333333333333333	0.02266666666666667	0.023333333333333334	0.027333333333333334	0.024666666666666667	0.019333333333333334	0.02666666666666667	0.025333333333333333	0.019333333333333334	0.023333333333333334	0.02666666666666667	0.025333333333333333	0.02266666666666667	0.018666666666666668	0.023333333333333334	0.027333333333333334	0.022	0.019333333333333334	0.020666666666666667	0.015333333333333332	0.018666666666666668	0.014	0.014666666666666666	0.015333333333333332	0.015333333333333332	0.023333333333333334	0.03133333333333333	0.034	0.035333333333333335	0.027333333333333334	0.03333333333333333	0.04	0.034	0.03933333333333333	0.038	0.034	0.04066666666666666	0.03666666666666667	0.034666666666666665	0.03933333333333333	0.037333333333333336	0.04	0.034	0.034	
0.018	0.054	0.09	0.09266666666666666	0.08866666666666667	0.09533333333333334	0.05733333333333333	0.027333333333333334	0.035333333333333335	0.032	0.022	0.023333333333333334	0.010666666666666666	0.014	0.016	0.012	0.014	0.014666666666666666	0.01	0.013333333333333334	0.010666666666666666	0.016	0.012	0.015333333333333332	0.018	0.014666666666666666	0.018666666666666668	0.025333333333333333	0.03866666666666667	0.030666666666666665	0.034666666666666665	0.04133333333333333	0.050666666666666665	0.068	0.06133333333333333	0.056	0.058666666666666666	0.05266666666666667	0.066	0.05733333333333333	0.04933333333333333	0.048	0.05333333333333334	0.06133333333333333	0.056666666666666664	0.03666666666666667	0.02	0.022	0.029333333333333333	0.025333333333333333	0.028666666666666667	0.03	0.029333333333333333	0.02266666666666667	0.024	0.028666666666666667	0.024	0.016	0.024666666666666667	0.025333333333333333	0.018666666666666668	0.024	0.02	0.024666666666666667	0.024	0.02	0.014	0.019333333333333334	0.021333333333333333	0.023333333333333334	0.024	0.02266666666666667	0.019333333333333334	0.02266666666666667	0.024	0.024	0.008666666666666666	0.008666666666666666	0.008666666666666666	0.016	0.028	0.027333333333333334	0.038	0.025333333333333333	0.029333333333333333	0.038	0.024	0.032	0.04533333333333334	0.03933333333333333	0.02666666666666667	0.03333333333333333	0.03666666666666667	0.042	0.04466666666666667	0.03866666666666667	0.046	0.038	0.037333333333333336	
0.015333333333333332	0.068	0.07933333333333334	0.1	0.08933333333333333	0.08266666666666667	0.062	0.029333333333333333	0.03	0.030666666666666665	0.018666666666666668	0.019333333333333334	0.013333333333333334	0.016666666666666666	0.017333333333333333	0.014	0.015333333333333332	0.015333333333333332	0.008666666666666666	0.017333333333333333	0.014	0.012666666666666666	0.016666666666666666	0.013333333333333334	0.014666666666666666	0.013333333333333334	0.014	0.030666666666666665	0.038	0.04	0.036	0.04066666666666666	0.056	0.059333333333333335	0.06266666666666666	0.052	0.058	0.06133333333333333	0.042	0.05	0.05466666666666667	0.05733333333333333	0.04666666666666667	0.05333333333333334	0.052	0.03333333333333333	0.024666666666666667	0.024	0.025333333333333333	0.027333333333333334	0.021333333333333333	0.027333333333333334	0.028	0.021333333333333333	0.026	0.028666666666666667	0.025333333333333333	0.027333333333333334	0.024	0.018666666666666668	0.034	0.028666666666666667	0.03	0.026	0.025333333333333333	0.027333333333333334	0.027333333333333334	0.017333333333333333	0.017333333333333333	0.025333333333333333	0.017333333333333333	0.020666666666666667	0.02266666666666667	0.016666666666666666	0.023333333333333334	0.016666666666666666	0.01	0.02	0.012666666666666666	0.019333333333333334	0.024666666666666667	0.024666666666666667	0.028	0.04133333333333333	0.043333333333333335	0.036	0.029333333333333333	0.036	0.03933333333333333	0.04533333333333334	0.03	0.035333333333333335	0.032	0.04133333333333333	0.04066666666666666	0.035333333333333335	0.036	0.034666666666666665	0.029333333333333333	
0.016	0.05533333333333333	0.066	0.076	0.092	0.08	0.04666666666666667	0.026	0.03333333333333333	0.03	0.029333333333333333	0.016666666666666666	0.017333333333333333	0.010666666666666666	0.014666666666666666	0.011333333333333334	0.014	0.01	0.011333333333333334	0.010666666666666666	0.015333333333333332	0.008666666666666666	0.009333333333333334	0.011333333333333334	0.018666666666666668	0.006666666666666667	0.01	0.018666666666666668	0.04	0.035333333333333335	0.035333333333333335	0.043333333333333335	0.059333333333333335	0.056	0.05333333333333334	0.05533333333333333	0.04533333333333334	0.044	0.058666666666666666	0.05333333333333334	0.04933333333333333	0.05	0.051333333333333335	0.056	0.04666666666666667	0.027333333333333334	0.017333333333333333	0.02666666666666667	0.026	0.018	0.026	0.024666666666666667	0.022	0.029333333333333333	0.02	0.018666666666666668	0.024	0.023333333333333334	0.018666666666666668	0.021333333333333333	0.023333333333333334	0.027333333333333334	0.023333333333333334	0.022	0.018666666666666668	0.024	0.028666666666666667	0.022	0.02266666666666667	0.024	0.017333333333333333	0.016	0.018666666666666668	0.02266666666666667	0.02	0.023333333333333334	0.018	0.018666666666666668	0.022	0.014	0.020666666666666667	0.02666666666666667	0.034	0.03	0.03133333333333333	0.03133333333333333	0.030666666666666665	0.03133333333333333	0.034	0.035333333333333335	0.03866666666666667	0.04	0.03333333333333333	0.035333333333333335	0.035333333333333335	0.03266666666666666	0.03133333333333333	0.03	0.034	
0.015333333333333332	0.05466666666666667	0.08333333333333333	0.09333333333333334	0.08666666666666667	0.09933333333333333	0.042	0.035333333333333335	0.024	0.034666666666666665	0.03133333333333333	0.018	0.015333333333333332	0.011333333333333334	0.012666666666666666	0.018666666666666668	0.02	0.013333333333333334	0.016	0.009333333333333334	0.008	0.007333333333333333	0.012	0.012	0.013333333333333334	0.012666666666666666	0.006	0.02	0.03266666666666666	0.029333333333333333	0.034	0.051333333333333335	0.048	0.05	0.04733333333333333	0.056666666666666664	0.050666666666666665	0.056666666666666664	0.05266666666666667	0.05533333333333333	0.04933333333333333	0.06	0.04933333333333333	0.04933333333333333	0.042666666666666665	0.030666666666666665	0.029333333333333333	0.02666666666666667	0.02266666666666667	0.027333333333333334	0.018666666666666668	0.021333333333333333	0.03	0.028666666666666667	0.028666666666666667	0.018666666666666668	0.020666666666666667	0.018	0.026	0.02266666666666667	0.021333333333333333	0.024666666666666667	0.023333333333333334	0.018666666666666668	0.024666666666666667	0.021333333333333333	0.027333333333333334	0.03	0.02266666666666667	0.014666666666666666	0.023333333333333334	0.019333333333333334	0.018666666666666668	0.02	0.02666666666666667	0.021333333333333333	0.017333333333333333	0.010666666666666666	0.013333333333333334	0.021333333333333333	0.022	0.02266666666666667	0.028	0.035333333333333335	0.028666666666666667	0.037333333333333336	0.03866666666666667	0.029333333333333333	0.038	0.042666666666666665	0.038	0.03933333333333333	0.029333333333333333	0.037333333333333336	0.03333333333333333	0.032	0.03333333333333333	0.036	0.04533333333333334	
0.014666666666666666	0.06266666666666666	0.06933333333333333	0.09	0.08866666666666667	0.07866666666666666	0.054	0.024666666666666667	0.025333333333333333	0.03333333333333333	0.018666666666666668	0.010666666666666666	0.011333333333333334	0.013333333333333334	0.012666666666666666	0.013333333333333334	0.011333333333333334	0.015333333333333332	0.014666666666666666	0.016	0.016666666666666666	0.014666666666666666	0.013333333333333334	0.012	0.012	0.011333333333333334	0.015333333333333332	0.018666666666666668	0.035333333333333335	0.043333333333333335	0.046	0.036	0.05333333333333334	0.05266666666666667	0.048666666666666664	0.056666666666666664	0.051333333333333335	0.04466666666666667	0.052	0.06466666666666666	0.048666666666666664	0.052	0.05266666666666667	0.059333333333333335	0.04933333333333333	0.042	0.025333333333333333	0.02266666666666667	0.016	0.024	0.022	0.032	0.029333333333333333	0.022	0.018	0.024666666666666667	0.024	0.026	0.02666666666666667	0.019333333333333334	0.02266666666666667	0.018666666666666668	0.019333333333333334	0.028	0.02	0.024666666666666667	0.024	0.02266666666666667	0.016666666666666666	0.016	0.021333333333333333	0.024	0.02266666666666667	0.018	0.018	0.022	0.022	0.011333333333333334	0.008	0.016666666666666666	0.030666666666666665	0.024666666666666667	0.03266666666666666	0.030666666666666665	0.029333333333333333	0.03133333333333333	0.042666666666666665	0.035333333333333335	0.03666666666666667	0.037333333333333336	0.035333333333333335	0.037333333333333336	0.037333333333333336	0.03	0.04066666666666666	0.03933333333333333	0.024666666666666667	0.025333333333333333	0.03866666666666667	
0.017333333333333333	0.052	0.078	0.08	0.094	0.084	0.06266666666666666	0.03333333333333333	0.026	0.024666666666666667	0.034666666666666665	0.015333333333333332	0.012	0.014666666666666666	0.012666666666666666	0.010666666666666666	0.012	0.012	0.015333333333333332	0.013333333333333334	0.010666666666666666	0.014666666666666666	0.009333333333333334	0.014	0.012	0.008	0.011333333333333334	0.017333333333333333	0.034666666666666665	0.03266666666666666	0.030666666666666665	0.038	0.05533333333333333	0.04733333333333333	0.05266666666666667	0.048	0.04933333333333333	0.059333333333333335	0.05	0.056666666666666664	0.06266666666666666	0.043333333333333335	0.052	0.050666666666666665	0.042	0.03333333333333333	0.027333333333333334	0.022	0.026	0.023333333333333334	0.022	0.02266666666666667	0.023333333333333334	0.03333333333333333	0.019333333333333334	0.024	0.016666666666666666	0.024666666666666667	0.024	0.021333333333333333	0.024	0.025333333333333333	0.02	0.026	0.023333333333333334	0.016	0.018	0.02266666666666667	0.018666666666666668	0.018666666666666668	0.022	0.023333333333333334	0.014	0.03	0.027333333333333334	0.020666666666666667	0.019333333333333334	0.020666666666666667	0.017333333333333333	0.015333333333333332	0.019333333333333334	0.022	0.02666666666666667	0.027333333333333334	0.03333333333333333	0.034666666666666665	0.038	0.03333333333333333	0.028	0.028666666666666667	0.032	0.028	0.029333333333333333	0.034	0.03333333333333333	0.034666666666666665	0.034	0.04	0.036	
0.017333333333333333	0.056	0.07866666666666666	0.084	0.082	0.07066666666666667	0.051333333333333335	0.038	0.028666666666666667	0.026	0.023333333333333334	0.010666666666666666	0.010666666666666666	0.014	0.014666666666666666	0.011333333333333334	0.014	0.012666666666666666	0.010666666666666666	0.012	0.019333333333333334	0.011333333333333334	0.011333333333333334	0.012666666666666666	0.012666666666666666	0.007333333333333333	0.016	0.023333333333333334	0.03333333333333333	0.04733333333333333	0.03133333333333333	0.03933333333333333	0.05266666666666667	0.058666666666666666	0.056666666666666664	0.058666666666666666	0.054	0.05533333333333333	0.042	0.043333333333333335	0.056666666666666664	0.04533333333333334	0.05	0.04933333333333333	0.052	0.027333333333333334	0.020666666666666667	0.017333333333333333	0.015333333333333332	0.019333333333333334	0.023333333333333334	0.021333333333333333	0.025333333333333333	0.020666666666666667	0.019333333333333334	0.02666666666666667	0.025333333333333333	0.018	0.019333333333333334	0.023333333333333334	0.017333333333333333	0.03	0.013333333333333334	0.020666666666666667	0.016666666666666666	0.026	0.024666666666666667	0.02266666666666667	0.014	0.020666666666666667	0.018666666666666668	0.020666666666666667	0.013333333333333334	0.022	0.028666666666666667	0.014666666666666666	0.011333333333333334	0.014	0.018	0.024666666666666667	0.022	0.030666666666666665	0.03	0.025333333333333333	0.024	0.037333333333333336	0.034666666666666665	0.03	0.03	0.034	0.032	0.03666666666666667	0.035333333333333335	0.029333333333333333	0.030666666666666665	0.024666666666666667	0.029333333333333333	0.028666666666666667	0.03933333333333333	
0.010666666666666666	0.052	0.08	0.08133333333333333	0.088	0.07333333333333333	0.04733333333333333	0.02266666666666667	0.022	0.025333333333333333	0.02266666666666667	0.013333333333333334	0.009333333333333334	0.014666666666666666	0.010666666666666666	0.012666666666666666	0.019333333333333334	0.014666666666666666	0.013333333333333334	0.012	0.012	0.014	0.008	0.014	0.012	0.014	0.014666666666666666	0.020666666666666667	0.02266666666666667	0.04	0.030666666666666665	0.042	0.042	0.050666666666666665	0.04466666666666667	0.056666666666666664	0.04933333333333333	0.050666666666666665	0.054	0.04933333333333333	0.05266666666666667	0.04	0.066	0.05333333333333334	0.042666666666666665	0.026	0.019333333333333334	0.020666666666666667	0.018	0.02	0.03133333333333333	0.023333333333333334	0.024	0.028666666666666667	0.024	0.018666666666666668	0.022	0.016	0.017333333333333333	0.026	0.018666666666666668	0.016	0.020666666666666667	0.025333333333333333	0.019333333333333334	0.016666666666666666	0.012666666666666666	0.019333333333333334	0.02666666666666667	0.019333333333333334	0.014	0.022	0.02	0.018666666666666668	0.015333333333333332	0.02666666666666667	0.013333333333333334	0.014666666666666666	0.018666666666666668	0.011333333333333334	0.021333333333333333	0.024	0.028	0.03666666666666667	0.026	0.034666666666666665	0.035333333333333335	0.030666666666666665	0.027333333333333334	0.03666666666666667	0.024666666666666667	0.028666666666666667	0.03133333333333333	0.037333333333333336	0.038	0.038	0.027333333333333334	0.028	0.032	
0.012	0.048666666666666664	0.066	0.086	0.08466666666666667	0.074	0.05	0.028666666666666667	0.030666666666666665	0.03266666666666666	0.022	0.011333333333333334	0.010666666666666666	0.019333333333333334	0.014666666666666666	0.011333333333333334	0.016	0.013333333333333334	0.013333333333333334	0.012666666666666666	0.01	0.01	0.011333333333333334	0.013333333333333334	0.012666666666666666	0.012	0.012	0.013333333333333334	0.03666666666666667	0.028666666666666667	0.03266666666666666	0.03866666666666667	0.04733333333333333	0.068	0.048	0.048666666666666664	0.056	0.056	0.05	0.06066666666666667	0.06133333333333333	0.04533333333333334	0.05533333333333333	0.054	0.042	0.030666666666666665	0.023333333333333334	0.018	0.017333333333333333	0.02666666666666667	0.026	0.03133333333333333	0.02	0.02266666666666667	0.02266666666666667	0.020666666666666667	0.02	0.013333333333333334	0.012	0.028	0.015333333333333332	0.02266666666666667	0.015333333333333332	0.021333333333333333	0.024	0.023333333333333334	0.022	0.023333333333333334	0.018	0.02	0.02666666666666667	0.015333333333333332	0.018666666666666668	0.021333333333333333	0.021333333333333333	0.025333333333333333	0.012666666666666666	0.015333333333333332	0.024	0.012	0.027333333333333334	0.03	0.030666666666666665	0.028	0.034	0.034666666666666665	0.03	0.032	0.03333333333333333	0.037333333333333336	0.029333333333333333	0.035333333333333335	0.030666666666666665	0.03333333333333333	0.024666666666666667	0.02666666666666667	0.034666666666666665	0.035333333333333335	0.03133333333333333	
0.012666666666666666	0.044	0.08466666666666667	0.07333333333333333	0.08333333333333333	0.088	0.058	0.026	0.03133333333333333	0.028666666666666667	0.021333333333333333	0.014666666666666666	0.007333333333333333	0.012	0.016	0.014666666666666666	0.011333333333333334	0.014666666666666666	0.010666666666666666	0.010666666666666666	0.014	0.011333333333333334	0.009333333333333334	0.011333333333333334	0.011333333333333334	0.008	0.013333333333333334	0.015333333333333332	0.026	0.03266666666666666	0.038	0.042	0.043333333333333335	0.042	0.064	0.048	0.051333333333333335	0.04066666666666666	0.042666666666666665	0.048	0.054	0.043333333333333335	0.04	0.04666666666666667	0.05533333333333333	0.03133333333333333	0.020666666666666667	0.020666666666666667	0.023333333333333334	0.024	0.022	0.017333333333333333	0.016	0.025333333333333333	0.028666666666666667	0.02	0.018666666666666668	0.026	0.022	0.022	0.02266666666666667	0.02266666666666667	0.018	0.02	0.014	0.021333333333333333	0.016	0.019333333333333334	0.019333333333333334	0.015333333333333332	0.018666666666666668	0.019333333333333334	0.018666666666666668	0.015333333333333332	0.02266666666666667	0.021333333333333333	0.016666666666666666	0.014666666666666666	0.010666666666666666	0.017333333333333333	0.02266666666666667	0.024666666666666667	0.02666666666666667	0.024666666666666667	0.03266666666666666	0.025333333333333333	0.034	0.027333333333333334	0.036	0.026	0.032	0.035333333333333335	0.03933333333333333	0.030666666666666665	0.03333333333333333	0.02666666666666667	0.032	0.019333333333333334	0.04133333333333333	
0.014666666666666666	0.046	0.068	0.07	0.07733333333333334	0.06666666666666667	0.051333333333333335	0.025333333333333333	0.02666666666666667	0.03666666666666667	0.028	0.010666666666666666	0.0033333333333333335	0.018	0.013333333333333334	0.008666666666666666	0.016666666666666666	0.010666666666666666	0.01	0.016	0.011333333333333334	0.012666666666666666	0.013333333333333334	0.008666666666666666	0.012666666666666666	0.011333333333333334	0.007333333333333333	0.012666666666666666	0.028666666666666667	0.029333333333333333	0.030666666666666665	0.034666666666666665	0.05266666666666667	0.04533333333333334	0.04133333333333333	0.037333333333333336	0.05266666666666667	0.04066666666666666	0.050666666666666665	0.04466666666666667	0.04466666666666667	0.046	0.05466666666666667	0.038	0.054	0.032	0.021333333333333333	0.017333333333333333	0.023333333333333334	0.026	0.025333333333333333	0.021333333333333333	0.02	0.02266666666666667	0.026	0.018	0.019333333333333334	0.024	0.014666666666666666	0.018666666666666668	0.02	0.024	0.028	0.018	0.022	0.024	0.014	0.014	0.014666666666666666	0.02	0.020666666666666667	0.020666666666666667	0.019333333333333334	0.023333333333333334	0.019333333333333334	0.018666666666666668	0.018	0.014666666666666666	0.014	0.01	0.02266666666666667	0.024	0.026	0.029333333333333333	0.03333333333333333	0.024	0.036	0.028	0.03266666666666666	0.030666666666666665	0.03333333333333333	0.036	0.029333333333333333	0.034	0.036	0.030666666666666665	0.028666666666666667	0.034666666666666665	0.022	
0.014666666666666666	0.04133333333333333	0.08333333333333333	0.07933333333333334	0.072	0.08466666666666667	0.04666666666666667	0.026	0.025333333333333333	0.03266666666666666	0.03266666666666666	0.014	0.013333333333333334	0.010666666666666666	0.016666666666666666	0.014666666666666666	0.014666666666666666	0.012666666666666666	0.008	0.013333333333333334	0.011333333333333334	0.01	0.009333333333333334	0.017333333333333333	0.011333333333333334	0.011333333333333334	0.010666666666666666	0.020666666666666667	0.026	0.03	0.03	0.03666666666666667	0.042666666666666665	0.050666666666666665	0.048666666666666664	0.04	0.046	0.043333333333333335	0.04933333333333333	0.04533333333333334	0.043333333333333335	0.04066666666666666	0.05333333333333334	0.050666666666666665	0.038	0.03266666666666666	0.021333333333333333	0.027333333333333334	0.019333333333333334	0.030666666666666665	0.02	0.025333333333333333	0.026	0.024	0.018	0.02	0.020666666666666667	0.02	0.02	0.024666666666666667	0.018	0.012666666666666666	0.024	0.015333333333333332	0.016666666666666666	0.018666666666666668	0.021333333333333333	0.018666666666666668	0.02	0.018666666666666668	0.022	0.020666666666666667	0.020666666666666667	0.024	0.020666666666666667	0.022	0.010666666666666666	0.020666666666666667	0.008	0.013333333333333334	0.020666666666666667	0.026	0.018666666666666668	0.034	0.029333333333333333	0.03333333333333333	0.026	0.036	0.030666666666666665	0.02666666666666667	0.026	0.028666666666666667	0.03266666666666666	0.04	0.027333333333333334	0.030666666666666665	0.027333333333333334	0.022	0.03133333333333333	
0.019333333333333334	0.042	0.08466666666666667	0.08466666666666667	0.086	0.07533333333333334	0.04466666666666667	0.02266666666666667	0.025333333333333333	0.024666666666666667	0.028666666666666667	0.006666666666666667	0.01	0.010666666666666666	0.008	0.007333333333333333	0.019333333333333334	0.012	0.008	0.008666666666666666	0.01	0.009333333333333334	0.007333333333333333	0.01	0.007333333333333333	0.012666666666666666	0.012	0.012666666666666666	0.026	0.03266666666666666	0.03666666666666667	0.03266666666666666	0.04733333333333333	0.05	0.04533333333333334	0.05	0.056	0.052	0.042	0.05266666666666667	0.06266666666666666	0.034	0.03933333333333333	0.044	0.048666666666666664	0.029333333333333333	0.02266666666666667	0.021333333333333333	0.014	0.025333333333333333	0.025333333333333333	0.027333333333333334	0.02266666666666667	0.022	0.020666666666666667	0.017333333333333333	0.022	0.023333333333333334	0.019333333333333334	0.02	0.02666666666666667	0.024666666666666667	0.017333333333333333	0.016	0.016	0.018	0.019333333333333334	0.026	0.018666666666666668	0.019333333333333334	0.015333333333333332	0.018	0.024	0.014	0.013333333333333334	0.015333333333333332	0.012666666666666666	0.016666666666666666	0.008	0.012	0.02266666666666667	0.027333333333333334	0.02666666666666667	0.029333333333333333	0.026	0.029333333333333333	0.042666666666666665	0.024666666666666667	0.036	0.03666666666666667	0.024	0.034	0.03266666666666666	0.036	0.034666666666666665	0.025333333333333333	0.028	0.022	0.024666666666666667	
0.02	0.042666666666666665	0.07466666666666667	0.08133333333333333	0.07933333333333334	0.07866666666666666	0.048666666666666664	0.029333333333333333	0.028666666666666667	0.027333333333333334	0.021333333333333333	0.008666666666666666	0.010666666666666666	0.012666666666666666	0.012666666666666666	0.010666666666666666	0.006666666666666667	0.014	0.01	0.011333333333333334	0.012	0.011333333333333334	0.013333333333333334	0.014	0.012	0.012	0.008	0.020666666666666667	0.036	0.036	0.028666666666666667	0.023333333333333334	0.042	0.042	0.04466666666666667	0.05333333333333334	0.052	0.04733333333333333	0.04666666666666667	0.04733333333333333	0.04	0.048	0.04733333333333333	0.037333333333333336	0.04466666666666667	0.027333333333333334	0.018	0.024666666666666667	0.024	0.019333333333333334	0.022	0.028666666666666667	0.014666666666666666	0.023333333333333334	0.022	0.021333333333333333	0.025333333333333333	0.016	0.022	0.018	0.020666666666666667	0.02266666666666667	0.016	0.02266666666666667	0.026	0.017333333333333333	0.022	0.018666666666666668	0.021333333333333333	0.022	0.017333333333333333	0.016	0.026	0.020666666666666667	0.016666666666666666	0.015333333333333332	0.012	0.013333333333333334	0.010666666666666666	0.012666666666666666	0.015333333333333332	0.02666666666666667	0.034	0.022	0.02666666666666667	0.034	0.028666666666666667	0.02666666666666667	0.03	0.03333333333333333	0.03333333333333333	0.034	0.035333333333333335	0.04	0.028666666666666667	0.03	0.02666666666666667	0.023333333333333334	0.027333333333333334	
0.013333333333333334	0.04533333333333334	0.07133333333333333	0.094	0.068	0.058666666666666666	0.05733333333333333	0.023333333333333334	0.026	0.02666666666666667	0.026	0.012666666666666666	0.011333333333333334	0.006666666666666667	0.012	0.008	0.011333333333333334	0.010666666666666666	0.007333333333333333	0.012	0.012	0.010666666666666666	0.008666666666666666	0.009333333333333334	0.016666666666666666	0.012	0.016	0.023333333333333334	0.03	0.02666666666666667	0.024666666666666667	0.03333333333333333	0.034	0.04533333333333334	0.04066666666666666	0.042	0.05	0.04666666666666667	0.046	0.051333333333333335	0.04133333333333333	0.04666666666666667	0.04066666666666666	0.048666666666666664	0.038	0.027333333333333334	0.018	0.019333333333333334	0.020666666666666667	0.014	0.025333333333333333	0.03	0.022	0.018666666666666668	0.023333333333333334	0.02	0.024	0.018666666666666668	0.02666666666666667	0.016666666666666666	0.017333333333333333	0.024	0.022	0.016	0.02	0.018666666666666668	0.016666666666666666	0.022	0.018666666666666668	0.015333333333333332	0.014	0.017333333333333333	0.018666666666666668	0.014	0.016	0.018	0.010666666666666666	0.015333333333333332	0.016666666666666666	0.016	0.022	0.025333333333333333	0.026	0.02266666666666667	0.024666666666666667	0.03133333333333333	0.04133333333333333	0.028	0.030666666666666665	0.03866666666666667	0.034666666666666665	0.03266666666666666	0.037333333333333336	0.02266666666666667	0.03	0.03	0.024666666666666667	0.025333333333333333	0.03	
0.015333333333333332	0.04466666666666667	0.086	0.06466666666666666	0.07266666666666667	0.06933333333333333	0.04466666666666667	0.03133333333333333	0.020666666666666667	0.025333333333333333	0.018	0.014666666666666666	0.009333333333333334	0.013333333333333334	0.012	0.006666666666666667	0.012	0.008	0.008	0.009333333333333334	0.010666666666666666	0.012	0.009333333333333334	0.010666666666666666	0.008666666666666666	0.012	0.010666666666666666	0.02266666666666667	0.026	0.034	0.03133333333333333	0.034	0.043333333333333335	0.038	0.042666666666666665	0.048666666666666664	0.04933333333333333	0.058	0.034666666666666665	0.044	0.050666666666666665	0.048	0.035333333333333335	0.037333333333333336	0.05466666666666667	0.022	0.018666666666666668	0.024	0.014666666666666666	0.022	0.02	0.018666666666666668	0.017333333333333333	0.024	0.016666666666666666	0.021333333333333333	0.018666666666666668	0.016666666666666666	0.02	0.018666666666666668	0.016666666666666666	0.025333333333333333	0.017333333333333333	0.015333333333333332	0.022	0.018666666666666668	0.019333333333333334	0.018	0.023333333333333334	0.021333333333333333	0.014666666666666666	0.016	0.011333333333333334	0.015333333333333332	0.028	0.018666666666666668	0.011333333333333334	0.01	0.010666666666666666	0.015333333333333332	0.02	0.02	0.026	0.024666666666666667	0.03	0.029333333333333333	0.02266666666666667	0.03333333333333333	0.034	0.03	0.026	0.028666666666666667	0.027333333333333334	0.028	0.027333333333333334	0.02666666666666667	0.03333333333333333	0.029333333333333333	0.018	
0.011333333333333334	0.035333333333333335	0.06333333333333334	0.066	0.068	0.066	0.03333333333333333	0.03	0.02266666666666667	0.026	0.02	0.006666666666666667	0.011333333333333334	0.009333333333333334	0.010666666666666666	0.013333333333333334	0.012	0.012	0.010666666666666666	0.006	0.008666666666666666	0.013333333333333334	0.012	0.007333333333333333	0.005333333333333333	0.010666666666666666	0.008	0.018666666666666668	0.030666666666666665	0.028666666666666667	0.03	0.03333333333333333	0.037333333333333336	0.038	0.042666666666666665	0.042	0.043333333333333335	0.043333333333333335	0.043333333333333335	0.048	0.046	0.048	0.03133333333333333	0.048	0.03333333333333333	0.02666666666666667	0.012	0.018	0.015333333333333332	0.018	0.018666666666666668	0.019333333333333334	0.020666666666666667	0.016	0.021333333333333333	0.016	0.023333333333333334	0.019333333333333334	0.016	0.02266666666666667	0.02266666666666667	0.015333333333333332	0.019333333333333334	0.017333333333333333	0.022	0.018666666666666668	0.017333333333333333	0.022	0.015333333333333332	0.012666666666666666	0.014	0.016	0.016	0.02	0.018	0.020666666666666667	0.006666666666666667	0.016666666666666666	0.012666666666666666	0.014	0.021333333333333333	0.02266666666666667	0.026	0.018	0.024	0.027333333333333334	0.03333333333333333	0.03866666666666667	0.034	0.026	0.028	0.038	0.028666666666666667	0.028	0.030666666666666665	0.020666666666666667	0.029333333333333333	0.030666666666666665	0.027333333333333334	
0.011333333333333334	0.03933333333333333	0.062	0.08066666666666666	0.06933333333333333	0.07666666666666666	0.046	0.03133333333333333	0.036	0.028	0.022	0.012666666666666666	0.010666666666666666	0.008666666666666666	0.009333333333333334	0.014666666666666666	0.008	0.015333333333333332	0.008666666666666666	0.01	0.008666666666666666	0.008	0.012666666666666666	0.006666666666666667	0.008	0.009333333333333334	0.012666666666666666	0.022	0.026	0.03333333333333333	0.026	0.037333333333333336	0.03266666666666666	0.034666666666666665	0.027333333333333334	0.04066666666666666	0.042666666666666665	0.04933333333333333	0.044	0.04	0.035333333333333335	0.034666666666666665	0.044	0.03	0.028666666666666667	0.024	0.017333333333333333	0.02	0.02	0.014	0.017333333333333333	0.02266666666666667	0.018666666666666668	0.018666666666666668	0.017333333333333333	0.021333333333333333	0.021333333333333333	0.024	0.02	0.02	0.018	0.02	0.016666666666666666	0.022	0.023333333333333334	0.020666666666666667	0.023333333333333334	0.018	0.018	0.016	0.019333333333333334	0.018	0.016	0.018	0.020666666666666667	0.016666666666666666	0.009333333333333334	0.016	0.012	0.014	0.017333333333333333	0.023333333333333334	0.027333333333333334	0.018666666666666668	0.024666666666666667	0.024	0.034	0.030666666666666665	0.034	0.021333333333333333	0.024666666666666667	0.02666666666666667	0.03266666666666666	0.022	0.030666666666666665	0.02666666666666667	0.026	0.02666666666666667	0.028666666666666667	
0.006666666666666667	0.03866666666666667	0.06333333333333334	0.07533333333333334	0.05266666666666667	0.06266666666666666	0.03866666666666667	0.025333333333333333	0.02266666666666667	0.02	0.016	0.012666666666666666	0.012	0.012	0.010666666666666666	0.009333333333333334	0.008666666666666666	0.008	0.006	0.01	0.013333333333333334	0.009333333333333334	0.008666666666666666	0.012	0.008666666666666666	0.006	0.007333333333333333	0.016666666666666666	0.03	0.020666666666666667	0.030666666666666665	0.03666666666666667	0.048	0.044	0.037333333333333336	0.046	0.04066666666666666	0.04733333333333333	0.048666666666666664	0.03933333333333333	0.04466666666666667	0.04666666666666667	0.04133333333333333	0.05333333333333334	0.03333333333333333	0.029333333333333333	0.019333333333333334	0.016666666666666666	0.026	0.012666666666666666	0.019333333333333334	0.021333333333333333	0.016	0.017333333333333333	0.012666666666666666	0.017333333333333333	0.02	0.014666666666666666	0.014666666666666666	0.016	0.016	0.019333333333333334	0.02266666666666667	0.016666666666666666	0.016666666666666666	0.019333333333333334	0.015333333333333332	0.02	0.011333333333333334	0.014	0.011333333333333334	0.024666666666666667	0.013333333333333334	0.014666666666666666	0.012666666666666666	0.013333333333333334	0.014	0.010666666666666666	0.016	0.015333333333333332	0.021333333333333333	0.019333333333333334	0.02266666666666667	0.022	0.026	0.032	0.023333333333333334	0.029333333333333333	0.02666666666666667	0.029333333333333333	0.027333333333333334	0.02666666666666667	0.024666666666666667	0.030666666666666665	0.025333333333333333	0.03266666666666666	0.02666666666666667	0.026	0.030666666666666665	
0.013333333333333334	0.04733333333333333	0.06733333333333333	0.07	0.076	0.068	0.030666666666666665	0.021333333333333333	0.018666666666666668	0.021333333333333333	0.02	0.012666666666666666	0.008666666666666666	0.008	0.009333333333333334	0.006666666666666667	0.018	0.005333333333333333	0.01	0.01	0.011333333333333334	0.008	0.013333333333333334	0.01	0.011333333333333334	0.007333333333333333	0.009333333333333334	0.018666666666666668	0.032	0.024	0.032	0.042	0.04733333333333333	0.04666666666666667	0.04066666666666666	0.042666666666666665	0.037333333333333336	0.042	0.042666666666666665	0.050666666666666665	0.043333333333333335	0.044	0.043333333333333335	0.04	0.034666666666666665	0.028	0.018	0.013333333333333334	0.010666666666666666	0.024666666666666667	0.014666666666666666	0.021333333333333333	0.016666666666666666	0.015333333333333332	0.016666666666666666	0.015333333333333332	0.021333333333333333	0.012	0.015333333333333332	0.018	0.015333333333333332	0.014666666666666666	0.018	0.017333333333333333	0.016666666666666666	0.015333333333333332	0.019333333333333334	0.019333333333333334	0.013333333333333334	0.016	0.019333333333333334	0.018	0.008	0.017333333333333333	0.012	0.014666666666666666	0.014	0.012666666666666666	0.012666666666666666	0.013333333333333334	0.017333333333333333	0.017333333333333333	0.022	0.02	0.026	0.028666666666666667	0.028666666666666667	0.032	0.021333333333333333	0.03	0.027333333333333334	0.032	0.027333333333333334	0.024666666666666667	0.024	0.026	0.026	0.02666666666666667	0.024666666666666667	
0.014	0.04466666666666667	0.072	0.056666666666666664	0.06	0.072	0.034	0.028666666666666667	0.022	0.016666666666666666	0.021333333333333333	0.009333333333333334	0.007333333333333333	0.01	0.009333333333333334	0.014666666666666666	0.016666666666666666	0.004	0.014	0.009333333333333334	0.01	0.010666666666666666	0.012666666666666666	0.006666666666666667	0.007333333333333333	0.006666666666666667	0.008666666666666666	0.012	0.027333333333333334	0.030666666666666665	0.025333333333333333	0.030666666666666665	0.042	0.04133333333333333	0.043333333333333335	0.04933333333333333	0.035333333333333335	0.04933333333333333	0.03666666666666667	0.03933333333333333	0.04066666666666666	0.042	0.03666666666666667	0.04133333333333333	0.03266666666666666	0.02	0.028	0.011333333333333334	0.018666666666666668	0.024666666666666667	0.018666666666666668	0.020666666666666667	0.018666666666666668	0.019333333333333334	0.010666666666666666	0.014	0.02	0.018666666666666668	0.018666666666666668	0.016	0.02	0.016666666666666666	0.013333333333333334	0.018666666666666668	0.014	0.013333333333333334	0.017333333333333333	0.01	0.014	0.018666666666666668	0.02	0.018666666666666668	0.015333333333333332	0.014666666666666666	0.012	0.020666666666666667	0.011333333333333334	0.01	0.009333333333333334	0.013333333333333334	0.02	0.030666666666666665	0.023333333333333334	0.02	0.017333333333333333	0.02266666666666667	0.025333333333333333	0.036	0.035333333333333335	0.028	0.026	0.023333333333333334	0.03	0.020666666666666667	0.03133333333333333	0.032	0.03	0.016666666666666666	0.02666666666666667	
0.012	0.03	0.06	0.07	0.056	0.050666666666666665	0.04066666666666666	0.02666666666666667	0.016	0.018666666666666668	0.017333333333333333	0.006	0.008666666666666666	0.012	0.010666666666666666	0.010666666666666666	0.012666666666666666	0.010666666666666666	0.008	0.01	0.008666666666666666	0.005333333333333333	0.008666666666666666	0.008666666666666666	0.010666666666666666	0.005333333333333333	0.006	0.012666666666666666	0.025333333333333333	0.03133333333333333	0.032	0.024666666666666667	0.037333333333333336	0.04133333333333333	0.03666666666666667	0.04	0.029333333333333333	0.03266666666666666	0.044	0.04	0.04133333333333333	0.035333333333333335	0.036	0.048	0.035333333333333335	0.023333333333333334	0.019333333333333334	0.016	0.016666666666666666	0.018	0.019333333333333334	0.016666666666666666	0.012	0.020666666666666667	0.014666666666666666	0.018	0.012	0.017333333333333333	0.018	0.017333333333333333	0.012666666666666666	0.014666666666666666	0.018	0.014666666666666666	0.017333333333333333	0.022	0.017333333333333333	0.015333333333333332	0.014666666666666666	0.022	0.014666666666666666	0.012666666666666666	0.017333333333333333	0.015333333333333332	0.012666666666666666	0.01	0.013333333333333334	0.008666666666666666	0.006	0.012666666666666666	0.02	0.026	0.020666666666666667	0.02666666666666667	0.029333333333333333	0.025333333333333333	0.026	0.020666666666666667	0.028	0.026	0.025333333333333333	0.026	0.027333333333333334	0.02266666666666667	0.03333333333333333	0.02	0.024666666666666667	0.022	0.02666666666666667	
0.007333333333333333	0.03133333333333333	0.058	0.06466666666666666	0.05533333333333333	0.064	0.04533333333333334	0.020666666666666667	0.018	0.024	0.015333333333333332	0.011333333333333334	0.006	0.008666666666666666	0.007333333333333333	0.009333333333333334	0.014666666666666666	0.008666666666666666	0.008	0.01	0.010666666666666666	0.008666666666666666	0.01	0.010666666666666666	0.01	0.009333333333333334	0.014	0.016	0.02266666666666667	0.028666666666666667	0.026	0.028	0.03133333333333333	0.034	0.04133333333333333	0.03866666666666667	0.04	0.03666666666666667	0.042	0.036	0.03933333333333333	0.037333333333333336	0.03933333333333333	0.036	0.03666666666666667	0.028	0.014666666666666666	0.018	0.022	0.014666666666666666	0.016	0.02266666666666667	0.014	0.020666666666666667	0.021333333333333333	0.018666666666666668	0.012666666666666666	0.017333333333333333	0.014666666666666666	0.015333333333333332	0.018666666666666668	0.018666666666666668	0.013333333333333334	0.018666666666666668	0.015333333333333332	0.016666666666666666	0.010666666666666666	0.014666666666666666	0.022	0.012	0.013333333333333334	0.019333333333333334	0.014	0.016	0.014666666666666666	0.011333333333333334	0.014666666666666666	0.010666666666666666	0.011333333333333334	0.008	0.014666666666666666	0.027333333333333334	0.016	0.018	0.021333333333333333	0.023333333333333334	0.028666666666666667	0.024	0.024666666666666667	0.021333333333333333	0.026	0.025333333333333333	0.02	0.02666666666666667	0.028666666666666667	0.018	0.03133333333333333	0.015333333333333332	0.028666666666666667	
0.008666666666666666	0.03866666666666667	0.07333333333333333	0.059333333333333335	0.07666666666666666	0.064	0.03266666666666666	0.025333333333333333	0.024	0.012	0.021333333333333333	0.009333333333333334	0.010666666666666666	0.011333333333333334	0.007333333333333333	0.015333333333333332	0.009333333333333334	0.0026666666666666666	0.013333333333333334	0.014666666666666666	0.004	0.008666666666666666	0.006666666666666667	0.01	0.009333333333333334	0.008666666666666666	0.006	0.02	0.016	0.03666666666666667	0.029333333333333333	0.025333333333333333	0.036	0.04533333333333334	0.03666666666666667	0.03933333333333333	0.04466666666666667	0.044	0.04	0.034666666666666665	0.034	0.04066666666666666	0.04066666666666666	0.03933333333333333	0.034	0.02	0.018666666666666668	0.01	0.010666666666666666	0.016	0.015333333333333332	0.019333333333333334	0.020666666666666667	0.017333333333333333	0.015333333333333332	0.018	0.014	0.014666666666666666	0.014666666666666666	0.015333333333333332	0.012	0.02	0.018	0.016	0.012	0.014	0.010666666666666666	0.022	0.018666666666666668	0.018	0.016	0.018666666666666668	0.014666666666666666	0.014666666666666666	0.008	0.014	0.016666666666666666	0.012	0.008666666666666666	0.007333333333333333	0.015333333333333332	0.016666666666666666	0.014666666666666666	0.025333333333333333	0.015333333333333332	0.020666666666666667	0.027333333333333334	0.025333333333333333	0.019333333333333334	0.02266666666666667	0.021333333333333333	0.025333333333333333	0.028	0.019333333333333334	0.022	0.029333333333333333	0.026	0.021333333333333333	0.024666666666666667	
0.009333333333333334	0.03666666666666667	0.05533333333333333	0.07733333333333334	0.05466666666666667	0.05733333333333333	0.034	0.018	0.016666666666666666	0.030666666666666665	0.013333333333333334	0.010666666666666666	0.01	0.008	0.013333333333333334	0.007333333333333333	0.011333333333333334	0.008666666666666666	0.006666666666666667	0.006	0.010666666666666666	0.009333333333333334	0.006	0.008666666666666666	0.006	0.009333333333333334	0.007333333333333333	0.017333333333333333	0.028	0.024666666666666667	0.034	0.03133333333333333	0.028	0.04666666666666667	0.042	0.04	0.02666666666666667	0.03333333333333333	0.02666666666666667	0.044	0.034	0.034666666666666665	0.036	0.03666666666666667	0.036	0.019333333333333334	0.014666666666666666	0.019333333333333334	0.016666666666666666	0.024	0.018666666666666668	0.012666666666666666	0.02266666666666667	0.014666666666666666	0.012666666666666666	0.016	0.016666666666666666	0.021333333333333333	0.018	0.021333333333333333	0.014	0.012	0.013333333333333334	0.012666666666666666	0.016666666666666666	0.018	0.013333333333333334	0.015333333333333332	0.013333333333333334	0.009333333333333334	0.018	0.014	0.010666666666666666	0.016666666666666666	0.017333333333333333	0.01	0.011333333333333334	0.014666666666666666	0.01	0.009333333333333334	0.018	0.02	0.025333333333333333	0.02666666666666667	0.015333333333333332	0.023333333333333334	0.021333333333333333	0.030666666666666665	0.022	0.02666666666666667	0.024666666666666667	0.028666666666666667	0.024666666666666667	0.02	0.02	0.02266666666666667	0.025333333333333333	0.022	0.022	
0.009333333333333334	0.034	0.058	0.05533333333333333	0.059333333333333335	0.06333333333333334	0.02666666666666667	0.02266666666666667	0.018	0.025333333333333333	0.02	0.008666666666666666	0.009333333333333334	0.007333333333333333	0.01	0.013333333333333334	0.007333333333333333	0.012	0.006666666666666667	0.012	0.010666666666666666	0.007333333333333333	0.01	0.01	0.010666666666666666	0.009333333333333334	0.007333333333333333	0.013333333333333334	0.026	0.02266666666666667	0.02266666666666667	0.023333333333333334	0.03333333333333333	0.04	0.038	0.04	0.036	0.030666666666666665	0.038	0.03866666666666667	0.034	0.042	0.042	0.04133333333333333	0.030666666666666665	0.025333333333333333	0.014666666666666666	0.02	0.014666666666666666	0.015333333333333332	0.010666666666666666	0.016	0.020666666666666667	0.016666666666666666	0.014	0.014	0.010666666666666666	0.013333333333333334	0.016666666666666666	0.019333333333333334	0.014666666666666666	0.011333333333333334	0.016	0.013333333333333334	0.015333333333333332	0.017333333333333333	0.01	0.010666666666666666	0.012	0.016666666666666666	0.017333333333333333	0.014	0.012666666666666666	0.016	0.015333333333333332	0.011333333333333334	0.012	0.01	0.014	0.008	0.016	0.02	0.026	0.019333333333333334	0.017333333333333333	0.03	0.02266666666666667	0.025333333333333333	0.025333333333333333	0.022	0.017333333333333333	0.018	0.021333333333333333	0.022	0.019333333333333334	0.016666666666666666	0.02666666666666667	0.02266666666666667	0.016	
0.008	0.03	0.06466666666666666	0.07533333333333334	0.062	0.059333333333333335	0.03133333333333333	0.028	0.014666666666666666	0.018666666666666668	0.014666666666666666	0.006	0.006	0.006666666666666667	0.0026666666666666666	0.008666666666666666	0.01	0.010666666666666666	0.008	0.008	0.009333333333333334	0.009333333333333334	0.007333333333333333	0.007333333333333333	0.005333333333333333	0.006	0.010666666666666666	0.012666666666666666	0.02666666666666667	0.019333333333333334	0.027333333333333334	0.03133333333333333	0.04133333333333333	0.04066666666666666	0.03333333333333333	0.03133333333333333	0.03866666666666667	0.03	0.036	0.034666666666666665	0.036	0.03	0.03266666666666666	0.035333333333333335	0.03333333333333333	0.022	0.016666666666666666	0.013333333333333334	0.015333333333333332	0.013333333333333334	0.018	0.018	0.021333333333333333	0.010666666666666666	0.019333333333333334	0.012	0.012	0.014666666666666666	0.014	0.02266666666666667	0.01	0.014666666666666666	0.02	0.014	0.016	0.013333333333333334	0.012	0.014666666666666666	0.011333333333333334	0.012	0.016	0.013333333333333334	0.018	0.014	0.011333333333333334	0.011333333333333334	0.007333333333333333	0.014	0.008666666666666666	0.011333333333333334	0.018666666666666668	0.027333333333333334	0.017333333333333333	0.018666666666666668	0.014666666666666666	0.025333333333333333	0.02666666666666667	0.029333333333333333	0.02266666666666667	0.018	0.030666666666666665	0.019333333333333334	0.017333333333333333	0.02266666666666667	0.024666666666666667	0.02266666666666667	0.023333333333333334	0.020666666666666667	0.02	
0.012666666666666666	0.04466666666666667	0.054	0.064	0.059333333333333335	0.05733333333333333	0.03266666666666666	0.015333333333333332	0.023333333333333334	0.012666666666666666	0.014	0.011333333333333334	0.008	0.006666666666666667	0.008	0.012666666666666666	0.009333333333333334	0.008	0.009333333333333334	0.007333333333333333	0.004	0.005333333333333333	0.008	0.006	0.008	0.007333333333333333	0.008666666666666666	0.016	0.02266666666666667	0.019333333333333334	0.021333333333333333	0.026	0.037333333333333336	0.035333333333333335	0.028666666666666667	0.037333333333333336	0.036	0.03133333333333333	0.037333333333333336	0.030666666666666665	0.030666666666666665	0.035333333333333335	0.034	0.034	0.026	0.02266666666666667	0.016666666666666666	0.016666666666666666	0.018	0.019333333333333334	0.012666666666666666	0.014	0.015333333333333332	0.020666666666666667	0.014666666666666666	0.012	0.014666666666666666	0.013333333333333334	0.018666666666666668	0.01	0.014666666666666666	0.018	0.014666666666666666	0.016666666666666666	0.012666666666666666	0.014	0.015333333333333332	0.012666666666666666	0.011333333333333334	0.016	0.019333333333333334	0.017333333333333333	0.012666666666666666	0.013333333333333334	0.021333333333333333	0.012666666666666666	0.016666666666666666	0.011333333333333334	0.012	0.014	0.014	0.014666666666666666	0.026	0.020666666666666667	0.017333333333333333	0.03266666666666666	0.034	0.024	0.024	0.028	0.023333333333333334	0.018	0.023333333333333334	0.022	0.025333333333333333	0.02666666666666667	0.021333333333333333	0.021333333333333333	0.026	
0.008	0.037333333333333336	0.04733333333333333	0.066	0.054	0.05333333333333334	0.034666666666666665	0.022	0.018666666666666668	0.022	0.016666666666666666	0.008666666666666666	0.008666666666666666	0.010666666666666666	0.01	0.007333333333333333	0.008666666666666666	0.007333333333333333	0.006	0.008666666666666666	0.006666666666666667	0.01	0.008	0.01	0.006	0.008	0.007333333333333333	0.016	0.020666666666666667	0.024	0.024666666666666667	0.02266666666666667	0.035333333333333335	0.035333333333333335	0.027333333333333334	0.03266666666666666	0.03	0.027333333333333334	0.037333333333333336	0.028666666666666667	0.03333333333333333	0.026	0.023333333333333334	0.030666666666666665	0.035333333333333335	0.014	0.010666666666666666	0.014666666666666666	0.016666666666666666	0.014666666666666666	0.019333333333333334	0.014	0.016	0.009333333333333334	0.018666666666666668	0.011333333333333334	0.012	0.010666666666666666	0.018	0.015333333333333332	0.015333333333333332	0.012	0.010666666666666666	0.010666666666666666	0.016666666666666666	0.011333333333333334	0.020666666666666667	0.012666666666666666	0.012	0.01	0.016	0.014666666666666666	0.011333333333333334	0.018	0.012666666666666666	0.014666666666666666	0.01	0.010666666666666666	0.008	0.014	0.018666666666666668	0.016	0.019333333333333334	0.018	0.024666666666666667	0.013333333333333334	0.02	0.019333333333333334	0.02	0.026	0.028666666666666667	0.021333333333333333	0.034666666666666665	0.024	0.017333333333333333	0.02	0.027333333333333334	0.019333333333333334	0.027333333333333334	
0.010666666666666666	0.03333333333333333	0.050666666666666665	0.056666666666666664	0.056666666666666664	0.056666666666666664	0.028	0.023333333333333334	0.02266666666666667	0.016	0.019333333333333334	0.01	0.008666666666666666	0.005333333333333333	0.01	0.010666666666666666	0.007333333333333333	0.0026666666666666666	0.008666666666666666	0.006	0.010666666666666666	0.006	0.006666666666666667	0.004	0.007333333333333333	0.008	0.006	0.018	0.019333333333333334	0.018666666666666668	0.023333333333333334	0.025333333333333333	0.030666666666666665	0.028	0.028	0.032	0.034	0.04133333333333333	0.03666666666666667	0.03666666666666667	0.027333333333333334	0.027333333333333334	0.037333333333333336	0.024666666666666667	0.034	0.022	0.016	0.020666666666666667	0.009333333333333334	0.014666666666666666	0.014666666666666666	0.014666666666666666	0.018	0.012	0.015333333333333332	0.013333333333333334	0.012	0.014	0.01	0.012666666666666666	0.015333333333333332	0.013333333333333334	0.016	0.013333333333333334	0.014666666666666666	0.014	0.016666666666666666	0.011333333333333334	0.017333333333333333	0.011333333333333334	0.011333333333333334	0.016	0.012666666666666666	0.014666666666666666	0.008666666666666666	0.006	0.014	0.010666666666666666	0.006	0.008666666666666666	0.014666666666666666	0.024666666666666667	0.023333333333333334	0.012666666666666666	0.016666666666666666	0.03266666666666666	0.030666666666666665	0.020666666666666667	0.026	0.024	0.026	0.024666666666666667	0.028	0.019333333333333334	0.020666666666666667	0.02666666666666667	0.019333333333333334	0.021333333333333333	0.022	
0.007333333333333333	0.03	0.048666666666666664	0.059333333333333335	0.06	0.04466666666666667	0.03266666666666666	0.016666666666666666	0.021333333333333333	0.022	0.013333333333333334	0.007333333333333333	0.010666666666666666	0.008666666666666666	0.015333333333333332	0.009333333333333334	0.01	0.007333333333333333	0.015333333333333332	0.008666666666666666	0.006	0.006	0.007333333333333333	0.006	0.007333333333333333	0.009333333333333334	0.009333333333333334	0.006666666666666667	0.023333333333333334	0.024666666666666667	0.025333333333333333	0.02	0.029333333333333333	0.024	0.035333333333333335	0.03266666666666666	0.03133333333333333	0.037333333333333336	0.03866666666666667	0.03	0.028	0.037333333333333336	0.029333333333333333	0.034	0.036	0.015333333333333332	0.012666666666666666	0.017333333333333333	0.012666666666666666	0.020666666666666667	0.014	0.012666666666666666	0.010666666666666666	0.013333333333333334	0.014	0.017333333333333333	0.014666666666666666	0.013333333333333334	0.015333333333333332	0.016	0.018	0.015333333333333332	0.014	0.008	0.019333333333333334	0.014	0.015333333333333332	0.008666666666666666	0.018	0.016666666666666666	0.010666666666666666	0.014	0.010666666666666666	0.007333333333333333	0.010666666666666666	0.013333333333333334	0.007333333333333333	0.010666666666666666	0.008666666666666666	0.010666666666666666	0.01	0.016	0.021333333333333333	0.014	0.024666666666666667	0.02266666666666667	0.022	0.027333333333333334	0.016666666666666666	0.015333333333333332	0.018666666666666668	0.020666666666666667	0.02266666666666667	0.021333333333333333	0.029333333333333333	0.020666666666666667	0.017333333333333333	0.024	0.018	
0.014666666666666666	0.032	0.048666666666666664	0.04933333333333333	0.05	0.04533333333333334	0.034666666666666665	0.018666666666666668	0.012666666666666666	0.02	0.016	0.009333333333333334	0.007333333333333333	0.008666666666666666	0.005333333333333333	0.004	0.008	0.006	0.006666666666666667	0.006666666666666667	0.007333333333333333	0.007333333333333333	0.008	0.004666666666666667	0.010666666666666666	0.004666666666666667	0.006666666666666667	0.009333333333333334	0.02666666666666667	0.024666666666666667	0.020666666666666667	0.020666666666666667	0.03666666666666667	0.03133333333333333	0.03266666666666666	0.030666666666666665	0.02666666666666667	0.032	0.036	0.034666666666666665	0.032	0.029333333333333333	0.028666666666666667	0.022	0.030666666666666665	0.019333333333333334	0.014666666666666666	0.016666666666666666	0.019333333333333334	0.010666666666666666	0.016666666666666666	0.015333333333333332	0.017333333333333333	0.018	0.009333333333333334	0.013333333333333334	0.013333333333333334	0.019333333333333334	0.019333333333333334	0.016	0.017333333333333333	0.012	0.011333333333333334	0.013333333333333334	0.015333333333333332	0.012666666666666666	0.012	0.015333333333333332	0.015333333333333332	0.013333333333333334	0.008	0.018666666666666668	0.015333333333333332	0.008666666666666666	0.011333333333333334	0.007333333333333333	0.011333333333333334	0.011333333333333334	0.006666666666666667	0.006	0.010666666666666666	0.015333333333333332	0.011333333333333334	0.015333333333333332	0.018	0.014666666666666666	0.016	0.032	0.015333333333333332	0.02	0.026	0.017333333333333333	0.027333333333333334	0.020666666666666667	0.024	0.02666666666666667	0.018	0.019333333333333334	0.012666666666666666	
0.012	0.024	0.058	0.037333333333333336	0.05466666666666667	0.04533333333333334	0.032	0.02	0.017333333333333333	0.018666666666666668	0.010666666666666666	0.008	0.006	0.011333333333333334	0.006666666666666667	0.007333333333333333	0.005333333333333333	0.006	0.006	0.008666666666666666	0.011333333333333334	0.007333333333333333	0.006666666666666667	0.008	0.007333333333333333	0.008666666666666666	0.007333333333333333	0.01	0.02	0.02266666666666667	0.016	0.02266666666666667	0.029333333333333333	0.04	0.034666666666666665	0.038	0.035333333333333335	0.034	0.03333333333333333	0.036	0.027333333333333334	0.030666666666666665	0.028	0.03	0.030666666666666665	0.02	0.014666666666666666	0.013333333333333334	0.018	0.012	0.014	0.016666666666666666	0.010666666666666666	0.017333333333333333	0.015333333333333332	0.015333333333333332	0.014	0.021333333333333333	0.014	0.012	0.010666666666666666	0.017333333333333333	0.014	0.018	0.014666666666666666	0.009333333333333334	0.01	0.011333333333333334	0.011333333333333334	0.011333333333333334	0.008	0.012666666666666666	0.012666666666666666	0.013333333333333334	0.02	0.01	0.008666666666666666	0.014	0.006	0.014	0.012666666666666666	0.021333333333333333	0.021333333333333333	0.018666666666666668	0.024666666666666667	0.014	0.025333333333333333	0.022	0.026	0.014666666666666666	0.021333333333333333	0.025333333333333333	0.021333333333333333	0.016666666666666666	0.018666666666666668	0.02266666666666667	0.020666666666666667	0.019333333333333334	0.02	
0.007333333333333333	0.03266666666666666	0.052	0.058	0.05266666666666667	0.04	0.035333333333333335	0.028666666666666667	0.015333333333333332	0.015333333333333332	0.007333333333333333	0.004666666666666667	0.008666666666666666	0.005333333333333333	0.006	0.007333333333333333	0.008666666666666666	0.005333333333333333	0.005333333333333333	0.010666666666666666	0.009333333333333334	0.009333333333333334	0.01	0.007333333333333333	0.008666666666666666	0.008666666666666666	0.011333333333333334	0.015333333333333332	0.021333333333333333	0.018	0.018	0.022	0.036	0.03133333333333333	0.029333333333333333	0.04	0.024	0.02666666666666667	0.035333333333333335	0.028	0.03333333333333333	0.027333333333333334	0.03333333333333333	0.028	0.026	0.016	0.01	0.014666666666666666	0.015333333333333332	0.014666666666666666	0.01	0.022	0.014	0.018666666666666668	0.014	0.012	0.016	0.014666666666666666	0.014666666666666666	0.013333333333333334	0.012	0.010666666666666666	0.014	0.014666666666666666	0.014666666666666666	0.011333333333333334	0.014666666666666666	0.014666666666666666	0.012	0.012	0.014	0.011333333333333334	0.012	0.014	0.011333333333333334	0.008	0.004666666666666667	0.004666666666666667	0.009333333333333334	0.008	0.012666666666666666	0.012	0.016666666666666666	0.019333333333333334	0.02	0.024	0.014	0.028	0.02266666666666667	0.02	0.022	0.02	0.022	0.02	0.02	0.02266666666666667	0.02	0.018666666666666668	0.017333333333333333	
0.013333333333333334	0.028666666666666667	0.048666666666666664	0.06466666666666666	0.04933333333333333	0.04733333333333333	0.029333333333333333	0.023333333333333334	0.016	0.015333333333333332	0.01	0.006	0.005333333333333333	0.005333333333333333	0.008666666666666666	0.004	0.008	0.008	0.007333333333333333	0.009333333333333334	0.007333333333333333	0.006	0.01	0.008666666666666666	0.01	0.007333333333333333	0.007333333333333333	0.01	0.023333333333333334	0.021333333333333333	0.023333333333333334	0.028	0.026	0.034666666666666665	0.038	0.027333333333333334	0.02666666666666667	0.036	0.028	0.035333333333333335	0.025333333333333333	0.03266666666666666	0.03666666666666667	0.023333333333333334	0.032	0.015333333333333332	0.011333333333333334	0.015333333333333332	0.016	0.014	0.014666666666666666	0.018	0.014	0.016666666666666666	0.021333333333333333	0.015333333333333332	0.016666666666666666	0.007333333333333333	0.013333333333333334	0.020666666666666667	0.013333333333333334	0.012666666666666666	0.010666666666666666	0.01	0.006	0.008666666666666666	0.014	0.008666666666666666	0.009333333333333334	0.009333333333333334	0.008	0.009333333333333334	0.010666666666666666	0.012666666666666666	0.02	0.017333333333333333	0.006666666666666667	0.01	0.007333333333333333	0.008	0.012666666666666666	0.017333333333333333	0.014666666666666666	0.016666666666666666	0.014	0.019333333333333334	0.02	0.018	0.022	0.028	0.021333333333333333	0.02266666666666667	0.017333333333333333	0.02266666666666667	0.018	0.018	0.013333333333333334	0.023333333333333334	0.016	
0.007333333333333333	0.030666666666666665	0.04133333333333333	0.04533333333333334	0.05266666666666667	0.042666666666666665	0.024666666666666667	0.019333333333333334	0.018666666666666668	0.016	0.012666666666666666	0.006666666666666667	0.007333333333333333	0.009333333333333334	0.004666666666666667	0.006	0.008666666666666666	0.01	0.008	0.004666666666666667	0.008	0.011333333333333334	0.009333333333333334	0.009333333333333334	0.006666666666666667	0.008	0.004666666666666667	0.012	0.018666666666666668	0.02	0.02266666666666667	0.021333333333333333	0.022	0.027333333333333334	0.03333333333333333	0.03666666666666667	0.028	0.028666666666666667	0.03333333333333333	0.03333333333333333	0.030666666666666665	0.030666666666666665	0.032	0.03266666666666666	0.025333333333333333	0.02666666666666667	0.012	0.012666666666666666	0.009333333333333334	0.01	0.01	0.013333333333333334	0.015333333333333332	0.016	0.012666666666666666	0.014	0.013333333333333334	0.011333333333333334	0.012666666666666666	0.014666666666666666	0.018666666666666668	0.015333333333333332	0.01	0.017333333333333333	0.016666666666666666	0.01	0.01	0.008	0.021333333333333333	0.008666666666666666	0.016666666666666666	0.014	0.013333333333333334	0.011333333333333334	0.012666666666666666	0.012	0.010666666666666666	0.006666666666666667	0.011333333333333334	0.015333333333333332	0.018	0.016666666666666666	0.013333333333333334	0.012666666666666666	0.018666666666666668	0.016	0.021333333333333333	0.021333333333333333	0.015333333333333332	0.018666666666666668	0.02666666666666667	0.017333333333333333	0.026	0.022	0.014	0.019333333333333334	0.014666666666666666	0.016666666666666666	0.018666666666666668	
0.007333333333333333	0.035333333333333335	0.052	0.05333333333333334	0.048	0.048	0.028	0.017333333333333333	0.015333333333333332	0.017333333333333333	0.016666666666666666	0.006666666666666667	0.006666666666666667	0.006666666666666667	0.004666666666666667	0.007333333333333333	0.004666666666666667	0.005333333333333333	0.004666666666666667	0.004	0.007333333333333333	0.008666666666666666	0.009333333333333334	0.006666666666666667	0.006	0.010666666666666666	0.008666666666666666	0.007333333333333333	0.02666666666666667	0.023333333333333334	0.021333333333333333	0.021333333333333333	0.028	0.037333333333333336	0.028666666666666667	0.030666666666666665	0.034666666666666665	0.04066666666666666	0.032	0.03266666666666666	0.030666666666666665	0.028	0.027333333333333334	0.025333333333333333	0.024666666666666667	0.021333333333333333	0.014	0.017333333333333333	0.015333333333333332	0.014	0.014666666666666666	0.004666666666666667	0.012	0.016	0.016666666666666666	0.010666666666666666	0.014666666666666666	0.012	0.015333333333333332	0.012666666666666666	0.014666666666666666	0.013333333333333334	0.011333333333333334	0.007333333333333333	0.012666666666666666	0.012666666666666666	0.014666666666666666	0.014666666666666666	0.012	0.016666666666666666	0.01	0.015333333333333332	0.008	0.01	0.014	0.011333333333333334	0.006666666666666667	0.005333333333333333	0.004	0.009333333333333334	0.014666666666666666	0.018666666666666668	0.014	0.015333333333333332	0.014666666666666666	0.025333333333333333	0.014666666666666666	0.019333333333333334	0.022	0.02	0.017333333333333333	0.020666666666666667	0.014666666666666666	0.018	0.016	0.014666666666666666	0.024666666666666667	0.016	0.019333333333333334	
0.006666666666666667	0.024	0.04466666666666667	0.042	0.04	0.06066666666666667	0.02666666666666667	0.016666666666666666	0.02	0.014	0.017333333333333333	0.008666666666666666	0.007333333333333333	0.006666666666666667	0.006	0.005333333333333333	0.004666666666666667	0.008	0.008666666666666666	0.010666666666666666	0.008	0.004	0.005333333333333333	0.006666666666666667	0.005333333333333333	0.008	0.008	0.012	0.017333333333333333	0.018666666666666668	0.02	0.021333333333333333	0.03	0.034666666666666665	0.02666666666666667	0.03333333333333333	0.027333333333333334	0.024666666666666667	0.028	0.02666666666666667	0.024666666666666667	0.025333333333333333	0.029333333333333333	0.038	0.026	0.016	0.014	0.011333333333333334	0.012	0.017333333333333333	0.016	0.017333333333333333	0.007333333333333333	0.011333333333333334	0.014	0.012666666666666666	0.016	0.012666666666666666	0.010666666666666666	0.008666666666666666	0.017333333333333333	0.008666666666666666	0.009333333333333334	0.014666666666666666	0.011333333333333334	0.009333333333333334	0.008666666666666666	0.014	0.008666666666666666	0.012666666666666666	0.010666666666666666	0.009333333333333334	0.016	0.006	0.014	0.008	0.011333333333333334	0.01	0.005333333333333333	0.012	0.015333333333333332	0.02	0.014	0.022	0.02	0.016666666666666666	0.016	0.018	0.018	0.020666666666666667	0.018666666666666668	0.014666666666666666	0.016	0.016	0.026	0.014	0.020666666666666667	0.018666666666666668	0.023333333333333334	
