0.01	0.5149494949494949	1.0198989898989899	1.5248484848484847	2.0297979797979795	2.5347474747474745	3.039696969696969	3.544646464646464	4.049595959595959	4.554545454545454	5.059494949494949	5.564444444444444	6.0693939393939385	6.574343434343434	7.0792929292929285	7.584242424242424	8.089191919191919	8.594141414141413	9.099090909090908	9.604040404040404	10.108989898989899	10.613939393939393	11.118888888888888	11.623838383838383	12.128787878787877	12.633737373737373	13.138686868686868	13.643636363636363	14.148585858585857	14.653535353535352	15.158484848484848	15.663434343434343	16.16838383838384	16.673333333333336	17.17828282828283	17.683232323232325	18.188181818181818	18.693131313131314	19.19808080808081	19.703030303030303	20.2079797979798	20.712929292929292	21.21787878787879	21.722828282828285	22.227777777777778	22.732727272727274	23.237676767676767	23.742626262626263	24.247575757575756	24.752525252525253	25.25747474747475	25.762424242424242	26.267373737373738	26.77232323232323	27.277272727272727	27.782222222222224	28.287171717171717	28.792121212121213	29.297070707070706	29.802020202020202	30.3069696969697	30.81191919191919	31.316868686868688	31.82181818181818	32.32676767676767	32.831717171717166	33.336666666666666	33.84161616161616	34.34656565656565	34.851515151515144	35.356464646464644	35.86141414141414	36.36636363636363	36.87131313131313	37.37626262626262	37.881212121212116	38.386161616161615	38.89111111111111	39.3960606060606	39.901010101010094	40.405959595959594	40.91090909090909	41.41585858585858	41.92080808080808	42.42575757575757	42.930707070707065	43.435656565656565	43.94060606060606	44.44555555555555	44.95050505050504	45.45545454545454	45.960404040404036	46.46535353535353	46.97030303030303	47.47525252525252	47.980202020202015	48.48515151515151	48.99010101010101	49.4950505050505	50.0	
7.790666666666667	7.755333333333334	6.97	5.812666666666667	3.798	3.494	3.206	2.6906666666666665	2.6206666666666667	2.528	2.4133333333333336	2.2653333333333334	2.04	1.724	1.7066666666666668	1.2826666666666666	0.9593333333333334	0.8446666666666667	0.8413333333333334	0.7293333333333333	0.7826666666666666	0.7666666666666667	0.7633333333333333	0.5726666666666667	0.43	0.43	0.452	0.32866666666666666	0.12333333333333334	0.112	0.12866666666666668	0.10933333333333334	0.12533333333333332	0.09866666666666667	0.118	0.10133333333333333	0.09066666666666667	0.06866666666666667	0.07733333333333334	0.082	0.058	0.050666666666666665	0.05266666666666667	0.05733333333333333	0.048	0.02666666666666667	0.015333333333333332	0.014666666666666666	0.016	0.004	0.004666666666666667	0.004	0.004	0.002	0.0013333333333333333	0.0	0.0	0.0006666666666666666	0.0006666666666666666	0.0	0.0	0.0	0.0	0.0	0.0	0.0	0.0	0.0	0.0	0.0	0.0	0.0	0.0	0.0	0.0	0.0	0.0	0.0	0.0	0.0	0.0	0.0	0.0	0.0	0.0	0.0	0.0	0.0	0.0	0.0	0.0	0.0	0.0	0.0	0.0	0.0	0.0	0.0	0.0	
7.577333333333334	7.693333333333333	6.891333333333334	5.770666666666667	3.83	3.4526666666666666	3.16	2.6706666666666665	2.675333333333333	2.496	2.3973333333333335	2.235333333333333	2.012	1.7173333333333334	1.7193333333333334	1.278	0.8873333333333333	0.9026666666666666	0.824	0.7473333333333333	0.7246666666666667	0.758	0.7	0.5293333333333333	0.4086666666666667	0.416	0.4146666666666667	0.3233333333333333	0.13533333333333333	0.10733333333333334	0.11466666666666667	0.10533333333333333	0.108	0.08866666666666667	0.09466666666666666	0.102	0.088	0.08266666666666667	0.07333333333333333	0.08666666666666667	0.07533333333333334	0.058	0.054	0.05533333333333333	0.05	0.03266666666666666	0.012666666666666666	0.008666666666666666	0.01	0.006666666666666667	0.007333333333333333	0.0026666666666666666	0.004666666666666667	0.0026666666666666666	0.002	0.0013333333333333333	0.0006666666666666666	0.0	0.0006666666666666666	0.0	0.0	0.0	0.0	0.0	0.0	0.0	0.0	0.0	0.0	0.0	0.0	0.0	0.0	0.0	0.0	0.0	0.0	0.0	0.0	0.0	0.0	0.0	0.0	0.0	0.0	0.0	0.0	0.0	0.0	0.0	0.0	0.0	0.0	0.0	0.0	0.0	0.0	0.0	0.0	
7.661333333333333	7.681333333333333	6.721333333333333	5.8566666666666665	3.719333333333333	3.3946666666666667	3.13	2.712	2.4713333333333334	2.488	2.3913333333333333	2.19	1.9773333333333334	1.6546666666666667	1.6333333333333333	1.2233333333333334	0.8426666666666667	0.8493333333333334	0.8713333333333333	0.7466666666666667	0.6993333333333334	0.6946666666666667	0.6826666666666666	0.512	0.412	0.4206666666666667	0.39466666666666667	0.296	0.142	0.108	0.10866666666666666	0.10466666666666667	0.10933333333333334	0.108	0.096	0.09533333333333334	0.08666666666666667	0.076	0.082	0.08866666666666667	0.072	0.04466666666666667	0.051333333333333335	0.03933333333333333	0.048	0.023333333333333334	0.014	0.014	0.007333333333333333	0.008	0.0013333333333333333	0.004666666666666667	0.002	0.005333333333333333	0.0	0.002	0.002	0.0013333333333333333	0.0006666666666666666	0.0	0.0	0.0	0.0	0.0	0.0	0.0	0.0	0.0	0.0	0.0	0.0	0.0	0.0	0.0	0.0	0.0	0.0	0.0	0.0	0.0	0.0	0.0	0.0	0.0	0.0	0.0	0.0	0.0	0.0	0.0	0.0	0.0	0.0	0.0	0.0	0.0	0.0	0.0	0.0	
7.662	7.470666666666666	6.812	5.724666666666667	3.7453333333333334	3.3173333333333335	3.1486666666666667	2.6633333333333336	2.604	2.462666666666667	2.324	2.166	2.006	1.7313333333333334	1.6733333333333333	1.2933333333333332	0.9073333333333333	0.8613333333333333	0.7933333333333333	0.7393333333333333	0.7093333333333334	0.7106666666666667	0.7293333333333333	0.4766666666666667	0.41533333333333333	0.41	0.4226666666666667	0.284	0.13733333333333334	0.13	0.09866666666666667	0.12466666666666666	0.104	0.07666666666666666	0.088	0.08266666666666667	0.08533333333333333	0.066	0.07866666666666666	0.08	0.058666666666666666	0.04533333333333334	0.06066666666666667	0.04466666666666667	0.04466666666666667	0.016	0.014	0.008666666666666666	0.015333333333333332	0.013333333333333334	0.004666666666666667	0.004	0.0026666666666666666	0.002	0.0006666666666666666	0.0006666666666666666	0.0	0.0006666666666666666	0.0006666666666666666	0.0	0.0	0.0	0.0	0.0	0.0	0.0	0.0	0.0	0.0	0.0	0.0	0.0	0.0	0.0	0.0	0.0	0.0	0.0	0.0	0.0	0.0	0.0	0.0	0.0	0.0	0.0	0.0	0.0	0.0	0.0	0.0	0.0	0.0	0.0	0.0	0.0	0.0	0.0	0.0	
7.4526666666666666	7.531333333333333	6.826	5.779333333333334	3.686	3.3553333333333333	3.0906666666666665	2.6246666666666667	2.5526666666666666	2.4886666666666666	2.3106666666666666	2.2266666666666666	1.9213333333333333	1.68	1.6106666666666667	1.2813333333333334	0.924	0.8546666666666667	0.7853333333333333	0.6893333333333334	0.7373333333333333	0.698	0.728	0.5233333333333333	0.3973333333333333	0.4026666666666667	0.414	0.32066666666666666	0.13066666666666665	0.11333333333333333	0.10733333333333334	0.106	0.106	0.08266666666666667	0.08266666666666667	0.09266666666666666	0.074	0.08933333333333333	0.078	0.076	0.08533333333333333	0.056	0.056666666666666664	0.04666666666666667	0.051333333333333335	0.036	0.012	0.011333333333333334	0.015333333333333332	0.006	0.0033333333333333335	0.005333333333333333	0.0033333333333333335	0.0013333333333333333	0.0006666666666666666	0.0	0.0006666666666666666	0.0006666666666666666	0.0006666666666666666	0.0	0.0	0.0	0.0	0.0	0.0	0.0	0.0	0.0	0.0	0.0	0.0	0.0	0.0	0.0	0.0	0.0	0.0	0.0	0.0	0.0	0.0	0.0	0.0	0.0	0.0	0.0	0.0	0.0	0.0	0.0	0.0	0.0	0.0	0.0	0.0	0.0	0.0	0.0	0.0	
7.6113333333333335	7.429333333333333	6.671333333333333	5.537333333333334	3.6166666666666667	3.3946666666666667	3.0486666666666666	2.632	2.52	2.388	2.3713333333333333	2.214	1.9126666666666667	1.6153333333333333	1.622	1.2326666666666666	0.894	0.8386666666666667	0.78	0.6893333333333334	0.6886666666666666	0.73	0.676	0.5106666666666667	0.426	0.41733333333333333	0.414	0.294	0.11933333333333333	0.11733333333333333	0.11066666666666666	0.10333333333333333	0.09866666666666667	0.084	0.102	0.10066666666666667	0.082	0.06733333333333333	0.06933333333333333	0.08533333333333333	0.07866666666666666	0.06	0.05533333333333333	0.04466666666666667	0.042	0.022	0.012666666666666666	0.011333333333333334	0.011333333333333334	0.005333333333333333	0.004	0.0013333333333333333	0.0033333333333333335	0.0026666666666666666	0.0013333333333333333	0.0	0.0	0.0013333333333333333	0.0	0.0	0.0	0.0	0.0	0.0	0.0	0.0	0.0	0.0	0.0	0.0	0.0	0.0	0.0	0.0	0.0	0.0	0.0	0.0	0.0	0.0	0.0	0.0	0.0	0.0	0.0	0.0	0.0	0.0	0.0	0.0	0.0	0.0	0.0	0.0	0.0	0.0	0.0	0.0	0.0	
7.336	7.411333333333333	6.54	5.538666666666667	3.602	3.34	2.9393333333333334	2.6146666666666665	2.4833333333333334	2.3686666666666665	2.276666666666667	2.1693333333333333	1.978	1.692	1.6446666666666667	1.2313333333333334	0.9246666666666666	0.8546666666666667	0.8053333333333333	0.7366666666666667	0.7266666666666667	0.7173333333333334	0.706	0.474	0.4186666666666667	0.41	0.3933333333333333	0.27666666666666667	0.126	0.10933333333333334	0.116	0.10866666666666666	0.10933333333333334	0.07933333333333334	0.1	0.084	0.07266666666666667	0.08333333333333333	0.074	0.06466666666666666	0.07	0.06266666666666666	0.058	0.06066666666666667	0.054	0.03	0.014666666666666666	0.018666666666666668	0.010666666666666666	0.004	0.004666666666666667	0.006	0.006	0.0026666666666666666	0.0013333333333333333	0.0	0.0	0.0	0.0	0.0	0.0	0.0	0.0	0.0	0.0	0.0	0.0	0.0	0.0	0.0	0.0	0.0	0.0	0.0	0.0	0.0	0.0	0.0	0.0	0.0	0.0	0.0	0.0	0.0	0.0	0.0	0.0	0.0	0.0	0.0	0.0	0.0	0.0	0.0	0.0	0.0	0.0	0.0	0.0	
7.285333333333333	7.294	6.624	5.556666666666667	3.57	3.3153333333333332	3.017333333333333	2.5873333333333335	2.498	2.4466666666666668	2.246	2.220666666666667	1.8853333333333333	1.626	1.528	1.226	0.832	0.8046666666666666	0.8106666666666666	0.73	0.7186666666666667	0.6973333333333334	0.652	0.496	0.386	0.408	0.4066666666666667	0.2653333333333333	0.124	0.10733333333333334	0.10733333333333334	0.10866666666666666	0.1	0.102	0.086	0.09933333333333333	0.092	0.06666666666666667	0.07733333333333334	0.07666666666666666	0.06933333333333333	0.059333333333333335	0.058666666666666666	0.038	0.048666666666666664	0.028666666666666667	0.014666666666666666	0.014	0.009333333333333334	0.006	0.002	0.0026666666666666666	0.005333333333333333	0.002	0.0026666666666666666	0.0006666666666666666	0.0013333333333333333	0.0006666666666666666	0.0	0.0	0.0	0.0	0.0	0.0	0.0	0.0	0.0	0.0	0.0	0.0	0.0	0.0	0.0	0.0	0.0	0.0	0.0	0.0	0.0	0.0	0.0	0.0	0.0	0.0	0.0	0.0	0.0	0.0	0.0	0.0	0.0	0.0	0.0	0.0	0.0	0.0	0.0	0.0	0.0	
7.237333333333333	7.384666666666667	6.437333333333333	5.456	3.5866666666666664	3.223333333333333	3.0493333333333332	2.5126666666666666	2.4026666666666667	2.3793333333333333	2.280666666666667	2.228	1.8866666666666667	1.5833333333333333	1.532	1.2453333333333334	0.83	0.8053333333333333	0.8126666666666666	0.6733333333333333	0.704	0.6566666666666666	0.6766666666666666	0.48933333333333334	0.406	0.4013333333333333	0.4033333333333333	0.27466666666666667	0.11733333333333333	0.106	0.11333333333333333	0.10666666666666667	0.10066666666666667	0.09333333333333334	0.106	0.09333333333333334	0.08466666666666667	0.074	0.07933333333333334	0.07466666666666667	0.058666666666666666	0.05466666666666667	0.04666666666666667	0.048666666666666664	0.04466666666666667	0.019333333333333334	0.010666666666666666	0.012	0.009333333333333334	0.006666666666666667	0.0026666666666666666	0.0013333333333333333	0.004	0.004	0.0006666666666666666	0.0013333333333333333	0.0	0.0013333333333333333	0.0006666666666666666	0.0	0.0	0.0	0.0	0.0	0.0	0.0	0.0	0.0	0.0	0.0	0.0	0.0	0.0	0.0	0.0	0.0	0.0	0.0	0.0	0.0	0.0	0.0	0.0	0.0	0.0	0.0	0.0	0.0	0.0	0.0	0.0	0.0	0.0	0.0	0.0	0.0	0.0	0.0	0.0	
7.324	7.260666666666666	6.470666666666666	5.346	3.526	3.2733333333333334	3.0233333333333334	2.542666666666667	2.445333333333333	2.3706666666666667	2.211333333333333	2.1493333333333333	1.8913333333333333	1.6033333333333333	1.5213333333333334	1.1806666666666668	0.862	0.8333333333333334	0.7606666666666667	0.7073333333333334	0.662	0.7053333333333334	0.6666666666666666	0.5173333333333333	0.346	0.404	0.394	0.2866666666666667	0.12	0.10266666666666667	0.11266666666666666	0.11733333333333333	0.08266666666666667	0.10266666666666667	0.088	0.09466666666666666	0.08	0.08	0.08266666666666667	0.062	0.07	0.058666666666666666	0.04	0.048666666666666664	0.038	0.019333333333333334	0.011333333333333334	0.011333333333333334	0.008666666666666666	0.005333333333333333	0.004666666666666667	0.0033333333333333335	0.004	0.0026666666666666666	0.0013333333333333333	0.0006666666666666666	0.0013333333333333333	0.0006666666666666666	0.0	0.0	0.0	0.0	0.0	0.0	0.0	0.0	0.0	0.0	0.0	0.0	0.0	0.0	0.0	0.0	0.0	0.0	0.0	0.0	0.0	0.0	0.0	0.0	0.0	0.0	0.0	0.0	0.0	0.0	0.0	0.0	0.0	0.0	0.0	0.0	0.0	0.0	0.0	0.0	0.0	
7.222666666666667	7.195333333333333	6.43	5.424	3.47	3.258	2.9346666666666668	2.516	2.416	2.3706666666666667	2.2693333333333334	2.136	1.844	1.5906666666666667	1.5613333333333332	1.1653333333333333	0.846	0.804	0.7673333333333333	0.6986666666666667	0.6873333333333334	0.6506666666666666	0.6333333333333333	0.5086666666666667	0.36733333333333335	0.38466666666666666	0.36866666666666664	0.2806666666666667	0.12	0.12466666666666666	0.11066666666666666	0.122	0.08466666666666667	0.098	0.096	0.10533333333333333	0.08933333333333333	0.07	0.07733333333333334	0.068	0.06333333333333334	0.05333333333333334	0.048666666666666664	0.04933333333333333	0.04933333333333333	0.026	0.005333333333333333	0.010666666666666666	0.010666666666666666	0.009333333333333334	0.0026666666666666666	0.0033333333333333335	0.0033333333333333335	0.0033333333333333335	0.0013333333333333333	0.0	0.0	0.0006666666666666666	0.0	0.0	0.0	0.0	0.0	0.0	0.0	0.0	0.0	0.0	0.0	0.0	0.0	0.0	0.0	0.0	0.0	0.0	0.0	0.0	0.0	0.0	0.0	0.0	0.0	0.0	0.0	0.0	0.0	0.0	0.0	0.0	0.0	0.0	0.0	0.0	0.0	0.0	0.0	0.0	0.0	
7.165333333333334	7.128666666666667	6.332666666666666	5.307333333333333	3.506666666666667	3.2173333333333334	2.864	2.4966666666666666	2.3733333333333335	2.3546666666666667	2.1553333333333335	2.0993333333333335	1.7966666666666666	1.6013333333333333	1.4933333333333334	1.188	0.836	0.8033333333333333	0.7726666666666666	0.672	0.6553333333333333	0.676	0.6633333333333333	0.4713333333333333	0.38466666666666666	0.3606666666666667	0.36866666666666664	0.274	0.112	0.11333333333333333	0.11733333333333333	0.11	0.09266666666666666	0.11733333333333333	0.09	0.106	0.088	0.08	0.06933333333333333	0.08	0.05466666666666667	0.048	0.05333333333333334	0.05533333333333333	0.056	0.030666666666666665	0.016666666666666666	0.009333333333333334	0.008	0.008666666666666666	0.004	0.0033333333333333335	0.0006666666666666666	0.0026666666666666666	0.0026666666666666666	0.0006666666666666666	0.0006666666666666666	0.0013333333333333333	0.0	0.0	0.0	0.0	0.0	0.0	0.0	0.0	0.0	0.0	0.0	0.0	0.0	0.0	0.0	0.0	0.0	0.0	0.0	0.0	0.0	0.0	0.0	0.0	0.0	0.0	0.0	0.0	0.0	0.0	0.0	0.0	0.0	0.0	0.0	0.0	0.0	0.0	0.0	0.0	0.0	
7.134666666666667	7.1786666666666665	6.258666666666667	5.264	3.5073333333333334	3.1566666666666667	2.934	2.3893333333333335	2.3826666666666667	2.35	2.172	2.1266666666666665	1.846	1.568	1.5426666666666666	1.2206666666666666	0.8353333333333334	0.8133333333333334	0.7506666666666667	0.6673333333333333	0.6873333333333334	0.7053333333333334	0.6726666666666666	0.466	0.38	0.378	0.3626666666666667	0.2886666666666667	0.11933333333333333	0.10666666666666667	0.11333333333333333	0.1	0.08666666666666667	0.09333333333333334	0.08533333333333333	0.09133333333333334	0.07733333333333334	0.07466666666666667	0.07533333333333334	0.06466666666666666	0.078	0.05333333333333334	0.04	0.05733333333333333	0.05266666666666667	0.024	0.013333333333333334	0.010666666666666666	0.016	0.008666666666666666	0.0033333333333333335	0.0026666666666666666	0.004	0.004666666666666667	0.0006666666666666666	0.0	0.0013333333333333333	0.0	0.0	0.0	0.0	0.0	0.0	0.0	0.0	0.0	0.0	0.0	0.0	0.0	0.0	0.0	0.0	0.0	0.0	0.0	0.0	0.0	0.0	0.0	0.0	0.0	0.0	0.0	0.0	0.0	0.0	0.0	0.0	0.0	0.0	0.0	0.0	0.0	0.0	0.0	0.0	0.0	0.0	
7.092	7.128	6.223333333333334	5.273333333333333	3.550666666666667	3.2306666666666666	2.832666666666667	2.4966666666666666	2.3226666666666667	2.296666666666667	2.134	2.1	1.822	1.5566666666666666	1.4906666666666666	1.1993333333333334	0.832	0.816	0.7313333333333333	0.656	0.6513333333333333	0.6653333333333333	0.672	0.454	0.4026666666666667	0.4013333333333333	0.4026666666666667	0.2806666666666667	0.12666666666666668	0.10866666666666666	0.10733333333333334	0.10666666666666667	0.1	0.09866666666666667	0.09533333333333334	0.092	0.07866666666666666	0.07733333333333334	0.078	0.06266666666666666	0.05733333333333333	0.048	0.042666666666666665	0.054	0.048	0.024666666666666667	0.013333333333333334	0.016	0.008	0.01	0.0013333333333333333	0.0033333333333333335	0.0013333333333333333	0.0026666666666666666	0.0013333333333333333	0.0013333333333333333	0.0	0.0013333333333333333	0.0	0.0	0.0	0.0	0.0	0.0	0.0	0.0	0.0	0.0	0.0	0.0	0.0	0.0	0.0	0.0	0.0	0.0	0.0	0.0	0.0	0.0	0.0	0.0	0.0	0.0	0.0	0.0	0.0	0.0	0.0	0.0	0.0	0.0	0.0	0.0	0.0	0.0	0.0	0.0	0.0	
6.956666666666667	7.04	6.185333333333333	5.169333333333333	3.4186666666666667	3.0393333333333334	2.892	2.517333333333333	2.324	2.256666666666667	2.13	2.1506666666666665	1.7953333333333332	1.552	1.53	1.1286666666666667	0.8053333333333333	0.8133333333333334	0.7326666666666667	0.6753333333333333	0.6446666666666667	0.6673333333333333	0.646	0.4673333333333333	0.378	0.37266666666666665	0.37133333333333335	0.284	0.10266666666666667	0.10666666666666667	0.11133333333333334	0.102	0.08666666666666667	0.09466666666666666	0.106	0.1	0.078	0.074	0.08133333333333333	0.06266666666666666	0.05733333333333333	0.05	0.05733333333333333	0.050666666666666665	0.04666666666666667	0.021333333333333333	0.008666666666666666	0.012	0.01	0.006666666666666667	0.002	0.0026666666666666666	0.002	0.0033333333333333335	0.0013333333333333333	0.0	0.0006666666666666666	0.0	0.0006666666666666666	0.0	0.0	0.0	0.0	0.0	0.0	0.0	0.0	0.0	0.0	0.0	0.0	0.0	0.0	0.0	0.0	0.0	0.0	0.0	0.0	0.0	0.0	0.0	0.0	0.0	0.0	0.0	0.0	0.0	0.0	0.0	0.0	0.0	0.0	0.0	0.0	0.0	0.0	0.0	0.0	
7.048666666666667	6.884	6.099333333333333	5.248	3.445333333333333	3.0986666666666665	2.814	2.406	2.312666666666667	2.268	2.066	2.001333333333333	1.8826666666666667	1.482	1.4806666666666666	1.156	0.8	0.8013333333333333	0.7753333333333333	0.676	0.6313333333333333	0.6633333333333333	0.63	0.462	0.38	0.37466666666666665	0.37266666666666665	0.28933333333333333	0.10533333333333333	0.108	0.102	0.116	0.08666666666666667	0.08866666666666667	0.09	0.08333333333333333	0.074	0.06933333333333333	0.078	0.06933333333333333	0.066	0.050666666666666665	0.04066666666666666	0.05266666666666667	0.042	0.026	0.007333333333333333	0.009333333333333334	0.009333333333333334	0.005333333333333333	0.0033333333333333335	0.002	0.0026666666666666666	0.0026666666666666666	0.0	0.0006666666666666666	0.0013333333333333333	0.0	0.0	0.0	0.0	0.0	0.0	0.0	0.0	0.0	0.0	0.0	0.0	0.0	0.0	0.0	0.0	0.0	0.0	0.0	0.0	0.0	0.0	0.0	0.0	0.0	0.0	0.0	0.0	0.0	0.0	0.0	0.0	0.0	0.0	0.0	0.0	0.0	0.0	0.0	0.0	0.0	0.0	
6.949333333333334	6.876	6.182	5.043333333333333	3.3333333333333335	3.068	2.888	2.4353333333333333	2.398	2.1666666666666665	2.0673333333333335	2.0653333333333332	1.8273333333333333	1.492	1.4406666666666668	1.2126666666666666	0.8426666666666667	0.7606666666666667	0.7193333333333334	0.6606666666666666	0.6573333333333333	0.6693333333333333	0.6213333333333333	0.44733333333333336	0.37733333333333335	0.37733333333333335	0.38133333333333336	0.26666666666666666	0.12266666666666666	0.10466666666666667	0.11866666666666667	0.08866666666666667	0.084	0.082	0.08866666666666667	0.092	0.082	0.07666666666666666	0.06933333333333333	0.07733333333333334	0.06933333333333333	0.048	0.056666666666666664	0.056666666666666664	0.043333333333333335	0.021333333333333333	0.012	0.006	0.012666666666666666	0.012	0.0013333333333333333	0.0026666666666666666	0.0026666666666666666	0.0006666666666666666	0.0013333333333333333	0.0	0.0006666666666666666	0.0	0.0	0.0	0.0	0.0	0.0	0.0	0.0	0.0	0.0	0.0	0.0	0.0	0.0	0.0	0.0	0.0	0.0	0.0	0.0	0.0	0.0	0.0	0.0	0.0	0.0	0.0	0.0	0.0	0.0	0.0	0.0	0.0	0.0	0.0	0.0	0.0	0.0	0.0	0.0	0.0	0.0	
6.926	6.915333333333334	6.052	5.232	3.3446666666666665	3.0446666666666666	2.8026666666666666	2.3486666666666665	2.2733333333333334	2.2533333333333334	2.1393333333333335	2.0646666666666667	1.7413333333333334	1.5046666666666666	1.492	1.1853333333333333	0.8253333333333334	0.772	0.74	0.6846666666666666	0.6766666666666666	0.6306666666666667	0.6533333333333333	0.4493333333333333	0.36533333333333334	0.37066666666666664	0.3546666666666667	0.276	0.11533333333333333	0.11133333333333334	0.11666666666666667	0.096	0.09466666666666666	0.084	0.07866666666666666	0.076	0.076	0.07066666666666667	0.07466666666666667	0.07266666666666667	0.06466666666666666	0.048666666666666664	0.043333333333333335	0.048	0.030666666666666665	0.027333333333333334	0.014666666666666666	0.008666666666666666	0.009333333333333334	0.006666666666666667	0.0026666666666666666	0.0033333333333333335	0.0006666666666666666	0.0013333333333333333	0.0	0.0006666666666666666	0.0013333333333333333	0.0	0.0	0.0	0.0	0.0	0.0	0.0	0.0	0.0	0.0	0.0	0.0	0.0	0.0	0.0	0.0	0.0	0.0	0.0	0.0	0.0	0.0	0.0	0.0	0.0	0.0	0.0	0.0	0.0	0.0	0.0	0.0	0.0	0.0	0.0	0.0	0.0	0.0	0.0	0.0	0.0	0.0	
6.908666666666667	6.766666666666667	6.162	5.226666666666667	3.2826666666666666	3.0906666666666665	2.800666666666667	2.3853333333333335	2.374	2.2306666666666666	2.0846666666666667	2.018	1.6966666666666668	1.5186666666666666	1.4433333333333334	1.1033333333333333	0.8233333333333334	0.7473333333333333	0.7606666666666667	0.6666666666666666	0.6213333333333333	0.6473333333333333	0.634	0.45	0.39666666666666667	0.372	0.37266666666666665	0.2613333333333333	0.11933333333333333	0.098	0.09533333333333334	0.098	0.09266666666666666	0.084	0.08666666666666667	0.08866666666666667	0.07866666666666666	0.07133333333333333	0.084	0.088	0.056	0.048666666666666664	0.035333333333333335	0.056666666666666664	0.05	0.018	0.006666666666666667	0.013333333333333334	0.011333333333333334	0.006	0.004666666666666667	0.0033333333333333335	0.0006666666666666666	0.0033333333333333335	0.0013333333333333333	0.0013333333333333333	0.0	0.0	0.0	0.0	0.0	0.0	0.0	0.0	0.0	0.0	0.0	0.0	0.0	0.0	0.0	0.0	0.0	0.0	0.0	0.0	0.0	0.0	0.0	0.0	0.0	0.0	0.0	0.0	0.0	0.0	0.0	0.0	0.0	0.0	0.0	0.0	0.0	0.0	0.0	0.0	0.0	0.0	0.0	
6.846	6.710666666666667	5.980666666666667	5.061333333333334	3.348	3.058	2.731333333333333	2.358	2.264	2.1633333333333336	2.076	1.9926666666666666	1.72	1.476	1.442	1.1093333333333333	0.804	0.744	0.7473333333333333	0.6126666666666667	0.6453333333333333	0.6626666666666666	0.6173333333333333	0.48533333333333334	0.37933333333333336	0.39	0.324	0.262	0.11666666666666667	0.10533333333333333	0.10066666666666667	0.10666666666666667	0.08066666666666666	0.08466666666666667	0.08933333333333333	0.08733333333333333	0.078	0.06733333333333333	0.064	0.06933333333333333	0.062	0.04666666666666667	0.05733333333333333	0.05266666666666667	0.048	0.025333333333333333	0.011333333333333334	0.009333333333333334	0.008	0.004666666666666667	0.0026666666666666666	0.0013333333333333333	0.004666666666666667	0.002	0.0	0.0006666666666666666	0.0006666666666666666	0.0	0.0	0.0	0.0	0.0	0.0	0.0	0.0	0.0	0.0	0.0	0.0	0.0	0.0	0.0	0.0	0.0	0.0	0.0	0.0	0.0	0.0	0.0	0.0	0.0	0.0	0.0	0.0	0.0	0.0	0.0	0.0	0.0	0.0	0.0	0.0	0.0	0.0	0.0	0.0	0.0	0.0	
6.787333333333334	6.658	5.975333333333333	5.120666666666667	3.328666666666667	3.0566666666666666	2.755333333333333	2.3693333333333335	2.2346666666666666	2.15	2.0406666666666666	1.9226666666666667	1.71	1.5093333333333334	1.458	1.1193333333333333	0.7786666666666666	0.7653333333333333	0.7553333333333333	0.61	0.6353333333333333	0.63	0.6153333333333333	0.424	0.37266666666666665	0.35	0.34	0.24333333333333335	0.10133333333333333	0.08866666666666667	0.11133333333333334	0.09866666666666667	0.08133333333333333	0.08466666666666667	0.08533333333333333	0.084	0.08733333333333333	0.07	0.07333333333333333	0.07666666666666666	0.076	0.05733333333333333	0.048666666666666664	0.051333333333333335	0.04133333333333333	0.024666666666666667	0.008	0.01	0.011333333333333334	0.004666666666666667	0.004	0.0026666666666666666	0.0013333333333333333	0.004	0.0	0.0	0.0	0.0	0.0	0.0	0.0	0.0	0.0	0.0	0.0	0.0	0.0	0.0	0.0	0.0	0.0	0.0	0.0	0.0	0.0	0.0	0.0	0.0	0.0	0.0	0.0	0.0	0.0	0.0	0.0	0.0	0.0	0.0	0.0	0.0	0.0	0.0	0.0	0.0	0.0	0.0	0.0	0.0	0.0	
6.54	6.636	5.838666666666667	4.969333333333333	3.1906666666666665	3.0406666666666666	2.6893333333333334	2.35	2.256666666666667	2.1593333333333335	1.9986666666666666	1.9786666666666666	1.6813333333333333	1.4526666666666668	1.402	1.1073333333333333	0.7513333333333333	0.7573333333333333	0.7006666666666667	0.65	0.6366666666666667	0.6446666666666667	0.6113333333333333	0.42733333333333334	0.3526666666666667	0.35	0.3273333333333333	0.24866666666666667	0.116	0.098	0.09733333333333333	0.10733333333333334	0.08733333333333333	0.096	0.08266666666666667	0.08333333333333333	0.07866666666666666	0.07133333333333333	0.06933333333333333	0.054	0.052	0.04666666666666667	0.03933333333333333	0.05266666666666667	0.04066666666666666	0.018	0.011333333333333334	0.012666666666666666	0.008	0.010666666666666666	0.004666666666666667	0.0026666666666666666	0.0013333333333333333	0.0033333333333333335	0.0006666666666666666	0.0	0.0013333333333333333	0.0	0.0	0.0	0.0	0.0	0.0	0.0	0.0	0.0	0.0	0.0	0.0	0.0	0.0	0.0	0.0	0.0	0.0	0.0	0.0	0.0	0.0	0.0	0.0	0.0	0.0	0.0	0.0	0.0	0.0	0.0	0.0	0.0	0.0	0.0	0.0	0.0	0.0	0.0	0.0	0.0	0.0	
6.639333333333333	6.568	5.884	5.1066666666666665	3.3626666666666667	3.025333333333333	2.684	2.3753333333333333	2.251333333333333	2.144	2.0773333333333333	1.9633333333333334	1.7353333333333334	1.4786666666666666	1.44	1.0453333333333332	0.794	0.6966666666666667	0.7013333333333334	0.6333333333333333	0.6606666666666666	0.6113333333333333	0.6226666666666667	0.45466666666666666	0.328	0.358	0.3486666666666667	0.23733333333333334	0.10933333333333334	0.10066666666666667	0.10333333333333333	0.10533333333333333	0.08866666666666667	0.08066666666666666	0.08933333333333333	0.09133333333333334	0.06533333333333333	0.058666666666666666	0.06133333333333333	0.068	0.06533333333333333	0.04733333333333333	0.05333333333333334	0.048666666666666664	0.03933333333333333	0.028	0.012666666666666666	0.008666666666666666	0.010666666666666666	0.007333333333333333	0.005333333333333333	0.0033333333333333335	0.0013333333333333333	0.004	0.0006666666666666666	0.0006666666666666666	0.0006666666666666666	0.0013333333333333333	0.0	0.0	0.0	0.0	0.0	0.0	0.0	0.0	0.0	0.0	0.0	0.0	0.0	0.0	0.0	0.0	0.0	0.0	0.0	0.0	0.0	0.0	0.0	0.0	0.0	0.0	0.0	0.0	0.0	0.0	0.0	0.0	0.0	0.0	0.0	0.0	0.0	0.0	0.0	0.0	0.0	
6.672666666666666	6.534	5.787333333333334	4.922666666666666	3.255333333333333	2.974	2.6446666666666667	2.2946666666666666	2.214	2.1306666666666665	2.014666666666667	1.9826666666666666	1.6733333333333333	1.4593333333333334	1.4066666666666667	1.106	0.756	0.7146666666666667	0.7126666666666667	0.648	0.624	0.6426666666666667	0.6213333333333333	0.44733333333333336	0.36133333333333334	0.3426666666666667	0.324	0.25333333333333335	0.11333333333333333	0.10066666666666667	0.092	0.1	0.084	0.08933333333333333	0.082	0.08466666666666667	0.07	0.06666666666666667	0.066	0.059333333333333335	0.06466666666666666	0.043333333333333335	0.050666666666666665	0.037333333333333336	0.04	0.015333333333333332	0.016666666666666666	0.008	0.01	0.005333333333333333	0.0033333333333333335	0.0026666666666666666	0.0026666666666666666	0.0026666666666666666	0.0013333333333333333	0.0	0.0	0.0	0.0	0.0	0.0	0.0	0.0	0.0	0.0	0.0	0.0	0.0	0.0	0.0	0.0	0.0	0.0	0.0	0.0	0.0	0.0	0.0	0.0	0.0	0.0	0.0	0.0	0.0	0.0	0.0	0.0	0.0	0.0	0.0	0.0	0.0	0.0	0.0	0.0	0.0	0.0	0.0	0.0	
6.557333333333333	6.536	5.832666666666666	4.946666666666666	3.259333333333333	2.962666666666667	2.6946666666666665	2.2733333333333334	2.212	2.1806666666666668	1.9453333333333334	1.9413333333333334	1.6413333333333333	1.4873333333333334	1.3573333333333333	1.1026666666666667	0.7726666666666666	0.736	0.656	0.5933333333333334	0.6233333333333333	0.628	0.6193333333333333	0.442	0.352	0.342	0.33666666666666667	0.24733333333333332	0.106	0.08866666666666667	0.09533333333333334	0.09	0.08333333333333333	0.08866666666666667	0.08066666666666666	0.08066666666666666	0.076	0.066	0.072	0.064	0.06266666666666666	0.038	0.054	0.052	0.04	0.021333333333333333	0.017333333333333333	0.012	0.01	0.008666666666666666	0.004	0.004	0.0006666666666666666	0.002	0.0026666666666666666	0.0013333333333333333	0.0	0.0006666666666666666	0.0	0.0	0.0	0.0	0.0	0.0	0.0	0.0	0.0	0.0	0.0	0.0	0.0	0.0	0.0	0.0	0.0	0.0	0.0	0.0	0.0	0.0	0.0	0.0	0.0	0.0	0.0	0.0	0.0	0.0	0.0	0.0	0.0	0.0	0.0	0.0	0.0	0.0	0.0	0.0	0.0	
6.564	6.591333333333333	5.8453333333333335	5.002666666666666	3.224	2.988	2.6926666666666668	2.26	2.1513333333333335	2.1026666666666665	2.01	1.824	1.712	1.4253333333333333	1.4566666666666668	1.0573333333333332	0.736	0.7233333333333334	0.6726666666666666	0.632	0.5746666666666667	0.6793333333333333	0.592	0.44	0.322	0.326	0.35533333333333333	0.25266666666666665	0.106	0.09266666666666666	0.098	0.1	0.09533333333333334	0.07733333333333334	0.076	0.07533333333333334	0.066	0.06066666666666667	0.058	0.06466666666666666	0.05266666666666667	0.04533333333333334	0.054	0.04466666666666667	0.04666666666666667	0.014	0.006666666666666667	0.007333333333333333	0.012666666666666666	0.0033333333333333335	0.0013333333333333333	0.004666666666666667	0.0	0.004666666666666667	0.002	0.002	0.0	0.0006666666666666666	0.0006666666666666666	0.0	0.0	0.0	0.0	0.0	0.0	0.0	0.0	0.0	0.0	0.0	0.0	0.0	0.0	0.0	0.0	0.0	0.0	0.0	0.0	0.0	0.0	0.0	0.0	0.0	0.0	0.0	0.0	0.0	0.0	0.0	0.0	0.0	0.0	0.0	0.0	0.0	0.0	0.0	0.0	
6.541333333333333	6.528666666666667	5.925333333333334	4.914666666666666	3.288	2.802	2.65	2.2533333333333334	2.1926666666666668	2.0733333333333333	2.013333333333333	1.8753333333333333	1.6813333333333333	1.3806666666666667	1.396	1.0193333333333334	0.7666666666666667	0.698	0.6873333333333334	0.622	0.6146666666666667	0.5893333333333334	0.5846666666666667	0.456	0.3526666666666667	0.34	0.3526666666666667	0.248	0.10666666666666667	0.09933333333333333	0.10333333333333333	0.10533333333333333	0.10133333333333333	0.08733333333333333	0.08066666666666666	0.08266666666666667	0.072	0.06933333333333333	0.07266666666666667	0.056	0.06666666666666667	0.04666666666666667	0.05533333333333333	0.04133333333333333	0.042	0.026	0.012666666666666666	0.011333333333333334	0.014666666666666666	0.006666666666666667	0.004	0.002	0.002	0.002	0.0006666666666666666	0.0006666666666666666	0.0	0.0006666666666666666	0.0006666666666666666	0.0	0.0	0.0	0.0	0.0	0.0	0.0	0.0	0.0	0.0	0.0	0.0	0.0	0.0	0.0	0.0	0.0	0.0	0.0	0.0	0.0	0.0	0.0	0.0	0.0	0.0	0.0	0.0	0.0	0.0	0.0	0.0	0.0	0.0	0.0	0.0	0.0	0.0	0.0	0.0	
6.261333333333333	6.276	5.554666666666667	4.68	3.036	2.8686666666666665	2.534	2.162	2.0553333333333335	1.9953333333333334	1.886	1.7653333333333334	1.6533333333333333	1.3473333333333333	1.332	1.0653333333333332	0.7226666666666667	0.682	0.6626666666666666	0.5826666666666667	0.5953333333333334	0.61	0.6053333333333333	0.3893333333333333	0.3313333333333333	0.3353333333333333	0.3273333333333333	0.25533333333333336	0.106	0.10333333333333333	0.08733333333333333	0.09133333333333334	0.07933333333333334	0.08333333333333333	0.08066666666666666	0.088	0.066	0.06333333333333334	0.07066666666666667	0.06466666666666666	0.04933333333333333	0.048666666666666664	0.04466666666666667	0.042	0.04733333333333333	0.025333333333333333	0.008666666666666666	0.008	0.016	0.006	0.005333333333333333	0.0033333333333333335	0.0013333333333333333	0.0006666666666666666	0.0013333333333333333	0.0	0.0006666666666666666	0.0	0.0	0.0	0.0	0.0	0.0	0.0	0.0	0.0	0.0	0.0	0.0	0.0	0.0	0.0	0.0	0.0	0.0	0.0	0.0	0.0	0.0	0.0	0.0	0.0	0.0	0.0	0.0	0.0	0.0	0.0	0.0	0.0	0.0	0.0	0.0	0.0	0.0	0.0	0.0	0.0	0.0	
6.139333333333333	6.188	5.284	4.554666666666667	2.982	2.767333333333333	2.5233333333333334	2.1513333333333335	2.042	1.9886666666666666	1.8	1.8166666666666667	1.55	1.342	1.3226666666666667	0.974	0.6833333333333333	0.6593333333333333	0.65	0.5673333333333334	0.5606666666666666	0.6093333333333333	0.5893333333333334	0.406	0.31733333333333336	0.324	0.328	0.22466666666666665	0.10866666666666666	0.08466666666666667	0.09666666666666666	0.082	0.07666666666666666	0.09066666666666667	0.082	0.08066666666666666	0.066	0.059333333333333335	0.058666666666666666	0.07333333333333333	0.056	0.04733333333333333	0.03933333333333333	0.04933333333333333	0.042	0.019333333333333334	0.006	0.01	0.01	0.0033333333333333335	0.0013333333333333333	0.0026666666666666666	0.0006666666666666666	0.0013333333333333333	0.0013333333333333333	0.0006666666666666666	0.0	0.0	0.0	0.0	0.0	0.0	0.0	0.0	0.0	0.0	0.0	0.0	0.0	0.0	0.0	0.0	0.0	0.0	0.0	0.0	0.0	0.0	0.0	0.0	0.0	0.0	0.0	0.0	0.0	0.0	0.0	0.0	0.0	0.0	0.0	0.0	0.0	0.0	0.0	0.0	0.0	0.0	0.0	
5.924	5.862666666666667	5.1306666666666665	4.394	2.8933333333333335	2.718	2.412	2.08	2.030666666666667	1.924	1.8386666666666667	1.7346666666666666	1.5393333333333334	1.314	1.2386666666666666	0.9706666666666667	0.7073333333333334	0.66	0.634	0.5713333333333334	0.568	0.574	0.5386666666666666	0.378	0.326	0.3293333333333333	0.33466666666666667	0.206	0.104	0.084	0.07666666666666666	0.092	0.08066666666666666	0.08533333333333333	0.08	0.076	0.06333333333333334	0.058666666666666666	0.06533333333333333	0.06	0.058666666666666666	0.051333333333333335	0.043333333333333335	0.048666666666666664	0.035333333333333335	0.026	0.010666666666666666	0.011333333333333334	0.01	0.008666666666666666	0.002	0.0026666666666666666	0.005333333333333333	0.002	0.0	0.0	0.0013333333333333333	0.0	0.0	0.0	0.0	0.0	0.0	0.0	0.0	0.0	0.0	0.0	0.0	0.0	0.0	0.0	0.0	0.0	0.0	0.0	0.0	0.0	0.0	0.0	0.0	0.0	0.0	0.0	0.0	0.0	0.0	0.0	0.0	0.0	0.0	0.0	0.0	0.0	0.0	0.0	0.0	0.0	0.0	
5.838666666666667	5.794666666666667	5.042666666666666	4.299333333333333	2.7866666666666666	2.558	2.3493333333333335	2.05	1.96	1.9526666666666668	1.7686666666666666	1.71	1.4546666666666668	1.226	1.204	0.898	0.6786666666666666	0.6393333333333333	0.6386666666666667	0.536	0.5233333333333333	0.5446666666666666	0.5233333333333333	0.37533333333333335	0.306	0.32	0.304	0.226	0.09066666666666667	0.08666666666666667	0.09466666666666666	0.082	0.07733333333333334	0.078	0.07266666666666667	0.07666666666666666	0.07	0.058	0.06066666666666667	0.06666666666666667	0.04733333333333333	0.03933333333333333	0.04533333333333334	0.027333333333333334	0.042	0.022	0.007333333333333333	0.008666666666666666	0.010666666666666666	0.005333333333333333	0.002	0.0026666666666666666	0.0026666666666666666	0.002	0.0	0.0	0.0006666666666666666	0.0006666666666666666	0.0	0.0	0.0	0.0	0.0	0.0	0.0	0.0	0.0	0.0	0.0	0.0	0.0	0.0	0.0	0.0	0.0	0.0	0.0	0.0	0.0	0.0	0.0	0.0	0.0	0.0	0.0	0.0	0.0	0.0	0.0	0.0	0.0	0.0	0.0	0.0	0.0	0.0	0.0	0.0	0.0	
5.77	5.567333333333333	4.879333333333333	4.174666666666667	2.7453333333333334	2.5573333333333332	2.3266666666666667	1.9253333333333333	1.8933333333333333	1.8813333333333333	1.7173333333333334	1.6813333333333333	1.4353333333333333	1.2513333333333334	1.17	0.912	0.71	0.6093333333333333	0.584	0.506	0.5153333333333333	0.5133333333333333	0.5033333333333333	0.39466666666666667	0.296	0.30533333333333335	0.29	0.20466666666666666	0.082	0.08266666666666667	0.08933333333333333	0.08333333333333333	0.07066666666666667	0.06866666666666667	0.07	0.08133333333333333	0.06933333333333333	0.06333333333333334	0.066	0.06	0.05333333333333334	0.03933333333333333	0.03666666666666667	0.04533333333333334	0.032	0.015333333333333332	0.01	0.018	0.01	0.006666666666666667	0.0013333333333333333	0.0026666666666666666	0.0026666666666666666	0.0006666666666666666	0.0	0.0013333333333333333	0.0	0.0	0.0	0.0	0.0	0.0	0.0	0.0	0.0	0.0	0.0	0.0	0.0	0.0	0.0	0.0	0.0	0.0	0.0	0.0	0.0	0.0	0.0	0.0	0.0	0.0	0.0	0.0	0.0	0.0	0.0	0.0	0.0	0.0	0.0	0.0	0.0	0.0	0.0	0.0	0.0	0.0	0.0	
5.612666666666667	5.570666666666667	4.819333333333334	4.058	2.7306666666666666	2.466	2.182	1.8766666666666667	1.8373333333333333	1.788	1.6986666666666668	1.5893333333333333	1.402	1.24	1.1253333333333333	0.8806666666666667	0.65	0.574	0.5833333333333334	0.51	0.5326666666666666	0.526	0.516	0.37533333333333335	0.31733333333333336	0.28933333333333333	0.3006666666666667	0.21533333333333332	0.086	0.07933333333333334	0.07866666666666666	0.08066666666666666	0.08	0.07466666666666667	0.08	0.059333333333333335	0.058	0.06	0.04666666666666667	0.043333333333333335	0.04533333333333334	0.038	0.037333333333333336	0.03266666666666666	0.032	0.018666666666666668	0.006666666666666667	0.012666666666666666	0.008666666666666666	0.004	0.0026666666666666666	0.0006666666666666666	0.0006666666666666666	0.0026666666666666666	0.0	0.0	0.0006666666666666666	0.0006666666666666666	0.0	0.0	0.0	0.0	0.0	0.0	0.0	0.0	0.0	0.0	0.0	0.0	0.0	0.0	0.0	0.0	0.0	0.0	0.0	0.0	0.0	0.0	0.0	0.0	0.0	0.0	0.0	0.0	0.0	0.0	0.0	0.0	0.0	0.0	0.0	0.0	0.0	0.0	0.0	0.0	0.0	
5.495333333333333	5.427333333333333	4.680666666666666	4.031333333333333	2.6613333333333333	2.502666666666667	2.2226666666666666	1.848	1.8533333333333333	1.788	1.7233333333333334	1.5273333333333334	1.326	1.152	1.0666666666666667	0.902	0.622	0.5873333333333334	0.5586666666666666	0.4806666666666667	0.482	0.524	0.47533333333333333	0.324	0.286	0.2806666666666667	0.2833333333333333	0.19133333333333333	0.07666666666666666	0.08133333333333333	0.078	0.09	0.07666666666666666	0.07466666666666667	0.07533333333333334	0.06666666666666667	0.06266666666666666	0.050666666666666665	0.048	0.04533333333333334	0.042	0.04066666666666666	0.036	0.03933333333333333	0.036	0.02266666666666667	0.010666666666666666	0.009333333333333334	0.009333333333333334	0.006	0.002	0.0	0.0026666666666666666	0.0006666666666666666	0.002	0.0	0.0	0.0006666666666666666	0.0	0.0	0.0	0.0	0.0	0.0	0.0	0.0	0.0	0.0	0.0	0.0	0.0	0.0	0.0	0.0	0.0	0.0	0.0	0.0	0.0	0.0	0.0	0.0	0.0	0.0	0.0	0.0	0.0	0.0	0.0	0.0	0.0	0.0	0.0	0.0	0.0	0.0	0.0	0.0	0.0	
5.477333333333333	5.154	4.538666666666667	3.926	2.6513333333333335	2.4133333333333336	2.1266666666666665	1.764	1.74	1.6973333333333334	1.5906666666666667	1.5606666666666666	1.378	1.1373333333333333	1.1673333333333333	0.8646666666666667	0.6146666666666667	0.5766666666666667	0.544	0.496	0.4706666666666667	0.5006666666666667	0.4673333333333333	0.3426666666666667	0.2846666666666667	0.266	0.2966666666666667	0.22933333333333333	0.092	0.07266666666666667	0.08666666666666667	0.07666666666666666	0.06666666666666667	0.06733333333333333	0.07466666666666667	0.06	0.06866666666666667	0.05466666666666667	0.048666666666666664	0.06	0.046	0.044	0.035333333333333335	0.03266666666666666	0.028	0.017333333333333333	0.008666666666666666	0.006666666666666667	0.006	0.005333333333333333	0.004	0.0026666666666666666	0.0006666666666666666	0.0013333333333333333	0.0	0.0	0.0	0.0	0.0	0.0	0.0	0.0	0.0	0.0	0.0	0.0	0.0	0.0	0.0	0.0	0.0	0.0	0.0	0.0	0.0	0.0	0.0	0.0	0.0	0.0	0.0	0.0	0.0	0.0	0.0	0.0	0.0	0.0	0.0	0.0	0.0	0.0	0.0	0.0	0.0	0.0	0.0	0.0	0.0	
5.308	5.25	4.5953333333333335	3.8933333333333335	2.5446666666666666	2.3173333333333335	2.144	1.776	1.7346666666666666	1.6506666666666667	1.59	1.5	1.3093333333333332	1.1	1.104	0.816	0.61	0.5606666666666666	0.5413333333333333	0.466	0.488	0.482	0.47533333333333333	0.318	0.27	0.2693333333333333	0.24733333333333332	0.19333333333333333	0.07133333333333333	0.08066666666666666	0.07266666666666667	0.07066666666666667	0.074	0.06533333333333333	0.07	0.066	0.050666666666666665	0.050666666666666665	0.046	0.05733333333333333	0.042666666666666665	0.034	0.03933333333333333	0.035333333333333335	0.03666666666666667	0.016	0.010666666666666666	0.008	0.007333333333333333	0.0033333333333333335	0.004666666666666667	0.002	0.0013333333333333333	0.002	0.002	0.0	0.0	0.0	0.0	0.0	0.0	0.0	0.0	0.0	0.0	0.0	0.0	0.0	0.0	0.0	0.0	0.0	0.0	0.0	0.0	0.0	0.0	0.0	0.0	0.0	0.0	0.0	0.0	0.0	0.0	0.0	0.0	0.0	0.0	0.0	0.0	0.0	0.0	0.0	0.0	0.0	0.0	0.0	0.0	
5.185333333333333	5.136	4.529333333333334	3.82	2.572	2.2173333333333334	2.0913333333333335	1.744	1.7413333333333334	1.7026666666666668	1.504	1.4853333333333334	1.2986666666666666	1.1126666666666667	1.1193333333333333	0.7926666666666666	0.58	0.5573333333333333	0.5133333333333333	0.462	0.4613333333333333	0.47	0.442	0.33266666666666667	0.2886666666666667	0.24733333333333332	0.27066666666666667	0.196	0.078	0.08533333333333333	0.06466666666666666	0.06	0.06266666666666666	0.06666666666666667	0.07733333333333334	0.068	0.04933333333333333	0.06133333333333333	0.068	0.04933333333333333	0.03333333333333333	0.04	0.034	0.035333333333333335	0.026	0.015333333333333332	0.005333333333333333	0.008	0.004	0.006	0.0033333333333333335	0.0013333333333333333	0.002	0.0006666666666666666	0.0	0.0	0.0006666666666666666	0.0	0.0	0.0	0.0	0.0	0.0	0.0	0.0	0.0	0.0	0.0	0.0	0.0	0.0	0.0	0.0	0.0	0.0	0.0	0.0	0.0	0.0	0.0	0.0	0.0	0.0	0.0	0.0	0.0	0.0	0.0	0.0	0.0	0.0	0.0	0.0	0.0	0.0	0.0	0.0	0.0	0.0	
5.091333333333333	5.008	4.3726666666666665	3.75	2.4113333333333333	2.218	2.0393333333333334	1.7693333333333334	1.6426666666666667	1.5726666666666667	1.494	1.438	1.2613333333333334	1.0373333333333334	1.0353333333333334	0.7953333333333333	0.5973333333333334	0.5626666666666666	0.556	0.482	0.44533333333333336	0.5006666666666667	0.43533333333333335	0.30533333333333335	0.242	0.224	0.25	0.17733333333333334	0.078	0.078	0.07333333333333333	0.07133333333333333	0.076	0.06	0.06333333333333334	0.06866666666666667	0.05733333333333333	0.05533333333333333	0.04933333333333333	0.050666666666666665	0.043333333333333335	0.029333333333333333	0.035333333333333335	0.034	0.030666666666666665	0.01	0.008	0.006666666666666667	0.006666666666666667	0.005333333333333333	0.0013333333333333333	0.0026666666666666666	0.0	0.002	0.002	0.0	0.0	0.0013333333333333333	0.0	0.0	0.0	0.0	0.0	0.0	0.0	0.0	0.0	0.0	0.0	0.0	0.0	0.0	0.0	0.0	0.0	0.0	0.0	0.0	0.0	0.0	0.0	0.0	0.0	0.0	0.0	0.0	0.0	0.0	0.0	0.0	0.0	0.0	0.0	0.0	0.0	0.0	0.0	0.0	0.0	
4.988666666666667	4.902666666666667	4.378	3.5966666666666667	2.3866666666666667	2.266	2.006	1.7266666666666666	1.6586666666666667	1.6186666666666667	1.4026666666666667	1.4073333333333333	1.242	1.038	1.0006666666666666	0.7846666666666666	0.6013333333333334	0.5646666666666667	0.5093333333333333	0.4593333333333333	0.442	0.44466666666666665	0.4266666666666667	0.326	0.26	0.24533333333333332	0.2613333333333333	0.174	0.096	0.06666666666666667	0.06533333333333333	0.06266666666666666	0.06133333333333333	0.06533333333333333	0.06	0.06333333333333334	0.05	0.04133333333333333	0.054	0.05533333333333333	0.052	0.034	0.03133333333333333	0.03933333333333333	0.024	0.007333333333333333	0.008	0.006	0.006666666666666667	0.005333333333333333	0.002	0.002	0.0033333333333333335	0.0026666666666666666	0.0006666666666666666	0.0006666666666666666	0.0	0.0	0.0	0.0	0.0	0.0	0.0	0.0	0.0	0.0	0.0	0.0	0.0	0.0	0.0	0.0	0.0	0.0	0.0	0.0	0.0	0.0	0.0	0.0	0.0	0.0	0.0	0.0	0.0	0.0	0.0	0.0	0.0	0.0	0.0	0.0	0.0	0.0	0.0	0.0	0.0	0.0	0.0	
4.886	4.8693333333333335	4.224	3.572	2.3393333333333333	2.1213333333333333	1.8806666666666667	1.648	1.6166666666666667	1.564	1.436	1.3746666666666667	1.1866666666666668	1.018	0.972	0.7946666666666666	0.56	0.4866666666666667	0.49733333333333335	0.456	0.4646666666666667	0.422	0.42733333333333334	0.31933333333333336	0.26866666666666666	0.24133333333333334	0.23333333333333334	0.19666666666666666	0.094	0.05333333333333334	0.06666666666666667	0.06266666666666666	0.056666666666666664	0.052	0.06333333333333334	0.054	0.051333333333333335	0.048	0.05266666666666667	0.03866666666666667	0.05	0.036	0.023333333333333334	0.03	0.027333333333333334	0.011333333333333334	0.01	0.006666666666666667	0.009333333333333334	0.006666666666666667	0.0026666666666666666	0.002	0.002	0.002	0.0	0.0006666666666666666	0.0	0.0006666666666666666	0.0	0.0	0.0	0.0	0.0	0.0	0.0	0.0	0.0	0.0	0.0	0.0	0.0	0.0	0.0	0.0	0.0	0.0	0.0	0.0	0.0	0.0	0.0	0.0	0.0	0.0	0.0	0.0	0.0	0.0	0.0	0.0	0.0	0.0	0.0	0.0	0.0	0.0	0.0	0.0	0.0	
4.915333333333334	4.866666666666666	4.142666666666667	3.5646666666666667	2.2893333333333334	2.1046666666666667	1.9086666666666667	1.6406666666666667	1.5346666666666666	1.5133333333333334	1.4273333333333333	1.432	1.1773333333333333	0.998	0.984	0.8326666666666667	0.5833333333333334	0.526	0.47	0.42333333333333334	0.44866666666666666	0.412	0.402	0.30333333333333334	0.23933333333333334	0.22733333333333333	0.23533333333333334	0.19866666666666666	0.068	0.07133333333333333	0.072	0.07133333333333333	0.06666666666666667	0.04533333333333334	0.05533333333333333	0.06666666666666667	0.058	0.04466666666666667	0.044	0.042	0.04533333333333334	0.034	0.038	0.030666666666666665	0.03866666666666667	0.012666666666666666	0.008	0.005333333333333333	0.005333333333333333	0.004666666666666667	0.0013333333333333333	0.0026666666666666666	0.0	0.0006666666666666666	0.0	0.0	0.0006666666666666666	0.0006666666666666666	0.0	0.0	0.0	0.0	0.0	0.0	0.0	0.0	0.0	0.0	0.0	0.0	0.0	0.0	0.0	0.0	0.0	0.0	0.0	0.0	0.0	0.0	0.0	0.0	0.0	0.0	0.0	0.0	0.0	0.0	0.0	0.0	0.0	0.0	0.0	0.0	0.0	0.0	0.0	0.0	0.0	
4.608666666666666	4.691333333333334	4.102666666666667	3.466666666666667	2.2386666666666666	2.0973333333333333	1.8433333333333333	1.6226666666666667	1.544	1.5026666666666666	1.3826666666666667	1.2986666666666666	1.2133333333333334	0.9746666666666667	0.968	0.792	0.5246666666666666	0.49333333333333335	0.506	0.45066666666666666	0.4066666666666667	0.43	0.4146666666666667	0.2986666666666667	0.21333333333333335	0.23466666666666666	0.24333333333333335	0.15666666666666668	0.082	0.08	0.06866666666666667	0.07133333333333333	0.05733333333333333	0.066	0.050666666666666665	0.06	0.038	0.04666666666666667	0.034666666666666665	0.048666666666666664	0.046	0.020666666666666667	0.035333333333333335	0.023333333333333334	0.024	0.010666666666666666	0.005333333333333333	0.011333333333333334	0.006666666666666667	0.004	0.0026666666666666666	0.0013333333333333333	0.0006666666666666666	0.0	0.0006666666666666666	0.0	0.0006666666666666666	0.0	0.0	0.0	0.0	0.0	0.0	0.0	0.0	0.0	0.0	0.0	0.0	0.0	0.0	0.0	0.0	0.0	0.0	0.0	0.0	0.0	0.0	0.0	0.0	0.0	0.0	0.0	0.0	0.0	0.0	0.0	0.0	0.0	0.0	0.0	0.0	0.0	0.0	0.0	0.0	0.0	0.0	
4.766666666666667	4.533333333333333	4.165333333333334	3.456	2.202	2.0793333333333335	1.9206666666666667	1.5713333333333332	1.5106666666666666	1.462	1.354	1.3453333333333333	1.1186666666666667	0.924	0.9493333333333334	0.716	0.5	0.4786666666666667	0.47333333333333333	0.42933333333333334	0.4266666666666667	0.426	0.426	0.2906666666666667	0.214	0.24133333333333334	0.218	0.15933333333333333	0.064	0.068	0.06333333333333334	0.062	0.05733333333333333	0.06066666666666667	0.048	0.052	0.035333333333333335	0.048666666666666664	0.04466666666666667	0.042666666666666665	0.034	0.034	0.03	0.034	0.023333333333333334	0.013333333333333334	0.004666666666666667	0.009333333333333334	0.006666666666666667	0.004	0.0013333333333333333	0.0006666666666666666	0.002	0.0	0.0	0.0	0.0	0.0	0.0006666666666666666	0.0	0.0	0.0	0.0	0.0	0.0	0.0	0.0	0.0	0.0	0.0	0.0	0.0	0.0	0.0	0.0	0.0	0.0	0.0	0.0	0.0	0.0	0.0	0.0	0.0	0.0	0.0	0.0	0.0	0.0	0.0	0.0	0.0	0.0	0.0	0.0	0.0	0.0	0.0	0.0	
4.636666666666667	4.5473333333333334	3.98	3.3646666666666665	2.1846666666666668	2.0733333333333333	1.8206666666666667	1.5366666666666666	1.4533333333333334	1.5106666666666666	1.354	1.2953333333333332	1.1086666666666667	0.906	0.8686666666666667	0.704	0.5146666666666667	0.49266666666666664	0.488	0.4186666666666667	0.4246666666666667	0.38533333333333336	0.39266666666666666	0.272	0.224	0.214	0.21466666666666667	0.17066666666666666	0.07866666666666666	0.066	0.068	0.07733333333333334	0.04933333333333333	0.048	0.05266666666666667	0.056	0.044	0.048	0.04466666666666667	0.042666666666666665	0.042666666666666665	0.027333333333333334	0.03266666666666666	0.028666666666666667	0.030666666666666665	0.011333333333333334	0.006666666666666667	0.0033333333333333335	0.01	0.005333333333333333	0.0006666666666666666	0.0006666666666666666	0.0033333333333333335	0.0006666666666666666	0.0026666666666666666	0.0	0.0	0.002	0.0006666666666666666	0.0	0.0	0.0	0.0	0.0	0.0	0.0	0.0	0.0	0.0	0.0	0.0	0.0	0.0	0.0	0.0	0.0	0.0	0.0	0.0	0.0	0.0	0.0	0.0	0.0	0.0	0.0	0.0	0.0	0.0	0.0	0.0	0.0	0.0	0.0	0.0	0.0	0.0	0.0	0.0	
4.498666666666667	4.346666666666667	3.8446666666666665	3.436	2.156	2.0073333333333334	1.7786666666666666	1.5433333333333332	1.53	1.454	1.34	1.2893333333333334	1.0546666666666666	0.886	0.9206666666666666	0.6706666666666666	0.49266666666666664	0.464	0.476	0.39666666666666667	0.4093333333333333	0.4186666666666667	0.39266666666666666	0.29533333333333334	0.23133333333333334	0.228	0.23	0.156	0.06933333333333333	0.06466666666666666	0.06333333333333334	0.06466666666666666	0.05333333333333334	0.051333333333333335	0.051333333333333335	0.05533333333333333	0.05733333333333333	0.043333333333333335	0.048666666666666664	0.048666666666666664	0.03	0.029333333333333333	0.025333333333333333	0.03133333333333333	0.028666666666666667	0.009333333333333334	0.008	0.007333333333333333	0.0033333333333333335	0.004666666666666667	0.0026666666666666666	0.002	0.0013333333333333333	0.002	0.0006666666666666666	0.0	0.0006666666666666666	0.0	0.0006666666666666666	0.0	0.0	0.0	0.0	0.0	0.0	0.0	0.0	0.0	0.0	0.0	0.0	0.0	0.0	0.0	0.0	0.0	0.0	0.0	0.0	0.0	0.0	0.0	0.0	0.0	0.0	0.0	0.0	0.0	0.0	0.0	0.0	0.0	0.0	0.0	0.0	0.0	0.0	0.0	0.0	
4.489333333333334	4.338	3.8673333333333333	3.3266666666666667	2.1626666666666665	1.916	1.7933333333333332	1.496	1.4226666666666667	1.4273333333333333	1.276	1.226	1.0986666666666667	0.9013333333333333	0.88	0.6786666666666666	0.4786666666666667	0.4766666666666667	0.49	0.37133333333333335	0.368	0.404	0.38333333333333336	0.264	0.21133333333333335	0.22133333333333333	0.20666666666666667	0.15466666666666667	0.074	0.06866666666666667	0.066	0.05466666666666667	0.050666666666666665	0.05733333333333333	0.059333333333333335	0.059333333333333335	0.04666666666666667	0.04133333333333333	0.04066666666666666	0.038	0.042	0.037333333333333336	0.028666666666666667	0.02	0.03	0.014666666666666666	0.01	0.006	0.004	0.007333333333333333	0.0006666666666666666	0.004	0.0006666666666666666	0.0026666666666666666	0.0006666666666666666	0.0	0.0	0.0	0.0	0.0	0.0	0.0	0.0	0.0	0.0	0.0	0.0	0.0	0.0	0.0	0.0	0.0	0.0	0.0	0.0	0.0	0.0	0.0	0.0	0.0	0.0	0.0	0.0	0.0	0.0	0.0	0.0	0.0	0.0	0.0	0.0	0.0	0.0	0.0	0.0	0.0	0.0	0.0	0.0	
4.299333333333333	4.344	3.8153333333333332	3.216	2.0713333333333335	1.9233333333333333	1.7433333333333334	1.4673333333333334	1.4766666666666666	1.3646666666666667	1.2873333333333334	1.2126666666666666	1.04	0.8726666666666667	0.916	0.6786666666666666	0.49466666666666664	0.4513333333333333	0.458	0.3953333333333333	0.39266666666666666	0.386	0.37266666666666665	0.26866666666666666	0.224	0.206	0.216	0.17533333333333334	0.07333333333333333	0.054	0.05733333333333333	0.056	0.050666666666666665	0.056666666666666664	0.048	0.04666666666666667	0.037333333333333336	0.042666666666666665	0.03866666666666667	0.034666666666666665	0.04	0.030666666666666665	0.028	0.021333333333333333	0.02666666666666667	0.016	0.012666666666666666	0.007333333333333333	0.004666666666666667	0.005333333333333333	0.0013333333333333333	0.0006666666666666666	0.0033333333333333335	0.0006666666666666666	0.0	0.0	0.0	0.0006666666666666666	0.0	0.0	0.0	0.0	0.0	0.0	0.0	0.0	0.0	0.0	0.0	0.0	0.0	0.0	0.0	0.0	0.0	0.0	0.0	0.0	0.0	0.0	0.0	0.0	0.0	0.0	0.0	0.0	0.0	0.0	0.0	0.0	0.0	0.0	0.0	0.0	0.0	0.0	0.0	0.0	0.0	
4.3853333333333335	4.283333333333333	3.779333333333333	3.1373333333333333	2.0966666666666667	1.9066666666666667	1.6873333333333334	1.4226666666666667	1.3766666666666667	1.3066666666666666	1.328	1.2173333333333334	1.0533333333333332	0.876	0.882	0.6073333333333333	0.468	0.492	0.49133333333333334	0.39466666666666667	0.346	0.392	0.356	0.26866666666666666	0.224	0.23066666666666666	0.228	0.14933333333333335	0.07733333333333334	0.058666666666666666	0.04666666666666667	0.05466666666666667	0.043333333333333335	0.046	0.042666666666666665	0.048	0.05	0.051333333333333335	0.044	0.046	0.04133333333333333	0.024	0.025333333333333333	0.03133333333333333	0.024666666666666667	0.013333333333333334	0.004666666666666667	0.004	0.0013333333333333333	0.005333333333333333	0.0006666666666666666	0.0006666666666666666	0.002	0.0006666666666666666	0.0006666666666666666	0.0006666666666666666	0.0	0.0	0.0	0.0	0.0	0.0	0.0	0.0	0.0	0.0	0.0	0.0	0.0	0.0	0.0	0.0	0.0	0.0	0.0	0.0	0.0	0.0	0.0	0.0	0.0	0.0	0.0	0.0	0.0	0.0	0.0	0.0	0.0	0.0	0.0	0.0	0.0	0.0	0.0	0.0	0.0	0.0	0.0	
4.3213333333333335	4.155333333333333	3.7613333333333334	3.156	2.0406666666666666	1.8846666666666667	1.7233333333333334	1.4433333333333334	1.372	1.2853333333333334	1.18	1.1686666666666667	1.0006666666666666	0.866	0.848	0.6486666666666666	0.48133333333333334	0.4653333333333333	0.44733333333333336	0.36333333333333334	0.376	0.37133333333333335	0.35933333333333334	0.25933333333333336	0.23733333333333334	0.20933333333333334	0.2	0.12533333333333332	0.052	0.058	0.068	0.07333333333333333	0.042666666666666665	0.054	0.058666666666666666	0.046	0.048	0.03933333333333333	0.04133333333333333	0.04066666666666666	0.03133333333333333	0.027333333333333334	0.028	0.024666666666666667	0.024666666666666667	0.007333333333333333	0.008666666666666666	0.008	0.005333333333333333	0.0033333333333333335	0.004666666666666667	0.002	0.002	0.0006666666666666666	0.0	0.0	0.0006666666666666666	0.0	0.0	0.0	0.0	0.0	0.0	0.0	0.0	0.0	0.0	0.0	0.0	0.0	0.0	0.0	0.0	0.0	0.0	0.0	0.0	0.0	0.0	0.0	0.0	0.0	0.0	0.0	0.0	0.0	0.0	0.0	0.0	0.0	0.0	0.0	0.0	0.0	0.0	0.0	0.0	0.0	0.0	
4.183333333333334	4.234	3.6153333333333335	3.14	1.9366666666666668	1.8213333333333332	1.6553333333333333	1.434	1.2853333333333334	1.3166666666666667	1.2686666666666666	1.1733333333333333	1.0193333333333334	0.8446666666666667	0.8753333333333333	0.6693333333333333	0.436	0.43533333333333335	0.4186666666666667	0.378	0.3893333333333333	0.36666666666666664	0.364	0.238	0.208	0.192	0.17733333333333334	0.144	0.06066666666666667	0.05733333333333333	0.06266666666666666	0.06133333333333333	0.04933333333333333	0.04666666666666667	0.050666666666666665	0.05533333333333333	0.04066666666666666	0.03333333333333333	0.03266666666666666	0.05	0.037333333333333336	0.029333333333333333	0.028	0.019333333333333334	0.028	0.010666666666666666	0.004666666666666667	0.008	0.011333333333333334	0.006666666666666667	0.0026666666666666666	0.0006666666666666666	0.0006666666666666666	0.0013333333333333333	0.0	0.0	0.0	0.0	0.0006666666666666666	0.0	0.0	0.0	0.0	0.0	0.0	0.0	0.0	0.0	0.0	0.0	0.0	0.0	0.0	0.0	0.0	0.0	0.0	0.0	0.0	0.0	0.0	0.0	0.0	0.0	0.0	0.0	0.0	0.0	0.0	0.0	0.0	0.0	0.0	0.0	0.0	0.0	0.0	0.0	0.0	
4.040666666666667	4.1	3.6506666666666665	3.0	2.009333333333333	1.8393333333333333	1.618	1.424	1.334	1.3253333333333333	1.2513333333333334	1.1726666666666667	0.9733333333333334	0.8406666666666667	0.8206666666666667	0.6326666666666667	0.43266666666666664	0.468	0.4246666666666667	0.35933333333333334	0.36533333333333334	0.37533333333333335	0.33066666666666666	0.23533333333333334	0.21133333333333335	0.19533333333333333	0.18266666666666667	0.156	0.06733333333333333	0.056	0.058	0.058	0.04933333333333333	0.05533333333333333	0.051333333333333335	0.056	0.038	0.03866666666666667	0.04933333333333333	0.037333333333333336	0.03333333333333333	0.023333333333333334	0.028	0.035333333333333335	0.018666666666666668	0.013333333333333334	0.008666666666666666	0.006	0.006666666666666667	0.005333333333333333	0.0013333333333333333	0.0013333333333333333	0.002	0.0013333333333333333	0.0	0.0006666666666666666	0.0	0.0	0.0	0.0	0.0	0.0	0.0	0.0	0.0	0.0	0.0	0.0	0.0	0.0	0.0	0.0	0.0	0.0	0.0	0.0	0.0	0.0	0.0	0.0	0.0	0.0	0.0	0.0	0.0	0.0	0.0	0.0	0.0	0.0	0.0	0.0	0.0	0.0	0.0	0.0	0.0	0.0	0.0	
4.157333333333334	4.026	3.4546666666666668	3.046	1.9586666666666666	1.7906666666666666	1.5693333333333332	1.3586666666666667	1.3306666666666667	1.2926666666666666	1.242	1.0946666666666667	0.9886666666666667	0.7693333333333333	0.79	0.5926666666666667	0.44	0.41733333333333333	0.4206666666666667	0.3626666666666667	0.358	0.3426666666666667	0.3586666666666667	0.242	0.20466666666666666	0.18333333333333332	0.19933333333333333	0.14533333333333334	0.06866666666666667	0.048666666666666664	0.06	0.05733333333333333	0.048666666666666664	0.04066666666666666	0.051333333333333335	0.05466666666666667	0.03666666666666667	0.037333333333333336	0.035333333333333335	0.03666666666666667	0.023333333333333334	0.021333333333333333	0.029333333333333333	0.02	0.022	0.007333333333333333	0.004666666666666667	0.005333333333333333	0.005333333333333333	0.004666666666666667	0.0013333333333333333	0.0006666666666666666	0.0013333333333333333	0.004	0.0	0.0006666666666666666	0.0	0.0	0.0	0.0	0.0	0.0	0.0	0.0	0.0	0.0	0.0	0.0	0.0	0.0	0.0	0.0	0.0	0.0	0.0	0.0	0.0	0.0	0.0	0.0	0.0	0.0	0.0	0.0	0.0	0.0	0.0	0.0	0.0	0.0	0.0	0.0	0.0	0.0	0.0	0.0	0.0	0.0	0.0	
4.05	4.015333333333333	3.477333333333333	2.8626666666666667	1.854	1.7566666666666666	1.6486666666666667	1.3486666666666667	1.2966666666666666	1.2226666666666666	1.1713333333333333	1.1006666666666667	0.9646666666666667	0.8406666666666667	0.76	0.6666666666666666	0.45666666666666667	0.446	0.41133333333333333	0.346	0.36	0.3606666666666667	0.332	0.25466666666666665	0.19533333333333333	0.17266666666666666	0.17133333333333334	0.14533333333333334	0.07066666666666667	0.056	0.06	0.064	0.054	0.04466666666666667	0.05333333333333334	0.06533333333333333	0.04	0.034666666666666665	0.044	0.03266666666666666	0.03	0.032	0.021333333333333333	0.024	0.025333333333333333	0.012	0.004666666666666667	0.004666666666666667	0.006666666666666667	0.004	0.0	0.0006666666666666666	0.002	0.002	0.0006666666666666666	0.0013333333333333333	0.0013333333333333333	0.0	0.0	0.0	0.0	0.0	0.0	0.0	0.0	0.0	0.0	0.0	0.0	0.0	0.0	0.0	0.0	0.0	0.0	0.0	0.0	0.0	0.0	0.0	0.0	0.0	0.0	0.0	0.0	0.0	0.0	0.0	0.0	0.0	0.0	0.0	0.0	0.0	0.0	0.0	0.0	0.0	0.0	
4.006	3.8953333333333333	3.4766666666666666	2.8713333333333333	1.878	1.6966666666666668	1.5453333333333332	1.302	1.306	1.1533333333333333	1.1293333333333333	1.0866666666666667	0.926	0.8286666666666667	0.7506666666666667	0.6573333333333333	0.43533333333333335	0.44	0.41333333333333333	0.36933333333333335	0.3446666666666667	0.35333333333333333	0.348	0.23266666666666666	0.18533333333333332	0.20866666666666667	0.19666666666666666	0.14133333333333334	0.059333333333333335	0.062	0.058	0.05333333333333334	0.048	0.059333333333333335	0.04533333333333334	0.046	0.044	0.03333333333333333	0.036	0.03333333333333333	0.03666666666666667	0.022	0.024666666666666667	0.027333333333333334	0.022	0.013333333333333334	0.005333333333333333	0.006	0.0033333333333333335	0.0033333333333333335	0.0013333333333333333	0.0	0.0006666666666666666	0.0013333333333333333	0.0	0.0006666666666666666	0.0006666666666666666	0.0	0.0	0.0	0.0	0.0	0.0	0.0	0.0	0.0	0.0	0.0	0.0	0.0	0.0	0.0	0.0	0.0	0.0	0.0	0.0	0.0	0.0	0.0	0.0	0.0	0.0	0.0	0.0	0.0	0.0	0.0	0.0	0.0	0.0	0.0	0.0	0.0	0.0	0.0	0.0	0.0	0.0	
3.9753333333333334	3.824	3.422	2.7706666666666666	1.862	1.7286666666666666	1.4866666666666666	1.216	1.2466666666666666	1.196	1.1226666666666667	1.122	0.9626666666666667	0.758	0.7193333333333334	0.6033333333333334	0.43533333333333335	0.43866666666666665	0.37466666666666665	0.33466666666666667	0.31733333333333336	0.35133333333333333	0.332	0.22733333333333333	0.19333333333333333	0.196	0.208	0.162	0.068	0.06133333333333333	0.056666666666666664	0.046	0.05466666666666667	0.046	0.04533333333333334	0.04466666666666667	0.048666666666666664	0.035333333333333335	0.034	0.03866666666666667	0.035333333333333335	0.026	0.024666666666666667	0.027333333333333334	0.02	0.012	0.007333333333333333	0.004666666666666667	0.0	0.0026666666666666666	0.0033333333333333335	0.0026666666666666666	0.0013333333333333333	0.002	0.0	0.0006666666666666666	0.0	0.0	0.0	0.0	0.0	0.0	0.0	0.0	0.0	0.0	0.0	0.0	0.0	0.0	0.0	0.0	0.0	0.0	0.0	0.0	0.0	0.0	0.0	0.0	0.0	0.0	0.0	0.0	0.0	0.0	0.0	0.0	0.0	0.0	0.0	0.0	0.0	0.0	0.0	0.0	0.0	0.0	0.0	
3.896	3.794	3.272	2.7773333333333334	1.81	1.6806666666666668	1.4693333333333334	1.2633333333333334	1.204	1.2013333333333334	1.1313333333333333	1.074	0.902	0.768	0.754	0.5986666666666667	0.4146666666666667	0.4126666666666667	0.4	0.3	0.35333333333333333	0.298	0.312	0.21733333333333332	0.198	0.19133333333333333	0.18733333333333332	0.14733333333333334	0.068	0.054	0.05733333333333333	0.06066666666666667	0.05466666666666667	0.043333333333333335	0.05266666666666667	0.03933333333333333	0.03333333333333333	0.03666666666666667	0.03933333333333333	0.03333333333333333	0.03666666666666667	0.024666666666666667	0.024666666666666667	0.021333333333333333	0.018	0.01	0.008	0.006	0.005333333333333333	0.004	0.002	0.0026666666666666666	0.0013333333333333333	0.0013333333333333333	0.0006666666666666666	0.0006666666666666666	0.0	0.0006666666666666666	0.0	0.0	0.0	0.0	0.0	0.0	0.0	0.0	0.0	0.0	0.0	0.0	0.0	0.0	0.0	0.0	0.0	0.0	0.0	0.0	0.0	0.0	0.0	0.0	0.0	0.0	0.0	0.0	0.0	0.0	0.0	0.0	0.0	0.0	0.0	0.0	0.0	0.0	0.0	0.0	0.0	
