0.01	0.5149494949494949	1.0198989898989899	1.5248484848484847	2.0297979797979795	2.5347474747474745	3.039696969696969	3.544646464646464	4.049595959595959	4.554545454545454	5.059494949494949	5.564444444444444	6.0693939393939385	6.574343434343434	7.0792929292929285	7.584242424242424	8.089191919191919	8.594141414141413	9.099090909090908	9.604040404040404	10.108989898989899	10.613939393939393	11.118888888888888	11.623838383838383	12.128787878787877	12.633737373737373	13.138686868686868	13.643636363636363	14.148585858585857	14.653535353535352	15.158484848484848	15.663434343434343	16.16838383838384	16.673333333333336	17.17828282828283	17.683232323232325	18.188181818181818	18.693131313131314	19.19808080808081	19.703030303030303	20.2079797979798	20.712929292929292	21.21787878787879	21.722828282828285	22.227777777777778	22.732727272727274	23.237676767676767	23.742626262626263	24.247575757575756	24.752525252525253	25.25747474747475	25.762424242424242	26.267373737373738	26.77232323232323	27.277272727272727	27.782222222222224	28.287171717171717	28.792121212121213	29.297070707070706	29.802020202020202	30.3069696969697	30.81191919191919	31.316868686868688	31.82181818181818	32.32676767676767	32.831717171717166	33.336666666666666	33.84161616161616	34.34656565656565	34.851515151515144	35.356464646464644	35.86141414141414	36.36636363636363	36.87131313131313	37.37626262626262	37.881212121212116	38.386161616161615	38.89111111111111	39.3960606060606	39.901010101010094	40.405959595959594	40.91090909090909	41.41585858585858	41.92080808080808	42.42575757575757	42.930707070707065	43.435656565656565	43.94060606060606	44.44555555555555	44.95050505050504	45.45545454545454	45.960404040404036	46.46535353535353	46.97030303030303	47.47525252525252	47.980202020202015	48.48515151515151	48.99010101010101	49.4950505050505	50.0	
0.5006666666666667	0.438	0.36933333333333335	0.354	0.3913333333333333	0.36533333333333334	0.738	1.2126666666666666	1.2273333333333334	1.1733333333333333	1.054	0.9666666666666667	0.6606666666666666	0.584	0.6233333333333333	0.6193333333333333	0.606	0.618	0.54	0.3933333333333333	0.4046666666666667	0.4086666666666667	0.408	0.362	0.3466666666666667	0.364	0.3586666666666667	0.3446666666666667	0.32266666666666666	0.31466666666666665	0.32133333333333336	0.38866666666666666	0.6753333333333333	0.7793333333333333	0.742	0.808	0.8166666666666667	0.7506666666666667	0.7713333333333333	0.7973333333333333	0.7006666666666667	0.564	0.566	0.5873333333333334	0.5106666666666667	0.3913333333333333	0.32866666666666666	0.334	0.33466666666666667	0.324	0.234	0.248	0.23466666666666666	0.2753333333333333	0.344	0.384	0.3973333333333333	0.3446666666666667	0.372	0.38666666666666666	0.3873333333333333	0.38133333333333336	0.374	0.4206666666666667	0.402	0.38333333333333336	0.47533333333333333	0.562	0.6186666666666667	0.6306666666666667	0.6506666666666666	0.614	0.5386666666666666	0.534	0.5233333333333333	0.498	0.46266666666666667	0.4766666666666667	0.49466666666666664	0.492	0.3526666666666667	0.2853333333333333	0.2906666666666667	0.25733333333333336	0.2633333333333333	0.24666666666666667	0.21733333333333332	0.22933333333333333	0.228	0.22733333333333333	0.22133333333333333	0.232	0.23666666666666666	0.22466666666666665	0.23133333333333334	0.21066666666666667	0.23666666666666666	0.20533333333333334	0.214	
0.468	0.4026666666666667	0.38466666666666666	0.36866666666666664	0.342	0.36666666666666664	0.724	1.224	1.2246666666666666	1.1826666666666668	1.0306666666666666	0.986	0.618	0.614	0.6166666666666667	0.6026666666666667	0.6153333333333333	0.5633333333333334	0.5373333333333333	0.3893333333333333	0.43	0.4086666666666667	0.378	0.36933333333333335	0.372	0.32866666666666666	0.3626666666666667	0.35933333333333334	0.30266666666666664	0.31733333333333336	0.31866666666666665	0.38533333333333336	0.7026666666666667	0.7906666666666666	0.742	0.7453333333333333	0.792	0.7873333333333333	0.788	0.782	0.718	0.5966666666666667	0.528	0.574	0.5133333333333333	0.3933333333333333	0.368	0.326	0.32666666666666666	0.264	0.26866666666666666	0.238	0.22266666666666668	0.26	0.32	0.37666666666666665	0.386	0.358	0.3586666666666667	0.37866666666666665	0.38266666666666665	0.38066666666666665	0.4106666666666667	0.4086666666666667	0.3973333333333333	0.41733333333333333	0.45466666666666666	0.5286666666666666	0.5946666666666667	0.6226666666666667	0.6166666666666667	0.544	0.49866666666666665	0.534	0.4806666666666667	0.5306666666666666	0.4846666666666667	0.4826666666666667	0.5306666666666666	0.4746666666666667	0.35533333333333333	0.27666666666666667	0.25666666666666665	0.25933333333333336	0.28733333333333333	0.23	0.22266666666666668	0.22	0.22466666666666665	0.23066666666666666	0.21533333333333332	0.21266666666666667	0.234	0.19933333333333333	0.21933333333333332	0.21666666666666667	0.21866666666666668	0.20666666666666667	0.22066666666666668	
0.462	0.43466666666666665	0.3893333333333333	0.37733333333333335	0.3506666666666667	0.36933333333333335	0.7313333333333333	1.15	1.1973333333333334	1.156	1.0253333333333334	1.0	0.6253333333333333	0.5653333333333334	0.5873333333333334	0.5766666666666667	0.6	0.5446666666666666	0.526	0.416	0.37466666666666665	0.41933333333333334	0.384	0.3413333333333333	0.3546666666666667	0.37333333333333335	0.3393333333333333	0.32066666666666666	0.3006666666666667	0.316	0.30933333333333335	0.37866666666666665	0.6566666666666666	0.7533333333333333	0.7373333333333333	0.746	0.7386666666666667	0.8126666666666666	0.76	0.758	0.6873333333333334	0.5546666666666666	0.5526666666666666	0.544	0.5166666666666667	0.392	0.33466666666666667	0.344	0.31133333333333335	0.2813333333333333	0.25666666666666665	0.25733333333333336	0.23266666666666666	0.25533333333333336	0.30933333333333335	0.374	0.354	0.35	0.374	0.37666666666666665	0.398	0.35533333333333333	0.37266666666666665	0.4013333333333333	0.416	0.358	0.43866666666666665	0.5713333333333334	0.5833333333333334	0.5886666666666667	0.622	0.5633333333333334	0.5033333333333333	0.5566666666666666	0.51	0.468	0.5	0.492	0.5053333333333333	0.4493333333333333	0.3426666666666667	0.26666666666666666	0.25466666666666665	0.262	0.26	0.24466666666666667	0.226	0.23133333333333334	0.19333333333333333	0.218	0.20666666666666667	0.23266666666666666	0.21066666666666667	0.22933333333333333	0.21133333333333335	0.2	0.18666666666666668	0.22133333333333333	0.21133333333333335	
0.44133333333333336	0.392	0.36933333333333335	0.356	0.38066666666666665	0.334	0.6933333333333334	1.1646666666666667	1.1466666666666667	1.1846666666666668	1.02	0.9506666666666667	0.59	0.5706666666666667	0.5453333333333333	0.5773333333333334	0.6133333333333333	0.534	0.51	0.3993333333333333	0.3933333333333333	0.394	0.38866666666666666	0.3433333333333333	0.35	0.32866666666666666	0.33	0.312	0.2966666666666667	0.2986666666666667	0.3	0.38666666666666666	0.666	0.704	0.7513333333333333	0.76	0.752	0.7246666666666667	0.7586666666666667	0.7633333333333333	0.6886666666666666	0.5313333333333333	0.5426666666666666	0.5546666666666666	0.5333333333333333	0.37933333333333336	0.332	0.3	0.31933333333333336	0.2866666666666667	0.23666666666666666	0.218	0.23	0.25733333333333336	0.3413333333333333	0.35533333333333333	0.3466666666666667	0.34	0.38066666666666665	0.36733333333333335	0.37066666666666664	0.366	0.374	0.38866666666666666	0.3933333333333333	0.38266666666666665	0.4166666666666667	0.5573333333333333	0.5693333333333334	0.5493333333333333	0.59	0.5853333333333334	0.49266666666666664	0.49066666666666664	0.474	0.472	0.49133333333333334	0.4706666666666667	0.46066666666666667	0.42533333333333334	0.3393333333333333	0.27266666666666667	0.256	0.26466666666666666	0.23466666666666666	0.21666666666666667	0.22066666666666668	0.226	0.21933333333333332	0.19533333333333333	0.242	0.21333333333333335	0.22133333333333333	0.21733333333333332	0.22733333333333333	0.22466666666666665	0.21333333333333335	0.21933333333333332	0.20066666666666666	
0.4686666666666667	0.412	0.35133333333333333	0.35933333333333334	0.3293333333333333	0.33866666666666667	0.6993333333333334	1.1833333333333333	1.1146666666666667	1.1233333333333333	0.9546666666666667	0.9593333333333334	0.568	0.566	0.5853333333333334	0.5693333333333334	0.5613333333333334	0.5246666666666666	0.45466666666666666	0.3566666666666667	0.3586666666666667	0.396	0.408	0.3506666666666667	0.3393333333333333	0.3333333333333333	0.34933333333333333	0.328	0.3233333333333333	0.2886666666666667	0.28933333333333333	0.35533333333333333	0.6193333333333333	0.738	0.7286666666666667	0.7006666666666667	0.7353333333333333	0.758	0.774	0.7073333333333334	0.656	0.5433333333333333	0.518	0.5166666666666667	0.516	0.3486666666666667	0.306	0.2946666666666667	0.296	0.29133333333333333	0.21466666666666667	0.22333333333333333	0.21666666666666667	0.24266666666666667	0.324	0.348	0.3446666666666667	0.32133333333333336	0.35133333333333333	0.376	0.328	0.35	0.3606666666666667	0.39266666666666666	0.3993333333333333	0.366	0.4026666666666667	0.522	0.538	0.61	0.6113333333333333	0.536	0.5066666666666667	0.4886666666666667	0.492	0.48533333333333334	0.458	0.43933333333333335	0.4593333333333333	0.428	0.3273333333333333	0.258	0.23733333333333334	0.224	0.23133333333333334	0.218	0.22266666666666668	0.226	0.214	0.21	0.208	0.21133333333333335	0.20266666666666666	0.21533333333333332	0.20533333333333334	0.20333333333333334	0.18666666666666668	0.202	0.20333333333333334	
0.43333333333333335	0.39866666666666667	0.3606666666666667	0.3413333333333333	0.364	0.34	0.6673333333333333	1.1433333333333333	1.1153333333333333	1.1046666666666667	0.9733333333333334	0.886	0.57	0.5673333333333334	0.6033333333333334	0.5573333333333333	0.5646666666666667	0.53	0.482	0.37733333333333335	0.38333333333333336	0.386	0.368	0.342	0.326	0.32	0.316	0.31533333333333335	0.30866666666666664	0.30333333333333334	0.2886666666666667	0.3606666666666667	0.66	0.6986666666666667	0.7426666666666667	0.72	0.74	0.736	0.6986666666666667	0.7393333333333333	0.6486666666666666	0.5273333333333333	0.53	0.5673333333333334	0.49266666666666664	0.364	0.29133333333333333	0.308	0.30533333333333335	0.27666666666666667	0.23533333333333334	0.21066666666666667	0.20266666666666666	0.252	0.32	0.36133333333333334	0.3466666666666667	0.3526666666666667	0.342	0.352	0.3606666666666667	0.38	0.3506666666666667	0.3453333333333333	0.356	0.36933333333333335	0.3913333333333333	0.5366666666666666	0.5706666666666667	0.612	0.6066666666666667	0.518	0.5046666666666667	0.48133333333333334	0.514	0.4766666666666667	0.472	0.44533333333333336	0.45266666666666666	0.43333333333333335	0.318	0.26666666666666666	0.25	0.25333333333333335	0.22533333333333333	0.22	0.206	0.19266666666666668	0.214	0.2	0.23733333333333334	0.222	0.218	0.19266666666666668	0.21266666666666667	0.20066666666666666	0.21266666666666667	0.19666666666666666	0.20266666666666666	
0.43066666666666664	0.38266666666666665	0.37266666666666665	0.3253333333333333	0.33666666666666667	0.31266666666666665	0.684	1.0753333333333333	1.088	1.0866666666666667	0.9053333333333333	0.9386666666666666	0.586	0.558	0.5753333333333334	0.5106666666666667	0.5313333333333333	0.524	0.464	0.36733333333333335	0.35333333333333333	0.372	0.354	0.336	0.2806666666666667	0.30933333333333335	0.31	0.29	0.30333333333333334	0.2946666666666667	0.30733333333333335	0.33066666666666666	0.638	0.728	0.6946666666666667	0.702	0.7633333333333333	0.74	0.7546666666666667	0.738	0.6786666666666666	0.536	0.49933333333333335	0.528	0.5006666666666667	0.342	0.2986666666666667	0.3	0.31733333333333336	0.24933333333333332	0.23333333333333334	0.218	0.23666666666666666	0.246	0.306	0.336	0.33666666666666667	0.37533333333333335	0.3413333333333333	0.3606666666666667	0.328	0.37666666666666665	0.3273333333333333	0.39	0.374	0.368	0.43666666666666665	0.522	0.5913333333333334	0.612	0.5706666666666667	0.5513333333333333	0.49666666666666665	0.476	0.454	0.458	0.5073333333333333	0.44333333333333336	0.422	0.43266666666666664	0.334	0.238	0.24	0.228	0.208	0.196	0.208	0.19466666666666665	0.198	0.222	0.19133333333333333	0.20666666666666667	0.20866666666666667	0.20866666666666667	0.188	0.202	0.21333333333333335	0.166	0.176	
0.41733333333333333	0.402	0.3273333333333333	0.33	0.31466666666666665	0.37933333333333336	0.666	1.0893333333333333	1.08	1.092	0.9133333333333333	0.8953333333333333	0.5946666666666667	0.5466666666666666	0.5253333333333333	0.5293333333333333	0.5453333333333333	0.5253333333333333	0.48333333333333334	0.37533333333333335	0.36733333333333335	0.374	0.376	0.3473333333333333	0.31466666666666665	0.33066666666666666	0.3293333333333333	0.27	0.29133333333333333	0.31466666666666665	0.2793333333333333	0.35133333333333333	0.6026666666666667	0.6906666666666667	0.6806666666666666	0.698	0.7386666666666667	0.6906666666666667	0.7	0.712	0.6486666666666666	0.556	0.48933333333333334	0.512	0.4686666666666667	0.36533333333333334	0.30733333333333335	0.2946666666666667	0.2793333333333333	0.27466666666666667	0.21333333333333335	0.23066666666666666	0.19666666666666666	0.218	0.3233333333333333	0.3233333333333333	0.31066666666666665	0.31533333333333335	0.3446666666666667	0.3353333333333333	0.33066666666666666	0.36933333333333335	0.36333333333333334	0.37933333333333336	0.36466666666666664	0.36733333333333335	0.42133333333333334	0.5266666666666666	0.5486666666666666	0.594	0.5626666666666666	0.506	0.49133333333333334	0.48333333333333334	0.4826666666666667	0.4633333333333333	0.448	0.42866666666666664	0.43	0.42866666666666664	0.31666666666666665	0.25133333333333335	0.23866666666666667	0.24	0.22933333333333333	0.214	0.212	0.218	0.19733333333333333	0.202	0.212	0.20866666666666667	0.18533333333333332	0.19933333333333333	0.188	0.20333333333333334	0.20066666666666666	0.18933333333333333	0.17333333333333334	
0.4053333333333333	0.36333333333333334	0.33666666666666667	0.3313333333333333	0.30733333333333335	0.31733333333333336	0.618	1.1106666666666667	1.0753333333333333	1.0293333333333334	0.938	0.9113333333333333	0.536	0.546	0.5873333333333334	0.57	0.5033333333333333	0.49	0.492	0.388	0.372	0.35333333333333333	0.36133333333333334	0.326	0.308	0.3	0.30466666666666664	0.2833333333333333	0.27666666666666667	0.286	0.264	0.31266666666666665	0.5726666666666667	0.6966666666666667	0.6746666666666666	0.7	0.6946666666666667	0.662	0.7053333333333334	0.7033333333333334	0.6213333333333333	0.554	0.5026666666666667	0.49333333333333335	0.4653333333333333	0.33	0.32133333333333336	0.30266666666666664	0.2846666666666667	0.25133333333333335	0.204	0.21133333333333335	0.22	0.25466666666666665	0.3293333333333333	0.2986666666666667	0.32066666666666666	0.324	0.3333333333333333	0.33266666666666667	0.35333333333333333	0.32066666666666666	0.3446666666666667	0.36333333333333334	0.35733333333333334	0.342	0.404	0.518	0.5933333333333334	0.608	0.5506666666666666	0.504	0.45866666666666667	0.464	0.452	0.466	0.416	0.43933333333333335	0.446	0.4266666666666667	0.316	0.272	0.24466666666666667	0.24266666666666667	0.22466666666666665	0.19866666666666666	0.216	0.19933333333333333	0.206	0.21266666666666667	0.19133333333333333	0.202	0.19733333333333333	0.204	0.17666666666666667	0.20533333333333334	0.2	0.18933333333333333	0.164	
0.39266666666666666	0.3873333333333333	0.30533333333333335	0.31933333333333336	0.32466666666666666	0.32	0.6606666666666666	1.0706666666666667	1.0293333333333334	1.0526666666666666	0.9473333333333334	0.898	0.572	0.564	0.5393333333333333	0.5646666666666667	0.5373333333333333	0.496	0.432	0.3586666666666667	0.3293333333333333	0.3526666666666667	0.3546666666666667	0.33466666666666667	0.30733333333333335	0.31933333333333336	0.31733333333333336	0.3	0.26466666666666666	0.264	0.25133333333333335	0.30866666666666664	0.5906666666666667	0.6753333333333333	0.6866666666666666	0.6753333333333333	0.6926666666666667	0.7253333333333334	0.6953333333333334	0.6753333333333333	0.6713333333333333	0.53	0.5166666666666667	0.49666666666666665	0.464	0.354	0.2966666666666667	0.30466666666666664	0.304	0.24466666666666667	0.21066666666666667	0.21933333333333332	0.21866666666666668	0.23933333333333334	0.2806666666666667	0.30666666666666664	0.31066666666666665	0.292	0.338	0.33866666666666667	0.342	0.3446666666666667	0.342	0.3413333333333333	0.31733333333333336	0.3566666666666667	0.37666666666666665	0.478	0.5413333333333333	0.56	0.5593333333333333	0.5553333333333333	0.506	0.48733333333333334	0.43333333333333335	0.43733333333333335	0.468	0.43533333333333335	0.466	0.406	0.312	0.25133333333333335	0.20666666666666667	0.226	0.23	0.198	0.194	0.20466666666666666	0.198	0.184	0.194	0.19733333333333333	0.18866666666666668	0.20333333333333334	0.19666666666666666	0.19866666666666666	0.18866666666666668	0.20333333333333334	0.17266666666666666	
0.41733333333333333	0.36933333333333335	0.32066666666666666	0.3233333333333333	0.314	0.318	0.6393333333333333	1.0266666666666666	1.044	1.0486666666666666	0.9186666666666666	0.87	0.5506666666666666	0.534	0.528	0.492	0.5046666666666667	0.5106666666666667	0.454	0.35533333333333333	0.3626666666666667	0.36533333333333334	0.344	0.31666666666666665	0.296	0.308	0.306	0.314	0.27666666666666667	0.286	0.2806666666666667	0.3446666666666667	0.592	0.6553333333333333	0.6533333333333333	0.66	0.6813333333333333	0.6633333333333333	0.714	0.6553333333333333	0.63	0.49533333333333335	0.478	0.5333333333333333	0.4746666666666667	0.3433333333333333	0.292	0.286	0.288	0.23866666666666667	0.21066666666666667	0.19266666666666668	0.204	0.222	0.25733333333333336	0.308	0.29533333333333334	0.3233333333333333	0.314	0.3446666666666667	0.3393333333333333	0.314	0.3293333333333333	0.36933333333333335	0.334	0.338	0.36333333333333334	0.458	0.536	0.5133333333333333	0.5233333333333333	0.4693333333333333	0.44866666666666666	0.45866666666666667	0.452	0.45	0.456	0.444	0.4033333333333333	0.4206666666666667	0.30466666666666664	0.24333333333333335	0.202	0.236	0.20666666666666667	0.21066666666666667	0.20133333333333334	0.19133333333333333	0.19933333333333333	0.18133333333333335	0.2	0.19533333333333333	0.208	0.17666666666666667	0.21266666666666667	0.20466666666666666	0.18266666666666667	0.17933333333333334	0.16066666666666668	
0.39866666666666667	0.336	0.32466666666666666	0.33066666666666666	0.33	0.30133333333333334	0.654	1.012	1.0106666666666666	1.0206666666666666	0.8586666666666667	0.862	0.5526666666666666	0.52	0.524	0.5553333333333333	0.5313333333333333	0.49133333333333334	0.4593333333333333	0.3506666666666667	0.3233333333333333	0.344	0.346	0.33666666666666667	0.2773333333333333	0.3	0.2793333333333333	0.2813333333333333	0.25666666666666665	0.252	0.2813333333333333	0.3273333333333333	0.578	0.6853333333333333	0.6673333333333333	0.6433333333333333	0.638	0.6386666666666667	0.6693333333333333	0.6873333333333334	0.656	0.4866666666666667	0.482	0.47	0.42933333333333334	0.3466666666666667	0.2813333333333333	0.29733333333333334	0.278	0.23733333333333334	0.21466666666666667	0.21933333333333332	0.20066666666666666	0.23266666666666666	0.29533333333333334	0.264	0.318	0.3006666666666667	0.31	0.322	0.32466666666666666	0.32	0.342	0.348	0.33866666666666667	0.332	0.39466666666666667	0.4533333333333333	0.514	0.556	0.5386666666666666	0.5033333333333333	0.448	0.4646666666666667	0.454	0.4726666666666667	0.4013333333333333	0.422	0.4046666666666667	0.4186666666666667	0.292	0.22733333333333333	0.21466666666666667	0.19466666666666665	0.22666666666666666	0.192	0.20266666666666666	0.198	0.194	0.18	0.18	0.196	0.17866666666666667	0.17933333333333334	0.19	0.17266666666666666	0.17533333333333334	0.176	0.16066666666666668	
0.4053333333333333	0.348	0.3433333333333333	0.27266666666666667	0.31533333333333335	0.31933333333333336	0.6026666666666667	1.022	0.9673333333333334	1.01	0.924	0.8846666666666667	0.5326666666666666	0.5126666666666667	0.5433333333333333	0.49	0.49533333333333335	0.4866666666666667	0.43666666666666665	0.3293333333333333	0.3546666666666667	0.32666666666666666	0.3373333333333333	0.28733333333333333	0.29133333333333333	0.28933333333333333	0.2926666666666667	0.2813333333333333	0.2633333333333333	0.268	0.25466666666666665	0.3486666666666667	0.596	0.62	0.6966666666666667	0.6353333333333333	0.67	0.654	0.68	0.658	0.5753333333333334	0.49733333333333335	0.4846666666666667	0.486	0.4493333333333333	0.3526666666666667	0.26866666666666666	0.25333333333333335	0.284	0.25333333333333335	0.19	0.19533333333333333	0.2	0.21933333333333332	0.26666666666666666	0.3293333333333333	0.30733333333333335	0.2906666666666667	0.314	0.3253333333333333	0.316	0.322	0.32466666666666666	0.36133333333333334	0.33466666666666667	0.36733333333333335	0.3546666666666667	0.476	0.512	0.5186666666666667	0.55	0.51	0.454	0.45	0.43466666666666665	0.44133333333333336	0.41133333333333333	0.394	0.424	0.39266666666666666	0.31533333333333335	0.23066666666666666	0.198	0.244	0.2	0.19933333333333333	0.19933333333333333	0.19	0.17266666666666666	0.18266666666666667	0.176	0.172	0.19666666666666666	0.192	0.176	0.17	0.18866666666666668	0.184	0.158	
0.4053333333333333	0.37	0.31866666666666665	0.312	0.2833333333333333	0.324	0.5853333333333334	1.0353333333333334	0.998	1.028	0.8706666666666667	0.87	0.5506666666666666	0.5173333333333333	0.5026666666666667	0.49533333333333335	0.49466666666666664	0.43133333333333335	0.4126666666666667	0.32466666666666666	0.3406666666666667	0.3313333333333333	0.32666666666666666	0.33	0.30733333333333335	0.31133333333333335	0.28733333333333333	0.2673333333333333	0.24666666666666667	0.26466666666666666	0.27666666666666667	0.3273333333333333	0.5726666666666667	0.592	0.6813333333333333	0.664	0.608	0.6633333333333333	0.6526666666666666	0.6553333333333333	0.5966666666666667	0.5293333333333333	0.44	0.4653333333333333	0.44133333333333336	0.33	0.28733333333333333	0.276	0.25733333333333336	0.254	0.21	0.19333333333333333	0.17266666666666666	0.22333333333333333	0.278	0.2773333333333333	0.30733333333333335	0.284	0.302	0.326	0.31466666666666665	0.30666666666666664	0.30333333333333334	0.326	0.32066666666666666	0.32133333333333336	0.38133333333333336	0.496	0.5133333333333333	0.5533333333333333	0.51	0.4686666666666667	0.4613333333333333	0.458	0.43266666666666664	0.456	0.4053333333333333	0.4146666666666667	0.3973333333333333	0.38866666666666666	0.272	0.244	0.22666666666666666	0.21933333333333332	0.20066666666666666	0.19866666666666666	0.21533333333333332	0.17466666666666666	0.20133333333333334	0.18133333333333335	0.18466666666666667	0.19466666666666665	0.172	0.18266666666666667	0.17066666666666666	0.17666666666666667	0.18333333333333332	0.18	0.16466666666666666	
0.38666666666666666	0.35	0.31733333333333336	0.29733333333333334	0.298	0.29533333333333334	0.584	1.0373333333333334	0.9566666666666667	0.982	0.8586666666666667	0.8133333333333334	0.5406666666666666	0.5226666666666666	0.5206666666666667	0.49466666666666664	0.47733333333333333	0.49066666666666664	0.428	0.3373333333333333	0.31933333333333336	0.3506666666666667	0.30533333333333335	0.286	0.30266666666666664	0.2806666666666667	0.306	0.2826666666666667	0.242	0.2613333333333333	0.258	0.2926666666666667	0.574	0.6233333333333333	0.632	0.6246666666666667	0.688	0.6053333333333333	0.66	0.6433333333333333	0.6306666666666667	0.486	0.4653333333333333	0.454	0.4553333333333333	0.31933333333333336	0.2693333333333333	0.25466666666666665	0.25866666666666666	0.23666666666666666	0.22533333333333333	0.204	0.20533333333333334	0.238	0.2786666666666667	0.30266666666666664	0.2966666666666667	0.302	0.30333333333333334	0.29933333333333334	0.30333333333333334	0.3313333333333333	0.32866666666666666	0.31666666666666665	0.338	0.3353333333333333	0.35333333333333333	0.4713333333333333	0.5366666666666666	0.524	0.5406666666666666	0.466	0.42933333333333334	0.42333333333333334	0.43266666666666664	0.39666666666666667	0.38866666666666666	0.4046666666666667	0.40066666666666667	0.3606666666666667	0.31333333333333335	0.238	0.21266666666666667	0.214	0.19	0.19533333333333333	0.17866666666666667	0.17466666666666666	0.17533333333333334	0.22133333333333333	0.18333333333333332	0.186	0.17933333333333334	0.16	0.18466666666666667	0.178	0.17266666666666666	0.184	0.18666666666666668	
0.39066666666666666	0.32866666666666666	0.296	0.30466666666666664	0.30266666666666664	0.28933333333333333	0.5926666666666667	0.9506666666666667	0.982	0.9673333333333334	0.8173333333333334	0.822	0.508	0.478	0.5126666666666667	0.512	0.4633333333333333	0.44466666666666665	0.4013333333333333	0.318	0.3253333333333333	0.3626666666666667	0.3233333333333333	0.294	0.268	0.28	0.27066666666666667	0.26	0.24266666666666667	0.24533333333333332	0.25133333333333335	0.28	0.5726666666666667	0.6086666666666667	0.6293333333333333	0.61	0.644	0.634	0.6233333333333333	0.6533333333333333	0.58	0.48533333333333334	0.4786666666666667	0.44266666666666665	0.4146666666666667	0.34	0.286	0.274	0.268	0.21933333333333332	0.194	0.19333333333333333	0.21066666666666667	0.23266666666666666	0.2853333333333333	0.28933333333333333	0.31133333333333335	0.2786666666666667	0.2833333333333333	0.306	0.3313333333333333	0.324	0.318	0.346	0.3313333333333333	0.3273333333333333	0.3626666666666667	0.468	0.5153333333333333	0.5333333333333333	0.5046666666666667	0.45266666666666666	0.42	0.436	0.416	0.44066666666666665	0.41	0.3933333333333333	0.4073333333333333	0.3506666666666667	0.276	0.206	0.22533333333333333	0.20933333333333334	0.22333333333333333	0.202	0.20933333333333334	0.18266666666666667	0.19	0.18533333333333332	0.19533333333333333	0.18133333333333335	0.17666666666666667	0.19133333333333333	0.186	0.18666666666666668	0.172	0.15333333333333332	0.14866666666666667	
0.38	0.35	0.2906666666666667	0.288	0.266	0.3	0.58	0.99	0.974	0.9753333333333334	0.8293333333333334	0.8653333333333333	0.5113333333333333	0.4786666666666667	0.516	0.49533333333333335	0.48	0.43733333333333335	0.388	0.30333333333333334	0.31466666666666665	0.36733333333333335	0.308	0.292	0.30133333333333334	0.27066666666666667	0.2886666666666667	0.2613333333333333	0.238	0.25	0.24333333333333335	0.2813333333333333	0.516	0.5933333333333334	0.6326666666666667	0.616	0.6113333333333333	0.6413333333333333	0.6606666666666666	0.6073333333333333	0.566	0.44666666666666666	0.432	0.42933333333333334	0.43533333333333335	0.294	0.26266666666666666	0.262	0.258	0.24333333333333335	0.204	0.194	0.18266666666666667	0.21733333333333332	0.268	0.296	0.304	0.2693333333333333	0.274	0.30266666666666664	0.31333333333333335	0.2966666666666667	0.32133333333333336	0.31933333333333336	0.338	0.30333333333333334	0.3406666666666667	0.4646666666666667	0.508	0.5373333333333333	0.528	0.498	0.46066666666666667	0.4206666666666667	0.44333333333333336	0.4206666666666667	0.406	0.396	0.37466666666666665	0.36933333333333335	0.2906666666666667	0.22333333333333333	0.232	0.212	0.194	0.20933333333333334	0.18533333333333332	0.15733333333333333	0.184	0.18466666666666667	0.18466666666666667	0.21266666666666667	0.198	0.19133333333333333	0.19866666666666666	0.18533333333333332	0.182	0.16666666666666666	0.14333333333333334	
0.37	0.366	0.292	0.2966666666666667	0.28933333333333333	0.286	0.5626666666666666	0.9653333333333334	0.9846666666666667	0.926	0.8366666666666667	0.772	0.5046666666666667	0.4713333333333333	0.51	0.47333333333333333	0.504	0.452	0.41733333333333333	0.31466666666666665	0.31066666666666665	0.30933333333333335	0.31666666666666665	0.288	0.302	0.2673333333333333	0.2906666666666667	0.266	0.23133333333333334	0.248	0.24266666666666667	0.30533333333333335	0.5593333333333333	0.5973333333333334	0.5766666666666667	0.5966666666666667	0.638	0.6753333333333333	0.6233333333333333	0.6546666666666666	0.5426666666666666	0.468	0.43466666666666665	0.4493333333333333	0.43466666666666665	0.3253333333333333	0.26666666666666666	0.2673333333333333	0.23333333333333334	0.23066666666666666	0.19066666666666668	0.19066666666666668	0.20333333333333334	0.21666666666666667	0.25333333333333335	0.25866666666666666	0.26866666666666666	0.2906666666666667	0.30533333333333335	0.2713333333333333	0.30333333333333334	0.28933333333333333	0.318	0.328	0.324	0.342	0.3526666666666667	0.4613333333333333	0.524	0.4826666666666667	0.476	0.4653333333333333	0.41	0.41933333333333334	0.41333333333333333	0.3993333333333333	0.4126666666666667	0.394	0.414	0.36333333333333334	0.294	0.234	0.20333333333333334	0.20933333333333334	0.20133333333333334	0.18533333333333332	0.16866666666666666	0.16333333333333333	0.21	0.17866666666666667	0.18666666666666668	0.17266666666666666	0.17066666666666666	0.16466666666666666	0.18533333333333332	0.186	0.18666666666666668	0.164	0.15066666666666667	
0.3446666666666667	0.314	0.316	0.30533333333333335	0.3006666666666667	0.27666666666666667	0.5546666666666666	0.9293333333333333	0.9686666666666667	0.9353333333333333	0.802	0.808	0.49533333333333335	0.5013333333333333	0.48733333333333334	0.5153333333333333	0.4646666666666667	0.4633333333333333	0.4013333333333333	0.288	0.3253333333333333	0.30466666666666664	0.30266666666666664	0.2826666666666667	0.27066666666666667	0.256	0.282	0.2713333333333333	0.23666666666666666	0.22533333333333333	0.24133333333333334	0.312	0.5513333333333333	0.6126666666666667	0.61	0.5833333333333334	0.574	0.6126666666666667	0.6266666666666667	0.6306666666666667	0.5673333333333334	0.4226666666666667	0.4126666666666667	0.414	0.396	0.28733333333333333	0.246	0.23866666666666667	0.25	0.19933333333333333	0.18866666666666668	0.176	0.17933333333333334	0.20266666666666666	0.266	0.29333333333333333	0.2866666666666667	0.29533333333333334	0.29533333333333334	0.29533333333333334	0.30466666666666664	0.286	0.29	0.2906666666666667	0.308	0.322	0.372	0.42733333333333334	0.498	0.504	0.5053333333333333	0.45666666666666667	0.39	0.416	0.398	0.41	0.4186666666666667	0.37933333333333336	0.36333333333333334	0.3566666666666667	0.2846666666666667	0.21	0.18066666666666667	0.22066666666666668	0.192	0.16333333333333333	0.17733333333333334	0.17	0.17	0.17066666666666666	0.19466666666666665	0.184	0.174	0.17933333333333334	0.15933333333333333	0.182	0.17133333333333334	0.16466666666666666	0.15666666666666668	
0.36466666666666664	0.31533333333333335	0.2946666666666667	0.278	0.29133333333333333	0.2833333333333333	0.5473333333333333	0.9806666666666667	0.9226666666666666	0.932	0.8573333333333333	0.7833333333333333	0.5	0.49	0.4786666666666667	0.468	0.4533333333333333	0.45	0.426	0.308	0.2866666666666667	0.31	0.30933333333333335	0.27666666666666667	0.27466666666666667	0.2886666666666667	0.2733333333333333	0.268	0.22733333333333333	0.23533333333333334	0.24066666666666667	0.292	0.5126666666666667	0.5926666666666667	0.5926666666666667	0.558	0.6046666666666667	0.604	0.604	0.6386666666666667	0.6033333333333334	0.4846666666666667	0.412	0.438	0.38266666666666665	0.31066666666666665	0.272	0.24866666666666667	0.252	0.216	0.20533333333333334	0.18533333333333332	0.172	0.208	0.26066666666666666	0.27266666666666667	0.26666666666666666	0.272	0.294	0.2966666666666667	0.27466666666666667	0.28	0.308	0.32133333333333336	0.30666666666666664	0.294	0.3233333333333333	0.43666666666666665	0.4693333333333333	0.508	0.49866666666666665	0.47333333333333333	0.39066666666666666	0.37	0.4073333333333333	0.3993333333333333	0.37933333333333336	0.38266666666666665	0.37333333333333335	0.3466666666666667	0.2713333333333333	0.218	0.206	0.20133333333333334	0.19333333333333333	0.17933333333333334	0.19	0.158	0.18266666666666667	0.16733333333333333	0.15933333333333333	0.17533333333333334	0.14666666666666667	0.17466666666666666	0.16733333333333333	0.17333333333333334	0.178	0.16	0.14666666666666667	
0.3473333333333333	0.2833333333333333	0.2833333333333333	0.26666666666666666	0.26066666666666666	0.268	0.5126666666666667	0.8973333333333333	0.936	0.898	0.816	0.8	0.468	0.47733333333333333	0.502	0.4633333333333333	0.46066666666666667	0.42333333333333334	0.37733333333333335	0.31066666666666665	0.31666666666666665	0.302	0.30866666666666664	0.2733333333333333	0.2733333333333333	0.262	0.26066666666666666	0.22666666666666666	0.22	0.228	0.22466666666666665	0.268	0.548	0.574	0.5873333333333334	0.576	0.5966666666666667	0.5926666666666667	0.6473333333333333	0.614	0.5686666666666667	0.45666666666666667	0.43266666666666664	0.42866666666666664	0.4026666666666667	0.306	0.26666666666666666	0.2653333333333333	0.248	0.23333333333333334	0.18333333333333332	0.18266666666666667	0.186	0.188	0.2633333333333333	0.28	0.26	0.2693333333333333	0.30266666666666664	0.2946666666666667	0.29733333333333334	0.30666666666666664	0.30266666666666664	0.308	0.336	0.3433333333333333	0.3566666666666667	0.474	0.456	0.4686666666666667	0.442	0.4186666666666667	0.39666666666666667	0.39666666666666667	0.392	0.39066666666666666	0.3393333333333333	0.36666666666666664	0.358	0.356	0.24933333333333332	0.20266666666666666	0.18666666666666668	0.19733333333333333	0.19666666666666666	0.172	0.17266666666666666	0.17866666666666667	0.178	0.18933333333333333	0.15666666666666668	0.16733333333333333	0.166	0.186	0.144	0.164	0.16533333333333333	0.15866666666666668	0.144	
0.35333333333333333	0.316	0.3006666666666667	0.3	0.26066666666666666	0.276	0.556	0.9013333333333333	0.934	0.8846666666666667	0.7966666666666666	0.7806666666666666	0.488	0.49733333333333335	0.4533333333333333	0.49066666666666664	0.4713333333333333	0.418	0.3893333333333333	0.318	0.302	0.282	0.308	0.25866666666666666	0.266	0.286	0.2673333333333333	0.23666666666666666	0.236	0.234	0.22866666666666666	0.30466666666666664	0.5406666666666666	0.58	0.5666666666666667	0.5833333333333334	0.598	0.5766666666666667	0.5813333333333334	0.5893333333333334	0.53	0.43333333333333335	0.41133333333333333	0.4013333333333333	0.43733333333333335	0.3	0.242	0.22733333333333333	0.25333333333333335	0.23466666666666666	0.18266666666666667	0.16266666666666665	0.178	0.17066666666666666	0.25066666666666665	0.27466666666666667	0.27266666666666667	0.2966666666666667	0.29733333333333334	0.2633333333333333	0.29	0.282	0.28	0.2733333333333333	0.288	0.31466666666666665	0.3293333333333333	0.418	0.4806666666666667	0.4613333333333333	0.45666666666666667	0.44133333333333336	0.43133333333333335	0.422	0.36733333333333335	0.382	0.362	0.4033333333333333	0.37733333333333335	0.33866666666666667	0.286	0.18466666666666667	0.16866666666666666	0.206	0.19533333333333333	0.16466666666666666	0.16933333333333334	0.174	0.17733333333333334	0.166	0.172	0.176	0.16933333333333334	0.16266666666666665	0.17	0.15466666666666667	0.17	0.164	0.128	
0.356	0.31733333333333336	0.29133333333333333	0.276	0.29	0.2853333333333333	0.5293333333333333	0.9313333333333333	0.8973333333333333	0.8626666666666667	0.8213333333333334	0.7366666666666667	0.444	0.4806666666666667	0.44733333333333336	0.4686666666666667	0.45266666666666666	0.43533333333333335	0.39	0.31866666666666665	0.3313333333333333	0.31	0.28733333333333333	0.2846666666666667	0.26066666666666666	0.2693333333333333	0.26266666666666666	0.23133333333333334	0.23533333333333334	0.24066666666666667	0.24533333333333332	0.2613333333333333	0.5	0.572	0.6026666666666667	0.5846666666666667	0.5893333333333334	0.5706666666666667	0.6093333333333333	0.618	0.5653333333333334	0.44466666666666665	0.4093333333333333	0.42733333333333334	0.38466666666666666	0.30333333333333334	0.24066666666666667	0.24666666666666667	0.26066666666666666	0.22933333333333333	0.168	0.172	0.15933333333333333	0.19333333333333333	0.25733333333333336	0.2753333333333333	0.24266666666666667	0.2693333333333333	0.2853333333333333	0.274	0.2886666666666667	0.25333333333333335	0.2773333333333333	0.31733333333333336	0.324	0.3	0.338	0.41	0.44866666666666666	0.4553333333333333	0.482	0.46	0.3953333333333333	0.382	0.39466666666666667	0.408	0.35733333333333334	0.37333333333333335	0.36	0.3526666666666667	0.278	0.19466666666666665	0.19866666666666666	0.20733333333333334	0.188	0.19066666666666668	0.162	0.17	0.194	0.158	0.146	0.172	0.16333333333333333	0.16866666666666666	0.16733333333333333	0.16333333333333333	0.174	0.14533333333333334	0.14	
0.37133333333333335	0.29533333333333334	0.2786666666666667	0.282	0.282	0.2853333333333333	0.542	0.9453333333333334	0.8973333333333333	0.856	0.8166666666666667	0.73	0.5066666666666667	0.43533333333333335	0.44133333333333336	0.452	0.46266666666666667	0.406	0.3973333333333333	0.29333333333333333	0.30733333333333335	0.278	0.2906666666666667	0.2826666666666667	0.24866666666666667	0.268	0.246	0.24066666666666667	0.23266666666666666	0.23866666666666667	0.23066666666666666	0.28933333333333333	0.49733333333333335	0.568	0.5833333333333334	0.596	0.5613333333333334	0.6013333333333334	0.5993333333333334	0.5973333333333334	0.5333333333333333	0.4033333333333333	0.38866666666666666	0.43533333333333335	0.358	0.30466666666666664	0.23866666666666667	0.25133333333333335	0.23	0.20933333333333334	0.19266666666666668	0.17533333333333334	0.168	0.19266666666666668	0.256	0.25066666666666665	0.25933333333333336	0.24466666666666667	0.2613333333333333	0.25333333333333335	0.25266666666666665	0.294	0.278	0.27466666666666667	0.31066666666666665	0.30266666666666664	0.32466666666666666	0.418	0.4666666666666667	0.46066666666666667	0.448	0.4266666666666667	0.4	0.4033333333333333	0.366	0.406	0.378	0.35533333333333333	0.37533333333333335	0.3546666666666667	0.25533333333333336	0.21266666666666667	0.166	0.20066666666666666	0.19666666666666666	0.18066666666666667	0.176	0.16066666666666668	0.156	0.17	0.15933333333333333	0.16066666666666668	0.162	0.15933333333333333	0.16133333333333333	0.182	0.154	0.146	0.13933333333333334	
0.3626666666666667	0.3293333333333333	0.2826666666666667	0.276	0.2753333333333333	0.2753333333333333	0.508	0.8666666666666667	0.87	0.8586666666666667	0.762	0.7626666666666667	0.48333333333333334	0.44533333333333336	0.444	0.45066666666666666	0.44733333333333336	0.39666666666666667	0.362	0.2806666666666667	0.29333333333333333	0.308	0.2793333333333333	0.268	0.252	0.27666666666666667	0.25866666666666666	0.26666666666666666	0.236	0.22066666666666668	0.21666666666666667	0.29933333333333334	0.49933333333333335	0.5326666666666666	0.57	0.5513333333333333	0.574	0.5726666666666667	0.6033333333333334	0.556	0.55	0.43866666666666665	0.432	0.4166666666666667	0.3913333333333333	0.2946666666666667	0.23666666666666666	0.222	0.278	0.21066666666666667	0.16666666666666666	0.17733333333333334	0.16266666666666665	0.21133333333333335	0.256	0.25866666666666666	0.25933333333333336	0.27466666666666667	0.2633333333333333	0.2813333333333333	0.27266666666666667	0.27066666666666667	0.2846666666666667	0.30533333333333335	0.2986666666666667	0.30466666666666664	0.3586666666666667	0.4166666666666667	0.466	0.4613333333333333	0.4653333333333333	0.43	0.38	0.33866666666666667	0.36866666666666664	0.372	0.362	0.36933333333333335	0.3873333333333333	0.332	0.24266666666666667	0.18	0.18866666666666668	0.196	0.17066666666666666	0.176	0.15	0.17866666666666667	0.17266666666666666	0.16666666666666666	0.166	0.16333333333333333	0.14333333333333334	0.16533333333333333	0.16133333333333333	0.152	0.15733333333333333	0.144	0.15266666666666667	
0.356	0.27	0.274	0.242	0.27266666666666667	0.25466666666666665	0.5146666666666667	0.8793333333333333	0.8446666666666667	0.914	0.7653333333333333	0.738	0.44466666666666665	0.4693333333333333	0.4573333333333333	0.43466666666666665	0.4653333333333333	0.4266666666666667	0.3433333333333333	0.276	0.252	0.2853333333333333	0.2813333333333333	0.2693333333333333	0.25533333333333336	0.264	0.264	0.25533333333333336	0.232	0.20266666666666666	0.242	0.29133333333333333	0.4866666666666667	0.54	0.5586666666666666	0.57	0.56	0.5526666666666666	0.5693333333333334	0.5786666666666667	0.5326666666666666	0.42	0.37866666666666665	0.3953333333333333	0.39866666666666667	0.294	0.23733333333333334	0.242	0.22733333333333333	0.21466666666666667	0.18733333333333332	0.17	0.16733333333333333	0.18933333333333333	0.23533333333333334	0.25933333333333336	0.262	0.2693333333333333	0.278	0.268	0.2853333333333333	0.306	0.272	0.29533333333333334	0.2866666666666667	0.27	0.3506666666666667	0.43733333333333335	0.4766666666666667	0.4593333333333333	0.43866666666666665	0.4073333333333333	0.378	0.36866666666666664	0.402	0.3606666666666667	0.348	0.372	0.352	0.3586666666666667	0.23533333333333334	0.202	0.18866666666666668	0.206	0.17533333333333334	0.17266666666666666	0.15466666666666667	0.17266666666666666	0.16466666666666666	0.176	0.17133333333333334	0.16	0.168	0.164	0.168	0.13666666666666666	0.15933333333333333	0.156	0.14333333333333334	
0.342	0.31333333333333335	0.272	0.254	0.25133333333333335	0.27266666666666667	0.54	0.8726666666666667	0.8526666666666667	0.844	0.7893333333333333	0.74	0.454	0.428	0.442	0.44266666666666665	0.4266666666666667	0.42933333333333334	0.388	0.31133333333333335	0.2633333333333333	0.30333333333333334	0.27066666666666667	0.26	0.22733333333333333	0.25533333333333336	0.236	0.23733333333333334	0.21266666666666667	0.204	0.24133333333333334	0.2733333333333333	0.4786666666666667	0.5353333333333333	0.5746666666666667	0.5446666666666666	0.5306666666666666	0.5553333333333333	0.57	0.57	0.5086666666666667	0.42	0.41733333333333333	0.432	0.398	0.284	0.244	0.242	0.222	0.192	0.16933333333333334	0.154	0.16933333333333334	0.18733333333333332	0.23333333333333334	0.24533333333333332	0.2613333333333333	0.256	0.25333333333333335	0.252	0.26666666666666666	0.25133333333333335	0.2986666666666667	0.2806666666666667	0.2926666666666667	0.276	0.3253333333333333	0.37733333333333335	0.452	0.4726666666666667	0.466	0.4086666666666667	0.36866666666666664	0.372	0.368	0.36733333333333335	0.3526666666666667	0.35333333333333333	0.3466666666666667	0.3373333333333333	0.25533333333333336	0.17533333333333334	0.20933333333333334	0.18533333333333332	0.178	0.16066666666666668	0.16533333333333333	0.194	0.15266666666666667	0.156	0.16266666666666665	0.14733333333333334	0.15866666666666668	0.146	0.144	0.138	0.15133333333333332	0.14266666666666666	0.124	
0.32066666666666666	0.2833333333333333	0.29333333333333333	0.2753333333333333	0.248	0.26	0.5446666666666666	0.8533333333333334	0.8453333333333334	0.862	0.776	0.716	0.43466666666666665	0.42	0.44866666666666666	0.44133333333333336	0.42	0.3913333333333333	0.358	0.26266666666666666	0.2733333333333333	0.2846666666666667	0.2806666666666667	0.264	0.24466666666666667	0.23866666666666667	0.25733333333333336	0.22266666666666668	0.23066666666666666	0.20466666666666666	0.204	0.2733333333333333	0.47733333333333333	0.5773333333333334	0.5333333333333333	0.5553333333333333	0.5173333333333333	0.5826666666666667	0.5906666666666667	0.5273333333333333	0.4846666666666667	0.4046666666666667	0.38066666666666665	0.37133333333333335	0.39866666666666667	0.2733333333333333	0.23733333333333334	0.224	0.22666666666666666	0.21533333333333332	0.16	0.17266666666666666	0.168	0.18466666666666667	0.234	0.256	0.238	0.25333333333333335	0.25133333333333335	0.27066666666666667	0.25333333333333335	0.268	0.25933333333333336	0.28733333333333333	0.298	0.2886666666666667	0.3406666666666667	0.42733333333333334	0.44066666666666665	0.49266666666666664	0.43866666666666665	0.412	0.3466666666666667	0.348	0.38133333333333336	0.37533333333333335	0.38266666666666665	0.3473333333333333	0.3586666666666667	0.304	0.25066666666666665	0.20933333333333334	0.2	0.19133333333333333	0.17866666666666667	0.16266666666666665	0.17266666666666666	0.16733333333333333	0.15733333333333333	0.15666666666666668	0.164	0.152	0.168	0.15666666666666668	0.15533333333333332	0.16533333333333333	0.13066666666666665	0.14333333333333334	0.16	
0.3353333333333333	0.278	0.2673333333333333	0.2806666666666667	0.25133333333333335	0.26866666666666666	0.5053333333333333	0.864	0.8333333333333334	0.8446666666666667	0.7526666666666667	0.6766666666666666	0.4613333333333333	0.414	0.43066666666666664	0.43266666666666664	0.4146666666666667	0.394	0.37733333333333335	0.27666666666666667	0.30933333333333335	0.292	0.28	0.258	0.24133333333333334	0.246	0.23333333333333334	0.23666666666666666	0.19933333333333333	0.21333333333333335	0.22333333333333333	0.25066666666666665	0.492	0.5586666666666666	0.522	0.526	0.534	0.5906666666666667	0.5486666666666666	0.5473333333333333	0.5126666666666667	0.418	0.38866666666666666	0.37933333333333336	0.392	0.278	0.21	0.214	0.23133333333333334	0.19333333333333333	0.18466666666666667	0.16333333333333333	0.16733333333333333	0.182	0.264	0.23666666666666666	0.272	0.27466666666666667	0.2693333333333333	0.27466666666666667	0.276	0.2753333333333333	0.2713333333333333	0.2693333333333333	0.27266666666666667	0.272	0.318	0.36533333333333334	0.4706666666666667	0.458	0.42933333333333334	0.392	0.38266666666666665	0.3626666666666667	0.374	0.36466666666666664	0.33866666666666667	0.346	0.36133333333333334	0.318	0.238	0.17066666666666666	0.17133333333333334	0.178	0.16933333333333334	0.16666666666666666	0.168	0.16933333333333334	0.16866666666666666	0.14266666666666666	0.152	0.15666666666666668	0.166	0.16133333333333333	0.13866666666666666	0.146	0.16066666666666668	0.16266666666666665	0.13266666666666665	
0.322	0.2633333333333333	0.2733333333333333	0.25466666666666665	0.26066666666666666	0.264	0.5053333333333333	0.8513333333333334	0.8306666666666667	0.81	0.7613333333333333	0.7306666666666667	0.44733333333333336	0.458	0.4046666666666667	0.41	0.404	0.402	0.38333333333333336	0.272	0.2926666666666667	0.2826666666666667	0.2866666666666667	0.24466666666666667	0.256	0.244	0.24933333333333332	0.25266666666666665	0.21533333333333332	0.21	0.21066666666666667	0.2786666666666667	0.49466666666666664	0.5486666666666666	0.5433333333333333	0.5326666666666666	0.5526666666666666	0.552	0.528	0.5526666666666666	0.5133333333333333	0.41	0.41533333333333333	0.398	0.37266666666666665	0.2853333333333333	0.20866666666666667	0.23866666666666667	0.19133333333333333	0.20533333333333334	0.158	0.17733333333333334	0.15666666666666668	0.19666666666666666	0.232	0.228	0.248	0.25066666666666665	0.2633333333333333	0.2673333333333333	0.2613333333333333	0.25	0.2786666666666667	0.284	0.30133333333333334	0.26266666666666666	0.2926666666666667	0.398	0.39266666666666666	0.41133333333333333	0.4646666666666667	0.386	0.37	0.35933333333333334	0.3313333333333333	0.3333333333333333	0.358	0.3446666666666667	0.37066666666666664	0.33066666666666666	0.226	0.20733333333333334	0.2	0.196	0.16466666666666666	0.17866666666666667	0.17333333333333334	0.176	0.144	0.152	0.144	0.158	0.154	0.15466666666666667	0.15066666666666667	0.15866666666666668	0.16933333333333334	0.146	0.142	
0.30533333333333335	0.2753333333333333	0.25866666666666666	0.266	0.23866666666666667	0.22866666666666666	0.48133333333333334	0.8313333333333334	0.8546666666666667	0.8226666666666667	0.7586666666666667	0.678	0.44533333333333336	0.4106666666666667	0.434	0.44	0.396	0.37266666666666665	0.34933333333333333	0.26466666666666666	0.2653333333333333	0.25666666666666665	0.25266666666666665	0.25	0.23533333333333334	0.22733333333333333	0.24	0.218	0.21933333333333332	0.24333333333333335	0.20133333333333334	0.286	0.472	0.5386666666666666	0.496	0.558	0.5373333333333333	0.5113333333333333	0.5306666666666666	0.55	0.496	0.41733333333333333	0.3953333333333333	0.4066666666666667	0.3466666666666667	0.2733333333333333	0.214	0.24933333333333332	0.21466666666666667	0.17933333333333334	0.16066666666666668	0.15266666666666667	0.15866666666666668	0.18666666666666668	0.24	0.23066666666666666	0.2906666666666667	0.25	0.25866666666666666	0.25066666666666665	0.23733333333333334	0.274	0.2733333333333333	0.282	0.296	0.2786666666666667	0.31066666666666665	0.4146666666666667	0.41533333333333333	0.45466666666666666	0.45066666666666666	0.406	0.364	0.352	0.352	0.3393333333333333	0.342	0.3393333333333333	0.36	0.342	0.256	0.19266666666666668	0.188	0.18266666666666667	0.16266666666666665	0.13133333333333333	0.18666666666666668	0.16266666666666665	0.13933333333333334	0.16333333333333333	0.15066666666666667	0.154	0.15933333333333333	0.14533333333333334	0.15266666666666667	0.14933333333333335	0.13933333333333334	0.14666666666666667	0.12333333333333334	
0.326	0.30733333333333335	0.27066666666666667	0.22066666666666668	0.23866666666666667	0.25133333333333335	0.4633333333333333	0.816	0.804	0.858	0.7133333333333334	0.7173333333333334	0.43933333333333335	0.412	0.3993333333333333	0.4013333333333333	0.38	0.35933333333333334	0.32666666666666666	0.266	0.286	0.2693333333333333	0.2786666666666667	0.252	0.264	0.24533333333333332	0.24666666666666667	0.24866666666666667	0.20333333333333334	0.194	0.20066666666666666	0.25933333333333336	0.484	0.52	0.5406666666666666	0.5186666666666667	0.5706666666666667	0.5166666666666667	0.5233333333333333	0.5313333333333333	0.48933333333333334	0.37066666666666664	0.37666666666666665	0.384	0.386	0.27	0.23666666666666666	0.196	0.21733333333333332	0.194	0.16533333333333333	0.16333333333333333	0.16933333333333334	0.17866666666666667	0.238	0.23866666666666667	0.244	0.24533333333333332	0.25333333333333335	0.25133333333333335	0.25266666666666665	0.25	0.274	0.2633333333333333	0.27666666666666667	0.278	0.31866666666666665	0.38466666666666666	0.42933333333333334	0.4593333333333333	0.41133333333333333	0.38866666666666666	0.356	0.37666666666666665	0.3893333333333333	0.35733333333333334	0.37466666666666665	0.34	0.35333333333333333	0.30133333333333334	0.246	0.18533333333333332	0.19333333333333333	0.15733333333333333	0.16933333333333334	0.138	0.14333333333333334	0.14733333333333334	0.16	0.14733333333333334	0.13866666666666666	0.15066666666666667	0.16	0.16466666666666666	0.14666666666666667	0.156	0.15533333333333332	0.12733333333333333	0.13733333333333334	
0.29733333333333334	0.2853333333333333	0.25	0.244	0.24	0.23466666666666666	0.5313333333333333	0.83	0.8093333333333333	0.788	0.724	0.698	0.448	0.4166666666666667	0.434	0.41533333333333333	0.3953333333333333	0.37466666666666665	0.31066666666666665	0.2613333333333333	0.2886666666666667	0.27266666666666667	0.2633333333333333	0.23933333333333334	0.242	0.218	0.25266666666666665	0.22266666666666668	0.21933333333333332	0.21466666666666667	0.21733333333333332	0.26466666666666666	0.44533333333333336	0.508	0.49733333333333335	0.506	0.53	0.5466666666666666	0.5393333333333333	0.514	0.486	0.38866666666666666	0.392	0.41333333333333333	0.36133333333333334	0.26466666666666666	0.20866666666666667	0.22866666666666666	0.20533333333333334	0.18733333333333332	0.14933333333333335	0.15866666666666668	0.16133333333333333	0.16933333333333334	0.236	0.23866666666666667	0.24533333333333332	0.252	0.26066666666666666	0.256	0.24733333333333332	0.26666666666666666	0.2826666666666667	0.27466666666666667	0.256	0.27466666666666667	0.31733333333333336	0.37533333333333335	0.4073333333333333	0.4206666666666667	0.4246666666666667	0.3873333333333333	0.37266666666666665	0.36666666666666664	0.35133333333333333	0.362	0.33466666666666667	0.326	0.3453333333333333	0.30533333333333335	0.22733333333333333	0.178	0.20333333333333334	0.16866666666666666	0.172	0.15733333333333333	0.15466666666666667	0.17666666666666667	0.168	0.13933333333333334	0.13466666666666666	0.14733333333333334	0.148	0.16133333333333333	0.13933333333333334	0.16266666666666665	0.126	0.136	0.132	
0.29333333333333333	0.2613333333333333	0.25466666666666665	0.23866666666666667	0.22866666666666666	0.23466666666666666	0.49333333333333335	0.762	0.7833333333333333	0.8093333333333333	0.67	0.6793333333333333	0.4053333333333333	0.3973333333333333	0.404	0.3973333333333333	0.4	0.3873333333333333	0.35	0.23666666666666666	0.248	0.25266666666666665	0.268	0.21533333333333332	0.21866666666666668	0.232	0.218	0.22266666666666668	0.19466666666666665	0.18333333333333332	0.20133333333333334	0.258	0.46066666666666667	0.492	0.5173333333333333	0.51	0.492	0.5586666666666666	0.5713333333333334	0.5093333333333333	0.4806666666666667	0.36666666666666664	0.37333333333333335	0.38	0.3526666666666667	0.25	0.22066666666666668	0.19466666666666665	0.206	0.172	0.16666666666666666	0.16	0.16533333333333333	0.17666666666666667	0.21266666666666667	0.24066666666666667	0.26	0.2653333333333333	0.22733333333333333	0.24666666666666667	0.23733333333333334	0.2613333333333333	0.268	0.27266666666666667	0.282	0.2653333333333333	0.2926666666666667	0.3486666666666667	0.426	0.41333333333333333	0.424	0.37266666666666665	0.36666666666666664	0.354	0.35133333333333333	0.3313333333333333	0.334	0.3313333333333333	0.342	0.30266666666666664	0.222	0.18933333333333333	0.16133333333333333	0.18133333333333335	0.192	0.14666666666666667	0.152	0.14266666666666666	0.15666666666666668	0.152	0.14733333333333334	0.14133333333333334	0.16666666666666666	0.14866666666666667	0.11866666666666667	0.12733333333333333	0.13733333333333334	0.128	0.122	
0.286	0.2853333333333333	0.23866666666666667	0.21533333333333332	0.24266666666666667	0.24666666666666667	0.46066666666666667	0.7793333333333333	0.814	0.7966666666666666	0.722	0.6493333333333333	0.408	0.3893333333333333	0.4126666666666667	0.394	0.43733333333333335	0.384	0.328	0.228	0.2753333333333333	0.254	0.25866666666666666	0.23933333333333334	0.218	0.22866666666666666	0.22933333333333333	0.228	0.20666666666666667	0.18933333333333333	0.19266666666666668	0.262	0.43066666666666664	0.504	0.506	0.5173333333333333	0.528	0.502	0.51	0.546	0.4726666666666667	0.38533333333333336	0.39466666666666667	0.392	0.34933333333333333	0.22733333333333333	0.198	0.19933333333333333	0.198	0.17533333333333334	0.146	0.176	0.16333333333333333	0.15866666666666668	0.222	0.19933333333333333	0.22133333333333333	0.23	0.23933333333333334	0.25333333333333335	0.26	0.258	0.244	0.2733333333333333	0.25333333333333335	0.2673333333333333	0.296	0.36	0.4046666666666667	0.41733333333333333	0.41733333333333333	0.38133333333333336	0.348	0.31733333333333336	0.3393333333333333	0.30533333333333335	0.32866666666666666	0.3546666666666667	0.308	0.2906666666666667	0.22266666666666668	0.184	0.15133333333333332	0.144	0.16866666666666666	0.16933333333333334	0.16466666666666666	0.15866666666666668	0.13866666666666666	0.12533333333333332	0.13666666666666666	0.14066666666666666	0.156	0.14133333333333334	0.14733333333333334	0.15	0.15066666666666667	0.144	0.11533333333333333	
0.2846666666666667	0.262	0.222	0.23933333333333334	0.23066666666666666	0.24866666666666667	0.468	0.7766666666666666	0.714	0.7866666666666666	0.656	0.676	0.406	0.4026666666666667	0.3973333333333333	0.4146666666666667	0.4106666666666667	0.346	0.31466666666666665	0.26066666666666666	0.2613333333333333	0.252	0.246	0.23933333333333334	0.23133333333333334	0.19933333333333333	0.21866666666666668	0.19733333333333333	0.202	0.19066666666666668	0.21066666666666667	0.24933333333333332	0.44533333333333336	0.48	0.49866666666666665	0.5193333333333333	0.5026666666666667	0.5206666666666667	0.5026666666666667	0.536	0.43266666666666664	0.38333333333333336	0.3393333333333333	0.32133333333333336	0.3453333333333333	0.24066666666666667	0.21866666666666668	0.20133333333333334	0.194	0.184	0.152	0.14133333333333334	0.156	0.18	0.22333333333333333	0.24066666666666667	0.24666666666666667	0.236	0.23933333333333334	0.26066666666666666	0.23866666666666667	0.258	0.24066666666666667	0.25133333333333335	0.23933333333333334	0.26466666666666666	0.2846666666666667	0.3506666666666667	0.412	0.39466666666666667	0.38466666666666666	0.37666666666666665	0.3233333333333333	0.35133333333333333	0.33466666666666667	0.33866666666666667	0.332	0.3253333333333333	0.332	0.2846666666666667	0.21933333333333332	0.16333333333333333	0.17266666666666666	0.166	0.15866666666666668	0.15466666666666667	0.14533333333333334	0.13666666666666666	0.14	0.13266666666666665	0.138	0.12533333333333332	0.156	0.148	0.12933333333333333	0.12	0.13533333333333333	0.13066666666666665	0.13666666666666666	
0.27066666666666667	0.23733333333333334	0.236	0.22666666666666666	0.236	0.23266666666666666	0.458	0.7773333333333333	0.7266666666666667	0.77	0.6626666666666666	0.592	0.3913333333333333	0.3913333333333333	0.4126666666666667	0.4013333333333333	0.37333333333333335	0.36533333333333334	0.30133333333333334	0.24266666666666667	0.23466666666666666	0.26	0.2653333333333333	0.21666666666666667	0.24066666666666667	0.22866666666666666	0.21266666666666667	0.196	0.162	0.20666666666666667	0.168	0.23866666666666667	0.39666666666666667	0.45466666666666666	0.492	0.4846666666666667	0.496	0.556	0.49133333333333334	0.49866666666666665	0.43266666666666664	0.35933333333333334	0.344	0.3373333333333333	0.3	0.27	0.22133333333333333	0.20933333333333334	0.19733333333333333	0.194	0.15266666666666667	0.15333333333333332	0.154	0.174	0.21333333333333335	0.21733333333333332	0.21866666666666668	0.22866666666666666	0.23133333333333334	0.23066666666666666	0.228	0.22533333333333333	0.25866666666666666	0.25466666666666665	0.26066666666666666	0.24266666666666667	0.284	0.3526666666666667	0.37666666666666665	0.37133333333333335	0.4086666666666667	0.3606666666666667	0.34933333333333333	0.3466666666666667	0.336	0.31466666666666665	0.29933333333333334	0.32	0.31466666666666665	0.286	0.246	0.16733333333333333	0.15066666666666667	0.16866666666666666	0.178	0.172	0.15933333333333333	0.14533333333333334	0.134	0.13866666666666666	0.148	0.15933333333333333	0.13133333333333333	0.15133333333333332	0.13666666666666666	0.12466666666666666	0.13333333333333333	0.11933333333333333	0.13133333333333333	
0.2926666666666667	0.25933333333333336	0.22866666666666666	0.23133333333333334	0.224	0.216	0.438	0.7473333333333333	0.742	0.7526666666666667	0.6186666666666667	0.6253333333333333	0.388	0.38533333333333336	0.37333333333333335	0.3953333333333333	0.3873333333333333	0.338	0.332	0.24866666666666667	0.24466666666666667	0.26466666666666666	0.23333333333333334	0.23466666666666666	0.20866666666666667	0.198	0.19866666666666666	0.19866666666666666	0.21533333333333332	0.16466666666666666	0.19	0.24266666666666667	0.42866666666666664	0.49933333333333335	0.458	0.4713333333333333	0.498	0.4593333333333333	0.47533333333333333	0.5053333333333333	0.4686666666666667	0.3626666666666667	0.338	0.3486666666666667	0.3333333333333333	0.25266666666666665	0.20266666666666666	0.202	0.19	0.19266666666666668	0.156	0.15333333333333332	0.13533333333333333	0.156	0.19533333333333333	0.22866666666666666	0.25133333333333335	0.22733333333333333	0.226	0.22266666666666668	0.22066666666666668	0.244	0.24533333333333332	0.24266666666666667	0.23266666666666666	0.26066666666666666	0.30333333333333334	0.352	0.406	0.39666666666666667	0.3993333333333333	0.374	0.3406666666666667	0.32133333333333336	0.294	0.318	0.302	0.30933333333333335	0.306	0.28733333333333333	0.23666666666666666	0.16133333333333333	0.15333333333333332	0.158	0.17	0.126	0.14933333333333335	0.14933333333333335	0.14533333333333334	0.13733333333333334	0.11533333333333333	0.13666666666666666	0.156	0.13333333333333333	0.12466666666666666	0.136	0.13733333333333334	0.13	0.12933333333333333	
0.2846666666666667	0.26	0.24	0.206	0.19933333333333333	0.212	0.458	0.736	0.7113333333333334	0.7086666666666667	0.6606666666666666	0.6626666666666666	0.36866666666666664	0.376	0.3873333333333333	0.3506666666666667	0.37466666666666665	0.364	0.2966666666666667	0.23666666666666666	0.23533333333333334	0.232	0.21866666666666668	0.21733333333333332	0.22333333333333333	0.20066666666666666	0.20933333333333334	0.20733333333333334	0.18333333333333332	0.20666666666666667	0.20066666666666666	0.214	0.36533333333333334	0.4846666666666667	0.454	0.45066666666666666	0.4713333333333333	0.4746666666666667	0.494	0.45466666666666666	0.3973333333333333	0.36733333333333335	0.3273333333333333	0.346	0.334	0.25333333333333335	0.17733333333333334	0.18933333333333333	0.18666666666666668	0.16266666666666665	0.13933333333333334	0.15	0.15066666666666667	0.16	0.23733333333333334	0.23866666666666667	0.22533333333333333	0.20533333333333334	0.22333333333333333	0.25933333333333336	0.21133333333333335	0.19333333333333333	0.256	0.25866666666666666	0.26466666666666666	0.22733333333333333	0.27666666666666667	0.3606666666666667	0.404	0.386	0.412	0.3433333333333333	0.32066666666666666	0.308	0.29933333333333334	0.326	0.2853333333333333	0.30133333333333334	0.2906666666666667	0.284	0.19666666666666666	0.17	0.16333333333333333	0.13933333333333334	0.13933333333333334	0.152	0.12933333333333333	0.11666666666666667	0.13733333333333334	0.13133333333333333	0.13066666666666665	0.124	0.14133333333333334	0.13133333333333333	0.136	0.122	0.11666666666666667	0.13333333333333333	0.11666666666666667	
0.30133333333333334	0.24	0.21733333333333332	0.22	0.21466666666666667	0.19066666666666668	0.44266666666666665	0.748	0.7186666666666667	0.7513333333333333	0.6453333333333333	0.6073333333333333	0.358	0.356	0.37066666666666664	0.362	0.35533333333333333	0.32866666666666666	0.302	0.244	0.25733333333333336	0.234	0.242	0.22266666666666668	0.21733333333333332	0.21866666666666668	0.228	0.18933333333333333	0.18666666666666668	0.19466666666666665	0.168	0.21933333333333332	0.4033333333333333	0.4693333333333333	0.46066666666666667	0.47933333333333333	0.4673333333333333	0.49866666666666665	0.468	0.4533333333333333	0.4126666666666667	0.376	0.328	0.334	0.30933333333333335	0.24133333333333334	0.18866666666666668	0.198	0.18	0.15666666666666668	0.14066666666666666	0.15	0.136	0.14533333333333334	0.20933333333333334	0.20533333333333334	0.22133333333333333	0.20333333333333334	0.23866666666666667	0.23333333333333334	0.22333333333333333	0.22533333333333333	0.22533333333333333	0.238	0.23533333333333334	0.24266666666666667	0.264	0.342	0.378	0.378	0.392	0.338	0.322	0.31666666666666665	0.29533333333333334	0.32666666666666666	0.2866666666666667	0.2946666666666667	0.28933333333333333	0.2906666666666667	0.234	0.16	0.14466666666666667	0.15133333333333332	0.14666666666666667	0.14333333333333334	0.13333333333333333	0.128	0.13266666666666665	0.14533333333333334	0.12866666666666668	0.12666666666666668	0.154	0.13466666666666666	0.13133333333333333	0.13333333333333333	0.12866666666666668	0.10733333333333334	0.118	
0.2633333333333333	0.23333333333333334	0.24666666666666667	0.208	0.24266666666666667	0.214	0.43933333333333335	0.7366666666666667	0.7493333333333333	0.696	0.654	0.6106666666666667	0.388	0.35	0.36133333333333334	0.39066666666666666	0.38533333333333336	0.3293333333333333	0.30933333333333335	0.22	0.22666666666666666	0.23866666666666667	0.224	0.22933333333333333	0.212	0.19533333333333333	0.21133333333333335	0.22	0.17666666666666667	0.17933333333333334	0.18133333333333335	0.21466666666666667	0.4066666666666667	0.44266666666666665	0.454	0.4693333333333333	0.45866666666666667	0.478	0.44133333333333336	0.454	0.4046666666666667	0.33866666666666667	0.318	0.30666666666666664	0.2853333333333333	0.22533333333333333	0.20266666666666666	0.18266666666666667	0.18666666666666668	0.16733333333333333	0.124	0.112	0.14	0.14533333333333334	0.17866666666666667	0.21933333333333332	0.23066666666666666	0.20066666666666666	0.21266666666666667	0.21266666666666667	0.23866666666666667	0.22733333333333333	0.246	0.24466666666666667	0.25	0.24733333333333332	0.248	0.36	0.37933333333333336	0.38	0.3526666666666667	0.342	0.306	0.312	0.292	0.314	0.29733333333333334	0.2926666666666667	0.2946666666666667	0.2813333333333333	0.22733333333333333	0.15333333333333332	0.148	0.142	0.13733333333333334	0.14466666666666667	0.14266666666666666	0.12133333333333333	0.14133333333333334	0.128	0.12866666666666668	0.14266666666666666	0.14333333333333334	0.12266666666666666	0.13666666666666666	0.12	0.12466666666666666	0.12333333333333334	0.10933333333333334	
0.27066666666666667	0.24666666666666667	0.20733333333333334	0.19066666666666668	0.202	0.21666666666666667	0.41	0.7293333333333333	0.74	0.7233333333333334	0.6153333333333333	0.5766666666666667	0.36866666666666664	0.36666666666666664	0.3566666666666667	0.36533333333333334	0.338	0.328	0.30466666666666664	0.23133333333333334	0.23	0.20666666666666667	0.23466666666666666	0.206	0.17933333333333334	0.184	0.2	0.18	0.182	0.18	0.19733333333333333	0.22933333333333333	0.37733333333333335	0.43266666666666664	0.4746666666666667	0.4686666666666667	0.48733333333333334	0.41733333333333333	0.43	0.45266666666666666	0.4086666666666667	0.372	0.316	0.30533333333333335	0.31666666666666665	0.24066666666666667	0.20266666666666666	0.17	0.17866666666666667	0.15866666666666668	0.12533333333333332	0.12933333333333333	0.14	0.15266666666666667	0.20733333333333334	0.19933333333333333	0.20333333333333334	0.20866666666666667	0.22	0.22666666666666666	0.21266666666666667	0.23866666666666667	0.24266666666666667	0.228	0.22533333333333333	0.22266666666666668	0.258	0.3473333333333333	0.3973333333333333	0.378	0.342	0.33066666666666666	0.31666666666666665	0.3313333333333333	0.31	0.286	0.31333333333333335	0.284	0.278	0.25666666666666665	0.23266666666666666	0.15266666666666667	0.15466666666666667	0.14466666666666667	0.136	0.146	0.11866666666666667	0.11866666666666667	0.12133333333333333	0.13	0.13266666666666665	0.132	0.13666666666666666	0.12866666666666668	0.132	0.11933333333333333	0.12133333333333333	0.126	0.09666666666666666	
0.262	0.224	0.19133333333333333	0.19733333333333333	0.23533333333333334	0.19533333333333333	0.4013333333333333	0.7113333333333334	0.7126666666666667	0.682	0.62	0.5473333333333333	0.36	0.36533333333333334	0.374	0.3293333333333333	0.3506666666666667	0.33066666666666666	0.2813333333333333	0.21466666666666667	0.224	0.22266666666666668	0.23866666666666667	0.19	0.18866666666666668	0.198	0.18933333333333333	0.19266666666666668	0.18266666666666667	0.18066666666666667	0.176	0.21866666666666668	0.41133333333333333	0.434	0.44533333333333336	0.45066666666666666	0.4186666666666667	0.4493333333333333	0.436	0.4513333333333333	0.42133333333333334	0.36	0.31333333333333335	0.32133333333333336	0.29733333333333334	0.21133333333333335	0.20066666666666666	0.17533333333333334	0.19066666666666668	0.15466666666666667	0.148	0.128	0.142	0.15466666666666667	0.198	0.182	0.208	0.216	0.188	0.22266666666666668	0.22133333333333333	0.218	0.21466666666666667	0.23533333333333334	0.224	0.24666666666666667	0.242	0.32	0.38666666666666666	0.366	0.36666666666666664	0.354	0.284	0.3006666666666667	0.304	0.27666666666666667	0.29333333333333333	0.2806666666666667	0.256	0.2733333333333333	0.18666666666666668	0.16733333333333333	0.15266666666666667	0.13133333333333333	0.14266666666666666	0.11933333333333333	0.13133333333333333	0.132	0.13066666666666665	0.11466666666666667	0.12533333333333332	0.13266666666666665	0.12133333333333333	0.11333333333333333	0.12133333333333333	0.11466666666666667	0.108	0.11466666666666667	0.102	
0.24066666666666667	0.248	0.22133333333333333	0.20333333333333334	0.20066666666666666	0.21533333333333332	0.37733333333333335	0.652	0.6726666666666666	0.6553333333333333	0.5986666666666667	0.5866666666666667	0.3566666666666667	0.328	0.3526666666666667	0.3413333333333333	0.3446666666666667	0.338	0.2906666666666667	0.20533333333333334	0.22333333333333333	0.21	0.20933333333333334	0.194	0.184	0.18466666666666667	0.18266666666666667	0.19533333333333333	0.17533333333333334	0.15666666666666668	0.176	0.21466666666666667	0.36	0.4266666666666667	0.418	0.42533333333333334	0.44066666666666665	0.43933333333333335	0.438	0.458	0.398	0.358	0.304	0.318	0.28933333333333333	0.24133333333333334	0.19533333333333333	0.16666666666666666	0.16133333333333333	0.15266666666666667	0.13266666666666665	0.14066666666666666	0.12466666666666666	0.14466666666666667	0.19466666666666665	0.21333333333333335	0.196	0.18066666666666667	0.18866666666666668	0.218	0.224	0.218	0.20133333333333334	0.22666666666666666	0.20866666666666667	0.21466666666666667	0.25933333333333336	0.32066666666666666	0.30533333333333335	0.34933333333333333	0.35533333333333333	0.338	0.30266666666666664	0.30533333333333335	0.30933333333333335	0.2966666666666667	0.2786666666666667	0.2786666666666667	0.2613333333333333	0.244	0.19266666666666668	0.15866666666666668	0.146	0.136	0.14933333333333335	0.14	0.11533333333333333	0.13466666666666666	0.13133333333333333	0.12933333333333333	0.132	0.122	0.122	0.138	0.12266666666666666	0.13933333333333334	0.13066666666666665	0.11533333333333333	0.118	
0.25666666666666665	0.216	0.21666666666666667	0.20266666666666666	0.19333333333333333	0.204	0.406	0.6753333333333333	0.674	0.6546666666666666	0.576	0.548	0.3406666666666667	0.36866666666666664	0.30533333333333335	0.3426666666666667	0.338	0.29733333333333334	0.25733333333333336	0.21066666666666667	0.23	0.21533333333333332	0.22	0.184	0.184	0.19933333333333333	0.188	0.182	0.16666666666666666	0.172	0.14733333333333334	0.208	0.37133333333333335	0.44533333333333336	0.414	0.43333333333333335	0.44066666666666665	0.44466666666666665	0.42866666666666664	0.45	0.41133333333333333	0.31466666666666665	0.31	0.33666666666666667	0.276	0.24066666666666667	0.186	0.16666666666666666	0.19933333333333333	0.15266666666666667	0.126	0.12533333333333332	0.11666666666666667	0.146	0.18133333333333335	0.19066666666666668	0.206	0.19	0.19066666666666668	0.22933333333333333	0.20933333333333334	0.19533333333333333	0.202	0.23666666666666666	0.208	0.23933333333333334	0.25533333333333336	0.31333333333333335	0.35933333333333334	0.35533333333333333	0.342	0.3486666666666667	0.2886666666666667	0.30466666666666664	0.28933333333333333	0.282	0.31133333333333335	0.2793333333333333	0.27466666666666667	0.25466666666666665	0.19066666666666668	0.154	0.146	0.14666666666666667	0.11666666666666667	0.14266666666666666	0.11466666666666667	0.13133333333333333	0.128	0.12333333333333334	0.12733333333333333	0.126	0.10933333333333334	0.118	0.13266666666666665	0.11533333333333333	0.11466666666666667	0.114	0.098	
0.23	0.20533333333333334	0.20066666666666666	0.196	0.19333333333333333	0.19066666666666668	0.39866666666666667	0.6626666666666666	0.676	0.6626666666666666	0.562	0.572	0.3486666666666667	0.3313333333333333	0.314	0.314	0.292	0.3253333333333333	0.298	0.20933333333333334	0.21	0.19666666666666666	0.22266666666666668	0.21266666666666667	0.17333333333333334	0.18	0.18533333333333332	0.17466666666666666	0.15333333333333332	0.15466666666666667	0.16266666666666665	0.21666666666666667	0.368	0.4226666666666667	0.4106666666666667	0.43466666666666665	0.43866666666666665	0.456	0.4086666666666667	0.432	0.37666666666666665	0.32133333333333336	0.296	0.286	0.2733333333333333	0.21866666666666668	0.18133333333333335	0.17666666666666667	0.16533333333333333	0.15133333333333332	0.132	0.116	0.12533333333333332	0.152	0.17	0.19066666666666668	0.198	0.218	0.20066666666666666	0.20933333333333334	0.198	0.218	0.19466666666666665	0.20933333333333334	0.224	0.212	0.224	0.3293333333333333	0.31466666666666665	0.37866666666666665	0.35	0.31733333333333336	0.29	0.31533333333333335	0.27	0.2813333333333333	0.2793333333333333	0.278	0.2613333333333333	0.27066666666666667	0.19266666666666668	0.158	0.13466666666666666	0.12533333333333332	0.138	0.132	0.12866666666666668	0.12333333333333334	0.15	0.126	0.10066666666666667	0.11666666666666667	0.134	0.114	0.10733333333333334	0.11933333333333333	0.11066666666666666	0.106	0.10466666666666667	
0.23266666666666666	0.214	0.20466666666666666	0.18333333333333332	0.20866666666666667	0.18733333333333332	0.39466666666666667	0.672	0.684	0.63	0.5713333333333334	0.5593333333333333	0.3393333333333333	0.326	0.31666666666666665	0.334	0.31933333333333336	0.3	0.296	0.19266666666666668	0.19333333333333333	0.20866666666666667	0.20533333333333334	0.19333333333333333	0.18866666666666668	0.17733333333333334	0.172	0.17666666666666667	0.164	0.18133333333333335	0.15466666666666667	0.21533333333333332	0.398	0.436	0.43866666666666665	0.422	0.44266666666666665	0.43933333333333335	0.42	0.426	0.38266666666666665	0.3233333333333333	0.2846666666666667	0.308	0.268	0.23666666666666666	0.18733333333333332	0.17466666666666666	0.17733333333333334	0.14533333333333334	0.11933333333333333	0.13066666666666665	0.12266666666666666	0.12866666666666668	0.17733333333333334	0.19466666666666665	0.196	0.20466666666666666	0.20066666666666666	0.18733333333333332	0.194	0.19066666666666668	0.19133333333333333	0.226	0.20933333333333334	0.22866666666666666	0.23266666666666666	0.2866666666666667	0.3333333333333333	0.3373333333333333	0.36466666666666664	0.334	0.292	0.2653333333333333	0.2906666666666667	0.30333333333333334	0.27066666666666667	0.2693333333333333	0.2693333333333333	0.25066666666666665	0.192	0.15466666666666667	0.13133333333333333	0.138	0.134	0.132	0.114	0.13133333333333333	0.12066666666666667	0.11866666666666667	0.11133333333333334	0.13333333333333333	0.11666666666666667	0.11333333333333333	0.122	0.128	0.12733333333333333	0.11	0.1	
0.24533333333333332	0.20733333333333334	0.20666666666666667	0.19066666666666668	0.194	0.20666666666666667	0.37333333333333335	0.644	0.658	0.66	0.5866666666666667	0.558	0.3253333333333333	0.3453333333333333	0.30333333333333334	0.3393333333333333	0.30733333333333335	0.266	0.2753333333333333	0.20866666666666667	0.19666666666666666	0.20933333333333334	0.21666666666666667	0.198	0.18533333333333332	0.184	0.17066666666666666	0.16466666666666666	0.164	0.15133333333333332	0.15066666666666667	0.218	0.344	0.42733333333333334	0.4106666666666667	0.412	0.4086666666666667	0.408	0.42866666666666664	0.42533333333333334	0.4066666666666667	0.33066666666666666	0.298	0.328	0.2826666666666667	0.196	0.15933333333333333	0.15933333333333333	0.16866666666666666	0.15733333333333333	0.12266666666666666	0.11066666666666666	0.11666666666666667	0.12533333333333332	0.17	0.194	0.19066666666666668	0.19733333333333333	0.16333333333333333	0.17333333333333334	0.206	0.18333333333333332	0.22066666666666668	0.228	0.208	0.19733333333333333	0.226	0.278	0.3393333333333333	0.32	0.35533333333333333	0.304	0.298	0.2793333333333333	0.25666666666666665	0.2773333333333333	0.292	0.26066666666666666	0.256	0.24133333333333334	0.17933333333333334	0.13333333333333333	0.14133333333333334	0.13666666666666666	0.13866666666666666	0.13133333333333333	0.12133333333333333	0.10733333333333334	0.106	0.11933333333333333	0.13266666666666665	0.114	0.122	0.11666666666666667	0.11533333333333333	0.10866666666666666	0.11133333333333334	0.09266666666666666	0.09266666666666666	
0.23533333333333334	0.23	0.196	0.17866666666666667	0.184	0.21066666666666667	0.3993333333333333	0.6486666666666666	0.6273333333333333	0.622	0.5386666666666666	0.5353333333333333	0.328	0.31533333333333335	0.31133333333333335	0.296	0.322	0.29733333333333334	0.2653333333333333	0.18933333333333333	0.174	0.196	0.22333333333333333	0.182	0.17	0.17133333333333334	0.17933333333333334	0.17533333333333334	0.16866666666666666	0.148	0.166	0.20733333333333334	0.3273333333333333	0.4053333333333333	0.42	0.41733333333333333	0.4066666666666667	0.418	0.43866666666666665	0.43333333333333335	0.36	0.288	0.31266666666666665	0.314	0.31	0.196	0.164	0.17666666666666667	0.16533333333333333	0.15	0.10066666666666667	0.118	0.12066666666666667	0.13666666666666666	0.158	0.172	0.204	0.18	0.17666666666666667	0.172	0.18533333333333332	0.21866666666666668	0.17933333333333334	0.21533333333333332	0.20133333333333334	0.21466666666666667	0.24066666666666667	0.2713333333333333	0.3253333333333333	0.316	0.3233333333333333	0.32066666666666666	0.2733333333333333	0.31266666666666665	0.282	0.2633333333333333	0.27266666666666667	0.262	0.256	0.24866666666666667	0.17666666666666667	0.13466666666666666	0.12533333333333332	0.13533333333333333	0.124	0.11333333333333333	0.14333333333333334	0.11533333333333333	0.118	0.12066666666666667	0.11933333333333333	0.12266666666666666	0.12	0.11133333333333334	0.10933333333333334	0.11733333333333333	0.10466666666666667	0.11133333333333334	0.094	
0.212	0.22733333333333333	0.192	0.202	0.19333333333333333	0.16933333333333334	0.3606666666666667	0.6346666666666667	0.6566666666666666	0.65	0.52	0.5473333333333333	0.3353333333333333	0.2833333333333333	0.32666666666666666	0.31066666666666665	0.31866666666666665	0.30133333333333334	0.2693333333333333	0.194	0.2	0.19733333333333333	0.19533333333333333	0.17733333333333334	0.16	0.18933333333333333	0.17533333333333334	0.14866666666666667	0.14933333333333335	0.14866666666666667	0.14866666666666667	0.17733333333333334	0.36333333333333334	0.4	0.404	0.394	0.412	0.4086666666666667	0.386	0.43	0.386	0.3	0.30266666666666664	0.2926666666666667	0.25866666666666666	0.21333333333333335	0.17466666666666666	0.16866666666666666	0.15866666666666668	0.14533333333333334	0.124	0.12	0.11533333333333333	0.126	0.164	0.19733333333333333	0.18466666666666667	0.16933333333333334	0.19933333333333333	0.17466666666666666	0.22866666666666666	0.21133333333333335	0.20533333333333334	0.212	0.19	0.19666666666666666	0.20333333333333334	0.29533333333333334	0.324	0.312	0.31266666666666665	0.31866666666666665	0.2693333333333333	0.2713333333333333	0.25866666666666666	0.25133333333333335	0.27066666666666667	0.254	0.2693333333333333	0.212	0.18666666666666668	0.138	0.15133333333333332	0.13	0.12466666666666666	0.116	0.10733333333333334	0.112	0.11066666666666666	0.116	0.11266666666666666	0.10933333333333334	0.09933333333333333	0.10933333333333334	0.106	0.09533333333333334	0.102	0.11333333333333333	0.10266666666666667	
0.224	0.22	0.17266666666666666	0.198	0.18333333333333332	0.18666666666666668	0.388	0.6326666666666667	0.6233333333333333	0.6033333333333334	0.55	0.536	0.356	0.31733333333333336	0.29133333333333333	0.2833333333333333	0.2986666666666667	0.28933333333333333	0.2793333333333333	0.16466666666666666	0.21066666666666667	0.18733333333333332	0.19933333333333333	0.18466666666666667	0.18066666666666667	0.15866666666666668	0.17	0.16266666666666665	0.16	0.152	0.156	0.18866666666666668	0.3446666666666667	0.37	0.38666666666666666	0.38266666666666665	0.41333333333333333	0.37466666666666665	0.38866666666666666	0.38466666666666666	0.37533333333333335	0.314	0.2806666666666667	0.2693333333333333	0.2813333333333333	0.19466666666666665	0.16133333333333333	0.168	0.156	0.144	0.112	0.10333333333333333	0.11533333333333333	0.134	0.166	0.20266666666666666	0.162	0.17666666666666667	0.188	0.188	0.20266666666666666	0.20266666666666666	0.16666666666666666	0.18666666666666668	0.22133333333333333	0.204	0.218	0.30266666666666664	0.316	0.3393333333333333	0.34	0.298	0.282	0.2633333333333333	0.24133333333333334	0.268	0.268	0.2846666666666667	0.26666666666666666	0.23733333333333334	0.17066666666666666	0.12933333333333333	0.12466666666666666	0.136	0.11666666666666667	0.124	0.11333333333333333	0.10666666666666667	0.12333333333333334	0.096	0.10666666666666667	0.10466666666666667	0.12466666666666666	0.11	0.1	0.106	0.106	0.11466666666666667	0.10133333333333333	
0.25133333333333335	0.192	0.168	0.188	0.17133333333333334	0.176	0.352	0.6126666666666667	0.6206666666666667	0.5993333333333334	0.558	0.4886666666666667	0.30266666666666664	0.3	0.31266666666666665	0.278	0.288	0.288	0.2786666666666667	0.19133333333333333	0.18733333333333332	0.20866666666666667	0.184	0.2	0.17333333333333334	0.17533333333333334	0.17666666666666667	0.18066666666666667	0.13266666666666665	0.146	0.136	0.17266666666666666	0.352	0.36466666666666664	0.412	0.37866666666666665	0.39266666666666666	0.386	0.4126666666666667	0.4053333333333333	0.38666666666666666	0.2653333333333333	0.2853333333333333	0.29933333333333334	0.278	0.18666666666666668	0.154	0.16533333333333333	0.16533333333333333	0.13266666666666665	0.11266666666666666	0.118	0.11733333333333333	0.13266666666666665	0.17866666666666667	0.16266666666666665	0.16733333333333333	0.184	0.19333333333333333	0.18266666666666667	0.164	0.20466666666666666	0.19533333333333333	0.19466666666666665	0.21866666666666668	0.20933333333333334	0.22066666666666668	0.2853333333333333	0.314	0.31533333333333335	0.3253333333333333	0.318	0.2786666666666667	0.264	0.2633333333333333	0.2613333333333333	0.26466666666666666	0.22333333333333333	0.234	0.232	0.16266666666666665	0.142	0.144	0.12266666666666666	0.10333333333333333	0.10733333333333334	0.11133333333333334	0.112	0.11066666666666666	0.106	0.10866666666666666	0.102	0.12666666666666668	0.09266666666666666	0.10466666666666667	0.124	0.11133333333333334	0.09466666666666666	0.10333333333333333	
0.21666666666666667	0.21333333333333335	0.18733333333333332	0.19866666666666666	0.16533333333333333	0.17	0.3433333333333333	0.6266666666666667	0.5773333333333334	0.6406666666666667	0.55	0.536	0.31133333333333335	0.304	0.298	0.29933333333333334	0.286	0.286	0.26466666666666666	0.198	0.196	0.20333333333333334	0.18333333333333332	0.174	0.148	0.16666666666666666	0.18	0.15533333333333332	0.146	0.15533333333333332	0.15933333333333333	0.18	0.3486666666666667	0.36	0.392	0.39	0.37666666666666665	0.4026666666666667	0.37333333333333335	0.37733333333333335	0.36933333333333335	0.294	0.304	0.2713333333333333	0.232	0.19533333333333333	0.16133333333333333	0.162	0.16333333333333333	0.14266666666666666	0.12133333333333333	0.11466666666666667	0.124	0.14133333333333334	0.15666666666666668	0.176	0.16066666666666668	0.20266666666666666	0.19133333333333333	0.18666666666666668	0.17533333333333334	0.17533333333333334	0.19266666666666668	0.20533333333333334	0.218	0.206	0.22666666666666666	0.2926666666666667	0.32066666666666666	0.312	0.31666666666666665	0.29133333333333333	0.25	0.27066666666666667	0.24666666666666667	0.2633333333333333	0.2613333333333333	0.25866666666666666	0.2653333333333333	0.24933333333333332	0.18066666666666667	0.12866666666666668	0.12533333333333332	0.12	0.10933333333333334	0.122	0.10666666666666667	0.104	0.10733333333333334	0.104	0.12133333333333333	0.11733333333333333	0.10533333333333333	0.10333333333333333	0.11133333333333334	0.10866666666666666	0.09533333333333334	0.09933333333333333	0.09133333333333334	
0.21333333333333335	0.20466666666666666	0.178	0.18066666666666667	0.172	0.168	0.35133333333333333	0.614	0.55	0.5866666666666667	0.5293333333333333	0.49066666666666664	0.312	0.27	0.31466666666666665	0.296	0.292	0.264	0.252	0.198	0.20133333333333334	0.18333333333333332	0.19333333333333333	0.16933333333333334	0.19333333333333333	0.158	0.16	0.16933333333333334	0.152	0.144	0.134	0.18666666666666668	0.31733333333333336	0.36733333333333335	0.388	0.35733333333333334	0.36866666666666664	0.38466666666666666	0.4026666666666667	0.3953333333333333	0.3586666666666667	0.2906666666666667	0.26066666666666666	0.284	0.23533333333333334	0.16666666666666666	0.142	0.14866666666666667	0.17266666666666666	0.14533333333333334	0.11866666666666667	0.10466666666666667	0.08666666666666667	0.11866666666666667	0.16733333333333333	0.17933333333333334	0.16666666666666666	0.20333333333333334	0.174	0.20466666666666666	0.186	0.17933333333333334	0.188	0.2	0.19866666666666666	0.20933333333333334	0.214	0.2753333333333333	0.314	0.30666666666666664	0.306	0.302	0.272	0.2653333333333333	0.262	0.25266666666666665	0.244	0.254	0.262	0.222	0.166	0.11466666666666667	0.13	0.108	0.12266666666666666	0.12666666666666668	0.10466666666666667	0.114	0.09733333333333333	0.106	0.102	0.108	0.116	0.10933333333333334	0.1	0.09533333333333334	0.10666666666666667	0.10733333333333334	0.1	
0.21733333333333332	0.182	0.166	0.166	0.17133333333333334	0.15733333333333333	0.364	0.5693333333333334	0.5773333333333334	0.606	0.508	0.496	0.308	0.2806666666666667	0.3006666666666667	0.30466666666666664	0.2806666666666667	0.2826666666666667	0.26466666666666666	0.196	0.19733333333333333	0.194	0.19133333333333333	0.17266666666666666	0.14666666666666667	0.16333333333333333	0.14933333333333335	0.16466666666666666	0.14866666666666667	0.13933333333333334	0.14133333333333334	0.18666666666666668	0.33666666666666667	0.35733333333333334	0.378	0.38466666666666666	0.3893333333333333	0.378	0.35133333333333333	0.3893333333333333	0.37066666666666664	0.2813333333333333	0.2833333333333333	0.25666666666666665	0.252	0.20066666666666666	0.152	0.162	0.14733333333333334	0.13666666666666666	0.10666666666666667	0.11666666666666667	0.106	0.13733333333333334	0.15933333333333333	0.17866666666666667	0.18266666666666667	0.174	0.178	0.18933333333333333	0.19733333333333333	0.18	0.16666666666666666	0.19066666666666668	0.19266666666666668	0.19666666666666666	0.22866666666666666	0.26466666666666666	0.30333333333333334	0.2846666666666667	0.274	0.278	0.2673333333333333	0.24533333333333332	0.234	0.2653333333333333	0.24733333333333332	0.248	0.26866666666666666	0.22866666666666666	0.178	0.132	0.12466666666666666	0.122	0.118	0.11733333333333333	0.114	0.12	0.124	0.104	0.1	0.11666666666666667	0.102	0.10466666666666667	0.112	0.10066666666666667	0.09466666666666666	0.08733333333333333	0.09133333333333334	
0.214	0.18866666666666668	0.17533333333333334	0.18733333333333332	0.17333333333333334	0.174	0.31533333333333335	0.5973333333333334	0.586	0.5933333333333334	0.508	0.49666666666666665	0.30666666666666664	0.2946666666666667	0.282	0.27266666666666667	0.2613333333333333	0.23933333333333334	0.256	0.17466666666666666	0.18533333333333332	0.18066666666666667	0.17466666666666666	0.17133333333333334	0.14266666666666666	0.15	0.156	0.154	0.13866666666666666	0.146	0.14133333333333334	0.18066666666666667	0.30466666666666664	0.382	0.38133333333333336	0.38533333333333336	0.358	0.38266666666666665	0.37133333333333335	0.37533333333333335	0.31	0.2673333333333333	0.266	0.2773333333333333	0.254	0.16933333333333334	0.13933333333333334	0.16	0.152	0.12066666666666667	0.10866666666666666	0.11266666666666666	0.10666666666666667	0.11066666666666666	0.156	0.15466666666666667	0.16933333333333334	0.16533333333333333	0.18333333333333332	0.19666666666666666	0.19266666666666668	0.17066666666666666	0.192	0.19266666666666668	0.206	0.19666666666666666	0.21133333333333335	0.29333333333333333	0.2946666666666667	0.302	0.29733333333333334	0.278	0.25666666666666665	0.226	0.224	0.25666666666666665	0.23266666666666666	0.26066666666666666	0.24333333333333335	0.22533333333333333	0.18	0.132	0.11	0.132	0.114	0.09933333333333333	0.112	0.10466666666666667	0.12466666666666666	0.09533333333333334	0.10666666666666667	0.10933333333333334	0.11133333333333334	0.09933333333333333	0.1	0.094	0.10933333333333334	0.09133333333333334	0.09133333333333334	
