0.01	0.5149494949494949	1.0198989898989899	1.5248484848484847	2.0297979797979795	2.5347474747474745	3.039696969696969	3.544646464646464	4.049595959595959	4.554545454545454	5.059494949494949	5.564444444444444	6.0693939393939385	6.574343434343434	7.0792929292929285	7.584242424242424	8.089191919191919	8.594141414141413	9.099090909090908	9.604040404040404	10.108989898989899	10.613939393939393	11.118888888888888	11.623838383838383	12.128787878787877	12.633737373737373	13.138686868686868	13.643636363636363	14.148585858585857	14.653535353535352	15.158484848484848	15.663434343434343	16.16838383838384	16.673333333333336	17.17828282828283	17.683232323232325	18.188181818181818	18.693131313131314	19.19808080808081	19.703030303030303	20.2079797979798	20.712929292929292	21.21787878787879	21.722828282828285	22.227777777777778	22.732727272727274	23.237676767676767	23.742626262626263	24.247575757575756	24.752525252525253	25.25747474747475	25.762424242424242	26.267373737373738	26.77232323232323	27.277272727272727	27.782222222222224	28.287171717171717	28.792121212121213	29.297070707070706	29.802020202020202	30.3069696969697	30.81191919191919	31.316868686868688	31.82181818181818	32.32676767676767	32.831717171717166	33.336666666666666	33.84161616161616	34.34656565656565	34.851515151515144	35.356464646464644	35.86141414141414	36.36636363636363	36.87131313131313	37.37626262626262	37.881212121212116	38.386161616161615	38.89111111111111	39.3960606060606	39.901010101010094	40.405959595959594	40.91090909090909	41.41585858585858	41.92080808080808	42.42575757575757	42.930707070707065	43.435656565656565	43.94060606060606	44.44555555555555	44.95050505050504	45.45545454545454	45.960404040404036	46.46535353535353	46.97030303030303	47.47525252525252	47.980202020202015	48.48515151515151	48.99010101010101	49.4950505050505	50.0	
40.514	42.58266666666667	38.47866666666667	32.87266666666667	21.761333333333333	19.788666666666668	18.216666666666665	15.636	15.032666666666668	14.618	13.805333333333333	13.402	11.926	10.544	9.946	7.750666666666667	5.3646666666666665	5.078	5.074	4.392666666666667	4.343333333333334	4.413333333333333	4.336666666666667	3.192	2.6846666666666668	2.668	2.5913333333333335	1.8393333333333333	0.7553333333333333	0.6793333333333333	0.7326666666666667	0.6946666666666667	0.596	0.602	0.6113333333333333	0.5573333333333333	0.5206666666666667	0.4826666666666667	0.514	0.4633333333333333	0.444	0.368	0.3626666666666667	0.36866666666666664	0.294	0.162	0.07666666666666666	0.06133333333333333	0.06866666666666667	0.056666666666666664	0.028666666666666667	0.026	0.016	0.016	0.009333333333333334	0.006666666666666667	0.0026666666666666666	0.004	0.0033333333333333335	0.0	0.0	0.0	0.0	0.0	0.0	0.0	0.0	0.0	0.0	0.0	0.0	0.0	0.0	0.0	0.0	0.0	0.0	0.0	0.0	0.0	0.0	0.0	0.0	0.0	0.0	0.0	0.0	0.0	0.0	0.0	0.0	0.0	0.0	0.0	0.0	0.0	0.0	0.0	0.0	
40.602666666666664	42.39533333333333	37.954	32.84866666666667	21.671333333333333	20.088666666666665	18.252	15.618666666666666	15.202	14.610666666666667	13.925333333333333	13.373333333333333	12.037333333333333	10.501333333333333	10.113333333333333	7.796	5.504666666666667	5.266666666666667	4.867333333333334	4.446666666666666	4.315333333333333	4.417333333333334	4.37	3.2773333333333334	2.708666666666667	2.704	2.6653333333333333	1.8786666666666667	0.81	0.6913333333333334	0.706	0.6766666666666666	0.6066666666666667	0.5806666666666667	0.6026666666666667	0.6033333333333334	0.508	0.39866666666666667	0.474	0.45866666666666667	0.44466666666666665	0.38666666666666666	0.342	0.366	0.3393333333333333	0.16733333333333333	0.07466666666666667	0.078	0.08	0.058666666666666666	0.023333333333333334	0.018	0.019333333333333334	0.019333333333333334	0.008	0.0026666666666666666	0.0026666666666666666	0.0013333333333333333	0.002	0.0	0.0	0.0	0.0	0.0	0.0	0.0	0.0	0.0	0.0	0.0	0.0	0.0	0.0	0.0	0.0	0.0	0.0	0.0	0.0	0.0	0.0	0.0	0.0	0.0	0.0	0.0	0.0	0.0	0.0	0.0	0.0	0.0	0.0	0.0	0.0	0.0	0.0	0.0	0.0	
40.212666666666664	42.44866666666667	38.218	33.01533333333333	21.954	19.750666666666667	18.409333333333333	15.614666666666666	15.238	14.748	14.018666666666666	13.366666666666667	11.988666666666667	10.406	10.092	7.791333333333333	5.410666666666667	5.244	4.968	4.518	4.466	4.534666666666666	4.427333333333333	3.2186666666666666	2.6473333333333335	2.648	2.6466666666666665	1.8553333333333333	0.736	0.7293333333333333	0.7273333333333334	0.6853333333333333	0.6273333333333333	0.562	0.534	0.5773333333333334	0.5106666666666667	0.49333333333333335	0.49533333333333335	0.47333333333333333	0.44	0.37466666666666665	0.3566666666666667	0.38266666666666665	0.34	0.17266666666666666	0.06466666666666666	0.07	0.07266666666666667	0.046	0.026	0.02	0.024	0.016666666666666666	0.007333333333333333	0.0013333333333333333	0.006	0.007333333333333333	0.0026666666666666666	0.0	0.0	0.0	0.0	0.0	0.0	0.0	0.0	0.0	0.0	0.0	0.0	0.0	0.0	0.0	0.0	0.0	0.0	0.0	0.0	0.0	0.0	0.0	0.0	0.0	0.0	0.0	0.0	0.0	0.0	0.0	0.0	0.0	0.0	0.0	0.0	0.0	0.0	0.0	0.0	
40.169333333333334	42.494	38.223333333333336	32.855333333333334	21.701333333333334	20.022	18.258666666666667	15.769333333333334	15.124	14.724666666666666	14.024	13.620666666666667	11.907333333333334	10.554666666666666	10.179333333333334	7.7973333333333334	5.383333333333334	5.167333333333334	4.984666666666667	4.387333333333333	4.404	4.438666666666666	4.365333333333333	3.304	2.744	2.728666666666667	2.7186666666666666	1.8993333333333333	0.7973333333333333	0.7006666666666667	0.7306666666666667	0.6953333333333334	0.59	0.5686666666666667	0.5993333333333334	0.5926666666666667	0.5033333333333333	0.4653333333333333	0.47	0.43666666666666665	0.44733333333333336	0.39	0.358	0.36	0.346	0.17933333333333334	0.07666666666666666	0.07533333333333334	0.07533333333333334	0.04666666666666667	0.02666666666666667	0.023333333333333334	0.016666666666666666	0.016666666666666666	0.012666666666666666	0.0026666666666666666	0.006	0.006666666666666667	0.0013333333333333333	0.0	0.0	0.0	0.0	0.0	0.0	0.0	0.0	0.0	0.0	0.0	0.0	0.0	0.0	0.0	0.0	0.0	0.0	0.0	0.0	0.0	0.0	0.0	0.0	0.0	0.0	0.0	0.0	0.0	0.0	0.0	0.0	0.0	0.0	0.0	0.0	0.0	0.0	0.0	0.0	
40.18266666666667	42.029333333333334	38.216	32.87466666666667	21.900666666666666	19.796666666666667	18.081333333333333	15.879333333333333	15.038	14.544666666666666	13.92	13.412666666666667	12.002666666666666	10.513333333333334	10.195333333333334	7.765333333333333	5.416	5.1386666666666665	5.032	4.402	4.44	4.428	4.209333333333333	3.18	2.7373333333333334	2.82	2.622	1.9166666666666667	0.8166666666666667	0.7406666666666667	0.7346666666666667	0.702	0.608	0.5993333333333334	0.5846666666666667	0.5886666666666667	0.53	0.48533333333333334	0.478	0.4713333333333333	0.472	0.39066666666666666	0.336	0.38066666666666665	0.3313333333333333	0.15466666666666667	0.08733333333333333	0.08066666666666666	0.066	0.058666666666666666	0.024666666666666667	0.023333333333333334	0.018666666666666668	0.012666666666666666	0.012666666666666666	0.005333333333333333	0.0033333333333333335	0.002	0.0013333333333333333	0.0006666666666666666	0.0	0.0	0.0	0.0	0.0	0.0	0.0	0.0	0.0	0.0	0.0	0.0	0.0	0.0	0.0	0.0	0.0	0.0	0.0	0.0	0.0	0.0	0.0	0.0	0.0	0.0	0.0	0.0	0.0	0.0	0.0	0.0	0.0	0.0	0.0	0.0	0.0	0.0	0.0	
40.40133333333333	42.308	38.25333333333333	33.0	21.889333333333333	20.022666666666666	18.339333333333332	15.703333333333333	15.186	14.718	14.124666666666666	13.579333333333333	12.073333333333334	10.636666666666667	10.335333333333333	7.952	5.445333333333333	5.231333333333334	5.035333333333333	4.391333333333334	4.41	4.456666666666667	4.304	3.19	2.714	2.6606666666666667	2.6613333333333333	1.9386666666666668	0.7993333333333333	0.718	0.73	0.6706666666666666	0.624	0.594	0.5473333333333333	0.596	0.528	0.458	0.48533333333333334	0.48333333333333334	0.42733333333333334	0.37	0.366	0.368	0.32466666666666666	0.14066666666666666	0.08533333333333333	0.08533333333333333	0.068	0.048	0.017333333333333333	0.024	0.02266666666666667	0.025333333333333333	0.008	0.006	0.0033333333333333335	0.004666666666666667	0.0	0.0	0.0	0.0	0.0	0.0	0.0	0.0	0.0	0.0	0.0	0.0	0.0	0.0	0.0	0.0	0.0	0.0	0.0	0.0	0.0	0.0	0.0	0.0	0.0	0.0	0.0	0.0	0.0	0.0	0.0	0.0	0.0	0.0	0.0	0.0	0.0	0.0	0.0	0.0	0.0	
40.36866666666667	42.49733333333333	38.432	33.14533333333333	21.930666666666667	19.798666666666666	18.062666666666665	15.629333333333333	15.125333333333334	14.694666666666667	14.05	13.649333333333333	12.122	10.508	10.26	7.963333333333333	5.400666666666667	5.221333333333333	5.0	4.511333333333333	4.578666666666667	4.500666666666667	4.368	3.346	2.7013333333333334	2.724	2.675333333333333	1.9053333333333333	0.7773333333333333	0.6926666666666667	0.706	0.694	0.642	0.6146666666666667	0.5826666666666667	0.6033333333333334	0.54	0.48333333333333334	0.492	0.47533333333333333	0.474	0.37666666666666665	0.36133333333333334	0.358	0.332	0.17	0.08266666666666667	0.07533333333333334	0.072	0.05333333333333334	0.02	0.024	0.022	0.013333333333333334	0.009333333333333334	0.005333333333333333	0.0033333333333333335	0.0026666666666666666	0.0006666666666666666	0.0	0.0	0.0	0.0	0.0	0.0	0.0	0.0	0.0	0.0	0.0	0.0	0.0	0.0	0.0	0.0	0.0	0.0	0.0	0.0	0.0	0.0	0.0	0.0	0.0	0.0	0.0	0.0	0.0	0.0	0.0	0.0	0.0	0.0	0.0	0.0	0.0	0.0	0.0	0.0	
40.632	42.227333333333334	38.187333333333335	32.968666666666664	21.859333333333332	19.818666666666665	18.366	15.722666666666667	15.144666666666666	14.578	14.038	13.781333333333333	11.838	10.665333333333333	10.216666666666667	7.803333333333334	5.388	5.226666666666667	5.052	4.516666666666667	4.408	4.481333333333334	4.352666666666667	3.194	2.7066666666666666	2.7453333333333334	2.6846666666666668	1.932	0.798	0.7026666666666667	0.6926666666666667	0.68	0.6246666666666667	0.6233333333333333	0.6093333333333333	0.6	0.566	0.48933333333333334	0.5006666666666667	0.5233333333333333	0.424	0.35333333333333333	0.36466666666666664	0.374	0.3446666666666667	0.16066666666666668	0.082	0.072	0.06666666666666667	0.05533333333333333	0.03133333333333333	0.024666666666666667	0.025333333333333333	0.022	0.009333333333333334	0.004	0.006	0.005333333333333333	0.002	0.0006666666666666666	0.0	0.0	0.0	0.0	0.0	0.0	0.0	0.0	0.0	0.0	0.0	0.0	0.0	0.0	0.0	0.0	0.0	0.0	0.0	0.0	0.0	0.0	0.0	0.0	0.0	0.0	0.0	0.0	0.0	0.0	0.0	0.0	0.0	0.0	0.0	0.0	0.0	0.0	0.0	
40.25	42.175333333333334	38.16466666666667	33.010666666666665	21.932666666666666	20.096	18.346	15.708	15.16	14.547333333333333	14.096	13.512	12.163333333333334	10.621333333333334	10.18	7.892666666666667	5.465333333333334	5.147333333333333	5.073333333333333	4.510666666666666	4.384666666666667	4.527333333333333	4.426	3.280666666666667	2.708666666666667	2.7046666666666668	2.7066666666666666	1.9653333333333334	0.8006666666666666	0.702	0.7306666666666667	0.7326666666666667	0.634	0.5933333333333334	0.6213333333333333	0.5486666666666666	0.5733333333333334	0.47	0.49933333333333335	0.45866666666666667	0.428	0.368	0.3566666666666667	0.35933333333333334	0.33	0.15133333333333332	0.08066666666666666	0.072	0.068	0.06133333333333333	0.025333333333333333	0.018	0.02266666666666667	0.024	0.007333333333333333	0.0033333333333333335	0.002	0.0026666666666666666	0.0013333333333333333	0.0006666666666666666	0.0	0.0	0.0	0.0	0.0	0.0	0.0	0.0	0.0	0.0	0.0	0.0	0.0	0.0	0.0	0.0	0.0	0.0	0.0	0.0	0.0	0.0	0.0	0.0	0.0	0.0	0.0	0.0	0.0	0.0	0.0	0.0	0.0	0.0	0.0	0.0	0.0	0.0	0.0	
40.28066666666667	42.264	38.29066666666667	33.181333333333335	21.878666666666668	20.108	18.308	15.952666666666667	15.052666666666667	14.592	14.078666666666667	13.458666666666666	12.098	10.617333333333333	10.218	7.855333333333333	5.432	5.210666666666667	4.980666666666667	4.560666666666667	4.432	4.425333333333334	4.344	3.2546666666666666	2.748	2.739333333333333	2.6453333333333333	1.934	0.8406666666666667	0.7493333333333333	0.7313333333333333	0.7133333333333334	0.63	0.5973333333333334	0.5593333333333333	0.6026666666666667	0.54	0.47533333333333333	0.4806666666666667	0.496	0.44733333333333336	0.368	0.4066666666666667	0.37133333333333335	0.3273333333333333	0.176	0.07533333333333334	0.07533333333333334	0.06533333333333333	0.042666666666666665	0.02	0.02	0.018	0.017333333333333333	0.009333333333333334	0.004	0.006	0.0013333333333333333	0.0033333333333333335	0.0	0.0	0.0	0.0	0.0	0.0	0.0	0.0	0.0	0.0	0.0	0.0	0.0	0.0	0.0	0.0	0.0	0.0	0.0	0.0	0.0	0.0	0.0	0.0	0.0	0.0	0.0	0.0	0.0	0.0	0.0	0.0	0.0	0.0	0.0	0.0	0.0	0.0	0.0	0.0	
40.21666666666667	41.888666666666666	37.954	32.778666666666666	21.72	19.911333333333335	18.29	15.596	15.041333333333334	14.768666666666666	14.050666666666666	13.606	12.19	10.595333333333333	10.301333333333334	7.981333333333334	5.391333333333334	5.193333333333333	4.985333333333333	4.548	4.441333333333334	4.493333333333333	4.281333333333333	3.272	2.7533333333333334	2.78	2.7386666666666666	1.9606666666666666	0.8213333333333334	0.7213333333333334	0.728	0.6826666666666666	0.616	0.6	0.586	0.6086666666666667	0.5346666666666666	0.4806666666666667	0.4766666666666667	0.506	0.43266666666666664	0.40066666666666667	0.36466666666666664	0.38066666666666665	0.37133333333333335	0.172	0.07733333333333334	0.07466666666666667	0.06533333333333333	0.056	0.024666666666666667	0.018666666666666668	0.017333333333333333	0.019333333333333334	0.006666666666666667	0.0033333333333333335	0.0033333333333333335	0.0026666666666666666	0.004666666666666667	0.0	0.0	0.0	0.0	0.0	0.0	0.0	0.0	0.0	0.0	0.0	0.0	0.0	0.0	0.0	0.0	0.0	0.0	0.0	0.0	0.0	0.0	0.0	0.0	0.0	0.0	0.0	0.0	0.0	0.0	0.0	0.0	0.0	0.0	0.0	0.0	0.0	0.0	0.0	0.0	
39.898	41.653333333333336	37.572	32.79933333333334	21.745333333333335	19.950666666666667	18.213333333333335	15.642	15.088666666666667	14.516	13.956	13.450666666666667	12.332	10.65	10.288	7.898666666666666	5.431333333333333	5.276	4.924666666666667	4.502666666666666	4.583333333333333	4.410666666666667	4.289333333333333	3.2906666666666666	2.7506666666666666	2.8066666666666666	2.718	2.0246666666666666	0.768	0.72	0.6993333333333334	0.7446666666666667	0.5826666666666667	0.5926666666666667	0.6053333333333333	0.5946666666666667	0.542	0.49666666666666665	0.4886666666666667	0.496	0.458	0.38133333333333336	0.364	0.36866666666666664	0.3413333333333333	0.188	0.09066666666666667	0.08066666666666666	0.08266666666666667	0.048	0.023333333333333334	0.024666666666666667	0.027333333333333334	0.014	0.0033333333333333335	0.002	0.005333333333333333	0.0006666666666666666	0.004	0.0006666666666666666	0.0	0.0	0.0	0.0	0.0	0.0	0.0	0.0	0.0	0.0	0.0	0.0	0.0	0.0	0.0	0.0	0.0	0.0	0.0	0.0	0.0	0.0	0.0	0.0	0.0	0.0	0.0	0.0	0.0	0.0	0.0	0.0	0.0	0.0	0.0	0.0	0.0	0.0	0.0	
39.644	41.16133333333333	37.496	32.34733333333333	21.576	19.630666666666666	18.21	15.395333333333333	14.988	14.554666666666666	13.902666666666667	13.52	11.902	10.538666666666666	10.363333333333333	7.92	5.322666666666667	5.116666666666666	5.002	4.462	4.518	4.562	4.37	3.224	2.7573333333333334	2.7866666666666666	2.7693333333333334	1.9573333333333334	0.7886666666666666	0.7406666666666667	0.7353333333333333	0.6826666666666666	0.6173333333333333	0.574	0.5766666666666667	0.6046666666666667	0.5666666666666667	0.48733333333333334	0.506	0.48	0.44733333333333336	0.38	0.36866666666666664	0.37466666666666665	0.3446666666666667	0.166	0.084	0.068	0.07533333333333334	0.058666666666666666	0.021333333333333333	0.024	0.02	0.014666666666666666	0.006666666666666667	0.004666666666666667	0.006666666666666667	0.0033333333333333335	0.002	0.0	0.0	0.0	0.0	0.0	0.0	0.0	0.0	0.0	0.0	0.0	0.0	0.0	0.0	0.0	0.0	0.0	0.0	0.0	0.0	0.0	0.0	0.0	0.0	0.0	0.0	0.0	0.0	0.0	0.0	0.0	0.0	0.0	0.0	0.0	0.0	0.0	0.0	0.0	0.0	
39.285333333333334	40.91866666666667	37.33	32.194	21.51	19.42	17.884	15.464666666666666	14.828	14.397333333333334	13.994	13.258666666666667	12.011333333333333	10.590666666666667	10.461333333333334	7.898666666666666	5.335333333333334	5.062666666666667	5.009333333333333	4.6066666666666665	4.494666666666666	4.465333333333334	4.489333333333334	3.326	2.7386666666666666	2.9153333333333333	2.802	1.9366666666666668	0.7926666666666666	0.6886666666666666	0.7266666666666667	0.696	0.608	0.5946666666666667	0.5813333333333334	0.6073333333333333	0.5206666666666667	0.49	0.488	0.482	0.4573333333333333	0.35733333333333334	0.39466666666666667	0.38466666666666666	0.35	0.154	0.07266666666666667	0.068	0.07733333333333334	0.059333333333333335	0.017333333333333333	0.022	0.026	0.023333333333333334	0.008666666666666666	0.0033333333333333335	0.0033333333333333335	0.007333333333333333	0.002	0.0	0.0	0.0	0.0	0.0	0.0	0.0	0.0	0.0	0.0	0.0	0.0	0.0	0.0	0.0	0.0	0.0	0.0	0.0	0.0	0.0	0.0	0.0	0.0	0.0	0.0	0.0	0.0	0.0	0.0	0.0	0.0	0.0	0.0	0.0	0.0	0.0	0.0	0.0	0.0	
38.654666666666664	40.808	36.88133333333333	31.968666666666667	21.028	19.510666666666665	17.944	15.552666666666667	14.834666666666667	14.46	13.72	13.474	11.902666666666667	10.546666666666667	10.375333333333334	7.810666666666667	5.3453333333333335	5.163333333333333	5.012	4.464666666666667	4.471333333333333	4.468	4.366	3.224666666666667	2.764666666666667	2.758	2.712	1.9253333333333333	0.7986666666666666	0.7126666666666667	0.7793333333333333	0.674	0.608	0.5653333333333334	0.5906666666666667	0.5413333333333333	0.56	0.504	0.492	0.5053333333333333	0.43133333333333335	0.38133333333333336	0.37533333333333335	0.37133333333333335	0.3313333333333333	0.15733333333333333	0.074	0.07533333333333334	0.08333333333333333	0.05733333333333333	0.016666666666666666	0.020666666666666667	0.02	0.011333333333333334	0.012	0.005333333333333333	0.004	0.005333333333333333	0.004	0.0	0.0	0.0	0.0	0.0	0.0	0.0	0.0	0.0	0.0	0.0	0.0	0.0	0.0	0.0	0.0	0.0	0.0	0.0	0.0	0.0	0.0	0.0	0.0	0.0	0.0	0.0	0.0	0.0	0.0	0.0	0.0	0.0	0.0	0.0	0.0	0.0	0.0	0.0	0.0	
38.47666666666667	40.47666666666667	36.41	32.026	21.138	19.124	17.93	15.052	14.678	14.258	13.700666666666667	13.330666666666668	11.898666666666667	10.571333333333333	10.231333333333334	7.672666666666666	5.206	5.221333333333333	4.986666666666666	4.522	4.425333333333334	4.432666666666667	4.404	3.2173333333333334	2.706	2.7626666666666666	2.684	1.9026666666666667	0.8046666666666666	0.684	0.6993333333333334	0.702	0.6346666666666667	0.5866666666666667	0.5453333333333333	0.6026666666666667	0.5533333333333333	0.486	0.5046666666666667	0.4786666666666667	0.468	0.3933333333333333	0.35933333333333334	0.38466666666666666	0.354	0.17066666666666666	0.068	0.07	0.072	0.058666666666666666	0.02666666666666667	0.016	0.016	0.014	0.009333333333333334	0.007333333333333333	0.0033333333333333335	0.005333333333333333	0.004	0.0006666666666666666	0.0	0.0	0.0	0.0	0.0	0.0	0.0	0.0	0.0	0.0	0.0	0.0	0.0	0.0	0.0	0.0	0.0	0.0	0.0	0.0	0.0	0.0	0.0	0.0	0.0	0.0	0.0	0.0	0.0	0.0	0.0	0.0	0.0	0.0	0.0	0.0	0.0	0.0	0.0	
37.74066666666667	39.93266666666667	36.12866666666667	31.22533333333333	20.940666666666665	19.112666666666666	17.666666666666668	15.179333333333334	14.388	14.123333333333333	13.737333333333334	13.335333333333333	11.934	10.478	10.118	7.787333333333334	5.196	5.084666666666666	4.881333333333333	4.442	4.491333333333333	4.494666666666666	4.368666666666667	3.235333333333333	2.728	2.7453333333333334	2.727333333333333	1.9966666666666666	0.8226666666666667	0.7353333333333333	0.6773333333333333	0.67	0.6233333333333333	0.5966666666666667	0.5633333333333334	0.5746666666666667	0.5446666666666666	0.49866666666666665	0.48933333333333334	0.482	0.406	0.38066666666666665	0.38066666666666665	0.382	0.3413333333333333	0.16933333333333334	0.08733333333333333	0.06533333333333333	0.09133333333333334	0.051333333333333335	0.029333333333333333	0.021333333333333333	0.02266666666666667	0.02	0.004666666666666667	0.004666666666666667	0.004	0.006	0.002	0.0	0.0	0.0	0.0	0.0	0.0	0.0	0.0	0.0	0.0	0.0	0.0	0.0	0.0	0.0	0.0	0.0	0.0	0.0	0.0	0.0	0.0	0.0	0.0	0.0	0.0	0.0	0.0	0.0	0.0	0.0	0.0	0.0	0.0	0.0	0.0	0.0	0.0	0.0	0.0	
37.034	39.134	35.646	30.94	20.439333333333334	18.910666666666668	17.427333333333333	14.963333333333333	14.312	13.944666666666667	13.376	13.119333333333334	11.680666666666667	10.361333333333333	10.144	7.721333333333333	5.1866666666666665	5.002666666666666	4.842	4.33	4.344	4.421333333333333	4.31	3.198	2.7426666666666666	2.716666666666667	2.68	1.9346666666666668	0.7433333333333333	0.678	0.7193333333333334	0.6953333333333334	0.652	0.5846666666666667	0.5713333333333334	0.5653333333333334	0.5253333333333333	0.4806666666666667	0.482	0.49866666666666665	0.43933333333333335	0.38	0.374	0.3973333333333333	0.3466666666666667	0.18	0.078	0.08066666666666666	0.06	0.06066666666666667	0.019333333333333334	0.017333333333333333	0.014666666666666666	0.015333333333333332	0.009333333333333334	0.0026666666666666666	0.006	0.004	0.004	0.0	0.0	0.0	0.0	0.0	0.0	0.0	0.0	0.0	0.0	0.0	0.0	0.0	0.0	0.0	0.0	0.0	0.0	0.0	0.0	0.0	0.0	0.0	0.0	0.0	0.0	0.0	0.0	0.0	0.0	0.0	0.0	0.0	0.0	0.0	0.0	0.0	0.0	0.0	0.0	
36.443333333333335	38.526666666666664	34.76	30.764666666666667	20.438666666666666	18.585333333333335	17.174	14.898	14.184	13.812	13.248666666666667	13.047333333333333	11.622	10.38	9.916	7.578666666666667	5.249333333333333	5.064666666666667	4.884	4.225333333333333	4.274666666666667	4.3533333333333335	4.272	3.18	2.698	2.744	2.6313333333333335	1.9426666666666668	0.7713333333333333	0.7026666666666667	0.6993333333333334	0.6473333333333333	0.6046666666666667	0.552	0.59	0.5593333333333333	0.5473333333333333	0.474	0.4846666666666667	0.46066666666666667	0.448	0.382	0.382	0.3893333333333333	0.3433333333333333	0.16266666666666665	0.08533333333333333	0.06933333333333333	0.064	0.05	0.027333333333333334	0.026	0.024	0.018666666666666668	0.006666666666666667	0.0026666666666666666	0.005333333333333333	0.0026666666666666666	0.0033333333333333335	0.0	0.0	0.0	0.0	0.0	0.0	0.0	0.0	0.0	0.0	0.0	0.0	0.0	0.0	0.0	0.0	0.0	0.0	0.0	0.0	0.0	0.0	0.0	0.0	0.0	0.0	0.0	0.0	0.0	0.0	0.0	0.0	0.0	0.0	0.0	0.0	0.0	0.0	0.0	0.0	
35.726	37.690666666666665	33.978	29.50733333333333	19.743333333333332	17.86	16.516666666666666	14.186666666666667	13.536	13.245333333333333	12.718666666666667	12.572666666666667	11.056666666666667	9.934	9.529333333333334	7.178	4.922666666666666	4.808	4.569333333333334	4.1033333333333335	4.210666666666667	4.157333333333334	4.022666666666667	3.046	2.58	2.5493333333333332	2.522	1.8546666666666667	0.744	0.644	0.634	0.6466666666666666	0.5586666666666666	0.552	0.5286666666666666	0.536	0.5086666666666667	0.436	0.456	0.45666666666666667	0.432	0.3526666666666667	0.35333333333333333	0.334	0.2926666666666667	0.13933333333333334	0.068	0.06466666666666666	0.06133333333333333	0.056	0.028	0.028666666666666667	0.020666666666666667	0.019333333333333334	0.006	0.004666666666666667	0.004	0.005333333333333333	0.0013333333333333333	0.0006666666666666666	0.0	0.0	0.0	0.0	0.0	0.0	0.0	0.0	0.0	0.0	0.0	0.0	0.0	0.0	0.0	0.0	0.0	0.0	0.0	0.0	0.0	0.0	0.0	0.0	0.0	0.0	0.0	0.0	0.0	0.0	0.0	0.0	0.0	0.0	0.0	0.0	0.0	0.0	0.0	
34.41733333333333	36.204	32.632666666666665	28.544	19.204	17.47533333333333	15.928666666666667	13.698	13.177333333333333	12.801333333333334	12.196666666666667	11.962	10.754	9.402666666666667	9.155333333333333	6.946666666666666	4.692	4.576666666666667	4.45	3.917333333333333	4.0633333333333335	3.998	3.8586666666666667	2.892	2.4306666666666668	2.4086666666666665	2.5033333333333334	1.7513333333333334	0.7193333333333334	0.6066666666666667	0.618	0.606	0.5553333333333333	0.508	0.526	0.48733333333333334	0.466	0.47333333333333333	0.438	0.43933333333333335	0.4073333333333333	0.332	0.31466666666666665	0.32866666666666666	0.29133333333333333	0.15666666666666668	0.09266666666666666	0.07333333333333333	0.07466666666666667	0.05466666666666667	0.019333333333333334	0.02666666666666667	0.023333333333333334	0.019333333333333334	0.005333333333333333	0.004666666666666667	0.005333333333333333	0.004666666666666667	0.0006666666666666666	0.0	0.0	0.0	0.0	0.0	0.0	0.0	0.0	0.0	0.0	0.0	0.0	0.0	0.0	0.0	0.0	0.0	0.0	0.0	0.0	0.0	0.0	0.0	0.0	0.0	0.0	0.0	0.0	0.0	0.0	0.0	0.0	0.0	0.0	0.0	0.0	0.0	0.0	0.0	0.0	
33.486	34.76533333333333	31.667333333333332	27.621333333333332	18.287333333333333	16.699333333333332	15.373333333333333	13.047333333333333	12.601333333333333	12.314	11.848666666666666	11.422666666666666	10.305333333333333	8.911333333333333	8.652	6.690666666666667	4.565333333333333	4.252666666666666	4.33	3.866	3.834	3.8593333333333333	3.7746666666666666	2.7893333333333334	2.4006666666666665	2.3113333333333332	2.275333333333333	1.6646666666666667	0.6673333333333333	0.64	0.6153333333333333	0.6133333333333333	0.526	0.526	0.49	0.5146666666666667	0.47	0.398	0.406	0.42533333333333334	0.3566666666666667	0.3273333333333333	0.35133333333333333	0.30533333333333335	0.25933333333333336	0.144	0.06666666666666667	0.059333333333333335	0.07	0.042	0.028666666666666667	0.013333333333333334	0.016666666666666666	0.01	0.008666666666666666	0.004	0.0013333333333333333	0.0026666666666666666	0.0013333333333333333	0.0	0.0	0.0	0.0	0.0	0.0	0.0	0.0	0.0	0.0	0.0	0.0	0.0	0.0	0.0	0.0	0.0	0.0	0.0	0.0	0.0	0.0	0.0	0.0	0.0	0.0	0.0	0.0	0.0	0.0	0.0	0.0	0.0	0.0	0.0	0.0	0.0	0.0	0.0	0.0	
32.362	34.06333333333333	30.432666666666666	26.255333333333333	17.742	16.136666666666667	14.782666666666668	12.626666666666667	12.296666666666667	11.959333333333333	11.472	11.109333333333334	9.81	8.72	8.528	6.482	4.4206666666666665	4.286666666666667	4.118	3.672	3.6286666666666667	3.779333333333333	3.5613333333333332	2.6293333333333333	2.256	2.2013333333333334	2.2293333333333334	1.5486666666666666	0.6473333333333333	0.5646666666666667	0.558	0.5566666666666666	0.49866666666666665	0.48133333333333334	0.48533333333333334	0.4553333333333333	0.4513333333333333	0.4066666666666667	0.40066666666666667	0.408	0.37466666666666665	0.32133333333333336	0.296	0.29	0.276	0.13866666666666666	0.064	0.06	0.059333333333333335	0.042	0.022	0.018	0.019333333333333334	0.011333333333333334	0.004666666666666667	0.0026666666666666666	0.0026666666666666666	0.0006666666666666666	0.0026666666666666666	0.0	0.0	0.0	0.0	0.0	0.0	0.0	0.0	0.0	0.0	0.0	0.0	0.0	0.0	0.0	0.0	0.0	0.0	0.0	0.0	0.0	0.0	0.0	0.0	0.0	0.0	0.0	0.0	0.0	0.0	0.0	0.0	0.0	0.0	0.0	0.0	0.0	0.0	0.0	0.0	
31.329333333333334	32.85333333333333	29.524	25.433333333333334	16.848666666666666	15.504	14.273333333333333	12.136666666666667	11.764	11.456	10.99	10.666	9.268666666666666	8.304	8.116	6.171333333333333	4.285333333333333	4.084	3.9793333333333334	3.477333333333333	3.5206666666666666	3.481333333333333	3.4606666666666666	2.6033333333333335	2.1373333333333333	2.148	2.1313333333333335	1.5586666666666666	0.6233333333333333	0.5473333333333333	0.5873333333333334	0.5446666666666666	0.49333333333333335	0.47933333333333333	0.47	0.448	0.432	0.4106666666666667	0.36533333333333334	0.37666666666666665	0.344	0.29733333333333334	0.29	0.29933333333333334	0.25866666666666666	0.126	0.06666666666666667	0.056666666666666664	0.05733333333333333	0.04133333333333333	0.018	0.014666666666666666	0.018	0.019333333333333334	0.007333333333333333	0.004	0.0026666666666666666	0.0026666666666666666	0.0006666666666666666	0.0006666666666666666	0.0	0.0	0.0	0.0	0.0	0.0	0.0	0.0	0.0	0.0	0.0	0.0	0.0	0.0	0.0	0.0	0.0	0.0	0.0	0.0	0.0	0.0	0.0	0.0	0.0	0.0	0.0	0.0	0.0	0.0	0.0	0.0	0.0	0.0	0.0	0.0	0.0	0.0	0.0	
30.376666666666665	31.433333333333334	28.446	24.718	16.332	14.857333333333333	13.686	11.916	11.223333333333333	11.022	10.636	10.085333333333333	8.994	8.098	7.718666666666667	5.935333333333333	4.114	3.968	3.7293333333333334	3.36	3.3806666666666665	3.4326666666666665	3.2853333333333334	2.4366666666666665	2.028	2.028	2.017333333333333	1.4893333333333334	0.6053333333333333	0.5306666666666666	0.5366666666666666	0.5566666666666666	0.4693333333333333	0.43733333333333335	0.464	0.456	0.4146666666666667	0.356	0.37733333333333335	0.36466666666666664	0.34933333333333333	0.278	0.284	0.26266666666666666	0.24866666666666667	0.13	0.06066666666666667	0.05533333333333333	0.044	0.04	0.019333333333333334	0.018	0.014	0.01	0.008	0.0026666666666666666	0.0026666666666666666	0.0013333333333333333	0.0013333333333333333	0.0	0.0	0.0	0.0	0.0	0.0	0.0	0.0	0.0	0.0	0.0	0.0	0.0	0.0	0.0	0.0	0.0	0.0	0.0	0.0	0.0	0.0	0.0	0.0	0.0	0.0	0.0	0.0	0.0	0.0	0.0	0.0	0.0	0.0	0.0	0.0	0.0	0.0	0.0	0.0	
29.466	30.643333333333334	27.664	23.723333333333333	15.642	14.25	13.174	11.242	10.894666666666666	10.708666666666666	10.227333333333334	9.987333333333334	8.723333333333333	7.615333333333333	7.46	5.582666666666666	4.052	3.791333333333333	3.666	3.272	3.2506666666666666	3.358	3.1406666666666667	2.4	1.9586666666666666	2.014666666666667	1.918	1.3873333333333333	0.6033333333333334	0.5186666666666667	0.5153333333333333	0.502	0.4686666666666667	0.43933333333333335	0.428	0.42533333333333334	0.37666666666666665	0.3473333333333333	0.33866666666666667	0.326	0.3253333333333333	0.2846666666666667	0.25533333333333336	0.2713333333333333	0.232	0.128	0.06266666666666666	0.04666666666666667	0.056	0.03933333333333333	0.026	0.016666666666666666	0.010666666666666666	0.018	0.009333333333333334	0.002	0.002	0.004	0.002	0.0	0.0	0.0	0.0	0.0	0.0	0.0	0.0	0.0	0.0	0.0	0.0	0.0	0.0	0.0	0.0	0.0	0.0	0.0	0.0	0.0	0.0	0.0	0.0	0.0	0.0	0.0	0.0	0.0	0.0	0.0	0.0	0.0	0.0	0.0	0.0	0.0	0.0	0.0	0.0	
28.494666666666667	29.573333333333334	26.406	22.826666666666668	15.279333333333334	13.758	12.773333333333333	10.874666666666666	10.476666666666667	10.327333333333334	9.815333333333333	9.586	8.476666666666667	7.44	7.134666666666667	5.432666666666667	3.8026666666666666	3.683333333333333	3.5033333333333334	3.1966666666666668	3.187333333333333	3.1733333333333333	3.0553333333333335	2.296	1.884	1.9186666666666667	1.868	1.3906666666666667	0.552	0.5126666666666667	0.5066666666666667	0.47533333333333333	0.44466666666666665	0.4166666666666667	0.43133333333333335	0.414	0.398	0.3393333333333333	0.32466666666666666	0.3406666666666667	0.334	0.296	0.23333333333333334	0.252	0.246	0.112	0.05733333333333333	0.05333333333333334	0.056	0.03866666666666667	0.018	0.016666666666666666	0.012666666666666666	0.010666666666666666	0.006	0.006	0.0033333333333333335	0.004	0.0013333333333333333	0.0	0.0	0.0	0.0	0.0	0.0	0.0	0.0	0.0	0.0	0.0	0.0	0.0	0.0	0.0	0.0	0.0	0.0	0.0	0.0	0.0	0.0	0.0	0.0	0.0	0.0	0.0	0.0	0.0	0.0	0.0	0.0	0.0	0.0	0.0	0.0	0.0	0.0	0.0	0.0	
27.426	28.395333333333333	25.733333333333334	21.958	14.718	13.146666666666667	12.372666666666667	10.466	10.191333333333333	9.965333333333334	9.384	9.148	8.056	6.96	6.994666666666666	5.3213333333333335	3.6026666666666665	3.522	3.4193333333333333	2.9426666666666668	3.0606666666666666	2.985333333333333	3.062666666666667	2.13	1.8646666666666667	1.8833333333333333	1.814	1.2586666666666666	0.552	0.474	0.49866666666666665	0.45066666666666666	0.4106666666666667	0.4126666666666667	0.402	0.39866666666666667	0.342	0.33466666666666667	0.336	0.31533333333333335	0.30466666666666664	0.23933333333333334	0.25266666666666665	0.25266666666666665	0.21533333333333332	0.102	0.05466666666666667	0.034666666666666665	0.04933333333333333	0.034	0.01	0.012666666666666666	0.017333333333333333	0.008666666666666666	0.008666666666666666	0.006666666666666667	0.005333333333333333	0.004	0.0026666666666666666	0.0	0.0	0.0	0.0	0.0	0.0	0.0	0.0	0.0	0.0	0.0	0.0	0.0	0.0	0.0	0.0	0.0	0.0	0.0	0.0	0.0	0.0	0.0	0.0	0.0	0.0	0.0	0.0	0.0	0.0	0.0	0.0	0.0	0.0	0.0	0.0	0.0	0.0	0.0	0.0	
26.523333333333333	27.417333333333332	24.302	21.331333333333333	13.984	12.914666666666667	11.84	10.119333333333334	9.606666666666667	9.537333333333333	9.157333333333334	8.818666666666667	7.8933333333333335	6.699333333333334	6.515333333333333	5.152666666666667	3.453333333333333	3.324	3.212	2.8586666666666667	2.9266666666666667	2.8566666666666665	2.8666666666666667	2.098	1.7146666666666666	1.6946666666666668	1.7013333333333334	1.2333333333333334	0.546	0.44133333333333336	0.4653333333333333	0.4633333333333333	0.416	0.36466666666666664	0.3546666666666667	0.3506666666666667	0.36	0.3393333333333333	0.30666666666666664	0.296	0.29333333333333333	0.25266666666666665	0.22466666666666665	0.23333333333333334	0.212	0.11533333333333333	0.044	0.05	0.04533333333333334	0.026	0.016	0.014666666666666666	0.014	0.011333333333333334	0.0026666666666666666	0.004	0.0006666666666666666	0.0013333333333333333	0.0	0.0	0.0	0.0	0.0	0.0	0.0	0.0	0.0	0.0	0.0	0.0	0.0	0.0	0.0	0.0	0.0	0.0	0.0	0.0	0.0	0.0	0.0	0.0	0.0	0.0	0.0	0.0	0.0	0.0	0.0	0.0	0.0	0.0	0.0	0.0	0.0	0.0	0.0	0.0	0.0	
25.256666666666668	26.465333333333334	23.763333333333332	20.362	13.378	12.296	11.367333333333333	9.792666666666667	9.347333333333333	9.126	8.73	8.451333333333332	7.396	6.580666666666667	6.259333333333333	4.834666666666666	3.342	3.278	3.046	2.7533333333333334	2.735333333333333	2.814	2.735333333333333	2.014	1.6126666666666667	1.6526666666666667	1.664	1.208	0.494	0.456	0.44733333333333336	0.43933333333333335	0.392	0.386	0.3893333333333333	0.36466666666666664	0.314	0.30533333333333335	0.306	0.2786666666666667	0.274	0.21933333333333332	0.208	0.202	0.20933333333333334	0.09666666666666666	0.04533333333333334	0.059333333333333335	0.05466666666666667	0.028	0.024666666666666667	0.015333333333333332	0.014666666666666666	0.007333333333333333	0.0033333333333333335	0.002	0.0026666666666666666	0.002	0.0006666666666666666	0.0	0.0	0.0	0.0	0.0	0.0	0.0	0.0	0.0	0.0	0.0	0.0	0.0	0.0	0.0	0.0	0.0	0.0	0.0	0.0	0.0	0.0	0.0	0.0	0.0	0.0	0.0	0.0	0.0	0.0	0.0	0.0	0.0	0.0	0.0	0.0	0.0	0.0	0.0	0.0	
24.346	25.513333333333332	22.718666666666667	19.504666666666665	12.990666666666666	11.837333333333333	10.88	9.362	9.193333333333333	8.66	8.206	8.058	7.192	6.1866666666666665	6.012	4.674666666666667	3.2253333333333334	3.046666666666667	2.8806666666666665	2.6746666666666665	2.666	2.666	2.5613333333333332	1.922	1.5593333333333332	1.6366666666666667	1.5606666666666666	1.18	0.4766666666666667	0.43733333333333335	0.4186666666666667	0.38666666666666666	0.36133333333333334	0.354	0.32133333333333336	0.35733333333333334	0.304	0.30466666666666664	0.25733333333333336	0.2786666666666667	0.26066666666666666	0.21266666666666667	0.23333333333333334	0.20266666666666666	0.18133333333333335	0.10333333333333333	0.03933333333333333	0.04933333333333333	0.03933333333333333	0.028	0.015333333333333332	0.008666666666666666	0.011333333333333334	0.006	0.006	0.0026666666666666666	0.002	0.0033333333333333335	0.002	0.0	0.0	0.0	0.0	0.0	0.0	0.0	0.0	0.0	0.0	0.0	0.0	0.0	0.0	0.0	0.0	0.0	0.0	0.0	0.0	0.0	0.0	0.0	0.0	0.0	0.0	0.0	0.0	0.0	0.0	0.0	0.0	0.0	0.0	0.0	0.0	0.0	0.0	0.0	0.0	
23.496666666666666	24.360666666666667	21.818666666666665	18.720666666666666	12.526666666666667	11.400666666666666	10.412	9.041333333333334	8.700666666666667	8.214666666666666	7.932666666666667	7.768666666666666	6.814	5.943333333333333	5.806	4.514666666666667	3.0533333333333332	2.95	2.828	2.62	2.5073333333333334	2.514	2.485333333333333	1.8046666666666666	1.5646666666666667	1.5106666666666666	1.5146666666666666	1.0353333333333334	0.41133333333333333	0.414	0.37866666666666665	0.3913333333333333	0.3486666666666667	0.3453333333333333	0.344	0.3486666666666667	0.2806666666666667	0.272	0.26	0.27666666666666667	0.25733333333333336	0.2	0.20933333333333334	0.208	0.18533333333333332	0.08266666666666667	0.05466666666666667	0.03666666666666667	0.043333333333333335	0.026	0.014666666666666666	0.014	0.014666666666666666	0.014	0.005333333333333333	0.0013333333333333333	0.0013333333333333333	0.0026666666666666666	0.0	0.0	0.0	0.0	0.0	0.0	0.0	0.0	0.0	0.0	0.0	0.0	0.0	0.0	0.0	0.0	0.0	0.0	0.0	0.0	0.0	0.0	0.0	0.0	0.0	0.0	0.0	0.0	0.0	0.0	0.0	0.0	0.0	0.0	0.0	0.0	0.0	0.0	0.0	0.0	0.0	
22.529333333333334	23.695333333333334	21.263333333333332	18.036666666666665	11.854666666666667	10.852666666666666	10.138	8.59	8.373333333333333	8.038	7.790666666666667	7.520666666666667	6.495333333333333	5.790666666666667	5.572	4.259333333333333	2.9606666666666666	2.8446666666666665	2.735333333333333	2.469333333333333	2.344	2.4386666666666668	2.4126666666666665	1.8046666666666666	1.4693333333333334	1.49	1.486	1.004	0.44	0.39066666666666666	0.4206666666666667	0.38866666666666666	0.346	0.3353333333333333	0.33666666666666667	0.32266666666666666	0.29733333333333334	0.27066666666666667	0.266	0.24733333333333332	0.226	0.19533333333333333	0.18333333333333332	0.19933333333333333	0.17733333333333334	0.08866666666666667	0.03666666666666667	0.04133333333333333	0.038	0.032	0.011333333333333334	0.01	0.016666666666666666	0.01	0.004666666666666667	0.002	0.0	0.0026666666666666666	0.0006666666666666666	0.0	0.0	0.0	0.0	0.0	0.0	0.0	0.0	0.0	0.0	0.0	0.0	0.0	0.0	0.0	0.0	0.0	0.0	0.0	0.0	0.0	0.0	0.0	0.0	0.0	0.0	0.0	0.0	0.0	0.0	0.0	0.0	0.0	0.0	0.0	0.0	0.0	0.0	0.0	0.0	
21.781333333333333	22.559333333333335	20.402666666666665	17.422	11.557333333333334	10.599333333333334	9.692666666666666	8.399333333333333	8.097333333333333	7.734666666666667	7.45	7.190666666666667	6.272	5.584666666666666	5.290666666666667	4.228	2.886	2.8226666666666667	2.6773333333333333	2.3266666666666667	2.412	2.3753333333333333	2.243333333333333	1.6833333333333333	1.3893333333333333	1.4453333333333334	1.4133333333333333	0.99	0.4126666666666667	0.366	0.366	0.39866666666666667	0.294	0.30466666666666664	0.30866666666666664	0.32466666666666666	0.29	0.23733333333333334	0.25266666666666665	0.2653333333333333	0.246	0.17733333333333334	0.19333333333333333	0.192	0.17466666666666666	0.088	0.04666666666666667	0.03666666666666667	0.028666666666666667	0.022	0.014666666666666666	0.011333333333333334	0.016666666666666666	0.008666666666666666	0.0026666666666666666	0.0	0.0033333333333333335	0.0026666666666666666	0.0013333333333333333	0.0	0.0	0.0	0.0	0.0	0.0	0.0	0.0	0.0	0.0	0.0	0.0	0.0	0.0	0.0	0.0	0.0	0.0	0.0	0.0	0.0	0.0	0.0	0.0	0.0	0.0	0.0	0.0	0.0	0.0	0.0	0.0	0.0	0.0	0.0	0.0	0.0	0.0	0.0	0.0	
21.315333333333335	21.829333333333334	19.869333333333334	16.836	11.095333333333333	10.130666666666666	9.43	7.958666666666667	7.78	7.442666666666667	7.108	6.886666666666667	6.165333333333334	5.3533333333333335	5.037333333333334	3.93	2.784	2.707333333333333	2.5366666666666666	2.2626666666666666	2.1886666666666668	2.3026666666666666	2.2533333333333334	1.6273333333333333	1.362	1.32	1.426	0.9506666666666667	0.3873333333333333	0.36933333333333335	0.3546666666666667	0.356	0.3293333333333333	0.2946666666666667	0.30533333333333335	0.288	0.268	0.2613333333333333	0.26666666666666666	0.234	0.224	0.17	0.19866666666666666	0.17066666666666666	0.15866666666666668	0.07866666666666666	0.034666666666666665	0.035333333333333335	0.034	0.03133333333333333	0.016666666666666666	0.014666666666666666	0.007333333333333333	0.006666666666666667	0.0013333333333333333	0.002	0.0	0.0006666666666666666	0.0	0.0	0.0	0.0	0.0	0.0	0.0	0.0	0.0	0.0	0.0	0.0	0.0	0.0	0.0	0.0	0.0	0.0	0.0	0.0	0.0	0.0	0.0	0.0	0.0	0.0	0.0	0.0	0.0	0.0	0.0	0.0	0.0	0.0	0.0	0.0	0.0	0.0	0.0	0.0	0.0	
20.687333333333335	21.47533333333333	19.134666666666668	16.403333333333332	10.766666666666667	9.833333333333334	9.111333333333333	7.894666666666667	7.517333333333333	7.173333333333333	7.066	6.6786666666666665	5.87	5.171333333333333	5.028	3.8186666666666667	2.6353333333333335	2.5893333333333333	2.422	2.223333333333333	2.24	2.204	2.1073333333333335	1.5273333333333334	1.2573333333333334	1.3213333333333332	1.2726666666666666	0.9313333333333333	0.3993333333333333	0.34933333333333333	0.37666666666666665	0.34933333333333333	0.31	0.2806666666666667	0.30666666666666664	0.2846666666666667	0.24266666666666667	0.24733333333333332	0.248	0.23466666666666666	0.19	0.17866666666666667	0.16866666666666666	0.166	0.14733333333333334	0.07066666666666667	0.034	0.034	0.042	0.024	0.016	0.009333333333333334	0.008	0.009333333333333334	0.0026666666666666666	0.002	0.002	0.002	0.0013333333333333333	0.0	0.0	0.0	0.0	0.0	0.0	0.0	0.0	0.0	0.0	0.0	0.0	0.0	0.0	0.0	0.0	0.0	0.0	0.0	0.0	0.0	0.0	0.0	0.0	0.0	0.0	0.0	0.0	0.0	0.0	0.0	0.0	0.0	0.0	0.0	0.0	0.0	0.0	0.0	0.0	
20.049333333333333	20.872666666666667	18.522666666666666	15.877333333333333	10.667333333333334	9.449333333333334	8.816666666666666	7.419333333333333	7.251333333333333	7.028666666666667	6.786	6.445333333333333	5.794	5.008666666666667	4.763333333333334	3.7226666666666666	2.5993333333333335	2.5553333333333335	2.4366666666666665	2.1266666666666665	2.1253333333333333	2.1333333333333333	2.06	1.4786666666666666	1.2886666666666666	1.234	1.2506666666666666	0.9093333333333333	0.3486666666666667	0.3373333333333333	0.32266666666666666	0.31533333333333335	0.2926666666666667	0.26466666666666666	0.276	0.3	0.26066666666666666	0.2613333333333333	0.23266666666666666	0.22666666666666666	0.19	0.182	0.18533333333333332	0.176	0.158	0.07933333333333334	0.030666666666666665	0.03	0.04066666666666666	0.022	0.013333333333333334	0.011333333333333334	0.010666666666666666	0.004666666666666667	0.0033333333333333335	0.002	0.0026666666666666666	0.0026666666666666666	0.002	0.0	0.0	0.0	0.0	0.0	0.0	0.0	0.0	0.0	0.0	0.0	0.0	0.0	0.0	0.0	0.0	0.0	0.0	0.0	0.0	0.0	0.0	0.0	0.0	0.0	0.0	0.0	0.0	0.0	0.0	0.0	0.0	0.0	0.0	0.0	0.0	0.0	0.0	0.0	0.0	
19.356666666666666	20.086	17.94	15.297333333333333	10.090666666666667	9.417333333333334	8.504	7.355333333333333	7.046	6.738	6.516666666666667	6.229333333333333	5.422666666666666	4.89	4.717333333333333	3.624	2.478666666666667	2.3693333333333335	2.2786666666666666	2.0153333333333334	1.992	2.082	1.9853333333333334	1.3853333333333333	1.1926666666666668	1.2053333333333334	1.2273333333333334	0.8333333333333334	0.348	0.31866666666666665	0.31	0.32066666666666666	0.284	0.2833333333333333	0.2786666666666667	0.26666666666666666	0.24866666666666667	0.20533333333333334	0.212	0.22133333333333333	0.19866666666666666	0.16733333333333333	0.15866666666666668	0.156	0.166	0.07266666666666667	0.03866666666666667	0.04466666666666667	0.030666666666666665	0.020666666666666667	0.010666666666666666	0.012	0.007333333333333333	0.009333333333333334	0.0026666666666666666	0.0013333333333333333	0.002	0.0	0.0013333333333333333	0.0	0.0	0.0	0.0	0.0	0.0	0.0	0.0	0.0	0.0	0.0	0.0	0.0	0.0	0.0	0.0	0.0	0.0	0.0	0.0	0.0	0.0	0.0	0.0	0.0	0.0	0.0	0.0	0.0	0.0	0.0	0.0	0.0	0.0	0.0	0.0	0.0	0.0	0.0	0.0	
18.898	19.282	17.354666666666667	14.901333333333334	9.873333333333333	9.083333333333334	8.31	7.109333333333334	6.82	6.59	6.272	6.028	5.4	4.6306666666666665	4.478666666666666	3.3926666666666665	2.429333333333333	2.328	2.2373333333333334	2.014666666666667	1.9466666666666668	1.9693333333333334	1.9246666666666667	1.4233333333333333	1.1833333333333333	1.1373333333333333	1.2193333333333334	0.862	0.336	0.32066666666666666	0.31466666666666665	0.2926666666666667	0.274	0.2653333333333333	0.24533333333333332	0.274	0.246	0.194	0.21733333333333332	0.22666666666666666	0.18533333333333332	0.16733333333333333	0.168	0.144	0.144	0.08333333333333333	0.03333333333333333	0.036	0.03266666666666666	0.027333333333333334	0.009333333333333334	0.008	0.013333333333333334	0.006666666666666667	0.0026666666666666666	0.002	0.0	0.0013333333333333333	0.0013333333333333333	0.0	0.0	0.0	0.0	0.0	0.0	0.0	0.0	0.0	0.0	0.0	0.0	0.0	0.0	0.0	0.0	0.0	0.0	0.0	0.0	0.0	0.0	0.0	0.0	0.0	0.0	0.0	0.0	0.0	0.0	0.0	0.0	0.0	0.0	0.0	0.0	0.0	0.0	0.0	0.0	
18.361333333333334	18.986666666666668	16.894	14.456666666666667	9.675333333333333	8.749333333333333	7.892666666666667	6.884	6.616666666666666	6.366666666666666	6.051333333333333	5.812666666666667	5.1626666666666665	4.5	4.445333333333333	3.3906666666666667	2.3473333333333333	2.252666666666667	2.1326666666666667	1.9486666666666668	1.8866666666666667	1.9606666666666666	1.8373333333333333	1.3186666666666667	1.1133333333333333	1.1246666666666667	1.1326666666666667	0.842	0.3333333333333333	0.30866666666666664	0.31733333333333336	0.31866666666666665	0.2846666666666667	0.24066666666666667	0.262	0.25466666666666665	0.21933333333333332	0.21733333333333332	0.222	0.18333333333333332	0.17266666666666666	0.15133333333333332	0.15333333333333332	0.142	0.13333333333333333	0.06466666666666666	0.028666666666666667	0.038	0.032	0.024	0.01	0.011333333333333334	0.006666666666666667	0.011333333333333334	0.0033333333333333335	0.0013333333333333333	0.0026666666666666666	0.0013333333333333333	0.0	0.0	0.0	0.0	0.0	0.0	0.0	0.0	0.0	0.0	0.0	0.0	0.0	0.0	0.0	0.0	0.0	0.0	0.0	0.0	0.0	0.0	0.0	0.0	0.0	0.0	0.0	0.0	0.0	0.0	0.0	0.0	0.0	0.0	0.0	0.0	0.0	0.0	0.0	0.0	0.0	
17.948	18.491333333333333	16.467333333333332	14.231333333333334	9.496666666666666	8.552	7.852	6.732	6.469333333333333	6.306666666666667	6.022	5.696	4.995333333333333	4.265333333333333	4.277333333333333	3.195333333333333	2.2746666666666666	2.1686666666666667	2.1126666666666667	1.8386666666666667	1.8473333333333333	1.8486666666666667	1.8153333333333332	1.398	1.1046666666666667	1.0766666666666667	1.108	0.794	0.35533333333333333	0.324	0.31266666666666665	0.2986666666666667	0.272	0.25466666666666665	0.24466666666666667	0.246	0.22466666666666665	0.208	0.196	0.18466666666666667	0.18	0.172	0.148	0.14866666666666667	0.13	0.064	0.032	0.03266666666666666	0.03333333333333333	0.022	0.011333333333333334	0.006	0.011333333333333334	0.007333333333333333	0.005333333333333333	0.002	0.0026666666666666666	0.0006666666666666666	0.0013333333333333333	0.0	0.0	0.0	0.0	0.0	0.0	0.0	0.0	0.0	0.0	0.0	0.0	0.0	0.0	0.0	0.0	0.0	0.0	0.0	0.0	0.0	0.0	0.0	0.0	0.0	0.0	0.0	0.0	0.0	0.0	0.0	0.0	0.0	0.0	0.0	0.0	0.0	0.0	0.0	0.0	
17.598666666666666	18.079333333333334	16.36	13.793333333333333	9.24	8.312666666666667	7.633333333333334	6.618666666666667	6.3853333333333335	6.070666666666667	5.773333333333333	5.709333333333333	4.9046666666666665	4.309333333333333	4.146	3.231333333333333	2.2186666666666666	2.1073333333333335	2.0406666666666666	1.8366666666666667	1.8433333333333333	1.8053333333333332	1.8313333333333333	1.32	1.076	1.05	1.1	0.77	0.30133333333333334	0.2866666666666667	0.276	0.27466666666666667	0.26066666666666666	0.24266666666666667	0.24933333333333332	0.23866666666666667	0.23333333333333334	0.152	0.21866666666666668	0.196	0.18733333333333332	0.15133333333333332	0.13533333333333333	0.122	0.12066666666666667	0.072	0.029333333333333333	0.03133333333333333	0.02666666666666667	0.020666666666666667	0.007333333333333333	0.011333333333333334	0.01	0.007333333333333333	0.0026666666666666666	0.002	0.0006666666666666666	0.0013333333333333333	0.0	0.0	0.0	0.0	0.0	0.0	0.0	0.0	0.0	0.0	0.0	0.0	0.0	0.0	0.0	0.0	0.0	0.0	0.0	0.0	0.0	0.0	0.0	0.0	0.0	0.0	0.0	0.0	0.0	0.0	0.0	0.0	0.0	0.0	0.0	0.0	0.0	0.0	0.0	0.0	0.0	
17.423333333333332	17.787333333333333	15.952	13.654666666666667	8.939333333333334	8.220666666666666	7.575333333333333	6.467333333333333	6.245333333333333	6.012666666666667	5.769333333333333	5.486666666666666	4.828	4.1946666666666665	4.13	3.148	2.2533333333333334	2.1546666666666665	2.014666666666667	1.7746666666666666	1.7913333333333334	1.7866666666666666	1.7473333333333334	1.2466666666666666	1.0726666666666667	1.082	1.0693333333333332	0.7293333333333333	0.33066666666666666	0.278	0.2773333333333333	0.28	0.23866666666666667	0.224	0.24466666666666667	0.232	0.20133333333333334	0.19866666666666666	0.21333333333333335	0.19733333333333333	0.17266666666666666	0.12333333333333334	0.12533333333333332	0.138	0.12933333333333333	0.06666666666666667	0.03	0.03	0.027333333333333334	0.024	0.012	0.012666666666666666	0.008666666666666666	0.006	0.004666666666666667	0.0026666666666666666	0.002	0.0033333333333333335	0.0	0.0	0.0	0.0	0.0	0.0	0.0	0.0	0.0	0.0	0.0	0.0	0.0	0.0	0.0	0.0	0.0	0.0	0.0	0.0	0.0	0.0	0.0	0.0	0.0	0.0	0.0	0.0	0.0	0.0	0.0	0.0	0.0	0.0	0.0	0.0	0.0	0.0	0.0	0.0	0.0	
16.918	17.426	15.484	13.503333333333334	8.7	8.082	7.520666666666667	6.333333333333333	6.1546666666666665	5.792666666666666	5.502666666666666	5.301333333333333	4.738	4.122	4.035333333333333	3.054666666666667	2.227333333333333	2.078	2.066666666666667	1.7833333333333334	1.7666666666666666	1.792	1.7433333333333334	1.2386666666666666	1.0	0.9953333333333333	1.0433333333333332	0.744	0.34	0.296	0.26066666666666666	0.28733333333333333	0.24333333333333335	0.22533333333333333	0.21666666666666667	0.268	0.202	0.188	0.20666666666666667	0.18	0.15533333333333332	0.132	0.14133333333333334	0.13133333333333333	0.14133333333333334	0.07266666666666667	0.024666666666666667	0.025333333333333333	0.025333333333333333	0.021333333333333333	0.01	0.005333333333333333	0.004	0.007333333333333333	0.0033333333333333335	0.0033333333333333335	0.0013333333333333333	0.0006666666666666666	0.0006666666666666666	0.0	0.0	0.0	0.0	0.0	0.0	0.0	0.0	0.0	0.0	0.0	0.0	0.0	0.0	0.0	0.0	0.0	0.0	0.0	0.0	0.0	0.0	0.0	0.0	0.0	0.0	0.0	0.0	0.0	0.0	0.0	0.0	0.0	0.0	0.0	0.0	0.0	0.0	0.0	0.0	
16.758666666666667	17.119333333333334	15.393333333333333	12.969333333333333	8.713333333333333	7.939333333333333	7.1146666666666665	6.068666666666667	5.91	5.746	5.524	5.36	4.624	4.004	3.966	2.962666666666667	2.1486666666666667	1.984	1.9253333333333333	1.724	1.7053333333333334	1.7193333333333334	1.6786666666666668	1.2173333333333334	0.9966666666666667	0.992	1.0006666666666666	0.7373333333333333	0.31866666666666665	0.248	0.262	0.25866666666666666	0.238	0.22866666666666666	0.22333333333333333	0.22466666666666665	0.21	0.20466666666666666	0.17666666666666667	0.17733333333333334	0.16466666666666666	0.146	0.11666666666666667	0.14266666666666666	0.11533333333333333	0.052	0.030666666666666665	0.034666666666666665	0.03333333333333333	0.02266666666666667	0.006	0.007333333333333333	0.006666666666666667	0.006666666666666667	0.0013333333333333333	0.0013333333333333333	0.0006666666666666666	0.0006666666666666666	0.0013333333333333333	0.0	0.0	0.0	0.0	0.0	0.0	0.0	0.0	0.0	0.0	0.0	0.0	0.0	0.0	0.0	0.0	0.0	0.0	0.0	0.0	0.0	0.0	0.0	0.0	0.0	0.0	0.0	0.0	0.0	0.0	0.0	0.0	0.0	0.0	0.0	0.0	0.0	0.0	0.0	0.0	
16.435333333333332	16.692666666666668	14.999333333333333	12.835333333333333	8.435333333333332	7.685333333333333	7.004	6.156	5.778666666666667	5.656	5.3406666666666665	5.157333333333334	4.502666666666666	3.9126666666666665	3.802	2.98	2.0773333333333333	1.974	1.8893333333333333	1.692	1.6873333333333334	1.6726666666666667	1.6353333333333333	1.216	0.998	0.992	0.9793333333333333	0.7186666666666667	0.2773333333333333	0.278	0.266	0.2793333333333333	0.24	0.214	0.22333333333333333	0.21266666666666667	0.19933333333333333	0.16333333333333333	0.19866666666666666	0.17666666666666667	0.18	0.15733333333333333	0.13	0.132	0.10266666666666667	0.05533333333333333	0.030666666666666665	0.030666666666666665	0.029333333333333333	0.020666666666666667	0.014	0.006	0.005333333333333333	0.007333333333333333	0.002	0.0026666666666666666	0.0026666666666666666	0.0006666666666666666	0.0	0.0	0.0	0.0	0.0	0.0	0.0	0.0	0.0	0.0	0.0	0.0	0.0	0.0	0.0	0.0	0.0	0.0	0.0	0.0	0.0	0.0	0.0	0.0	0.0	0.0	0.0	0.0	0.0	0.0	0.0	0.0	0.0	0.0	0.0	0.0	0.0	0.0	0.0	0.0	0.0	
16.120666666666665	16.4	14.628	12.612	8.45	7.572	6.892666666666667	6.016666666666667	5.605333333333333	5.528666666666667	5.13	5.060666666666667	4.445333333333333	3.824	3.7453333333333334	2.9233333333333333	2.066666666666667	1.9673333333333334	1.8486666666666667	1.7	1.6593333333333333	1.664	1.5713333333333332	1.1106666666666667	0.998	0.9686666666666667	0.9606666666666667	0.7026666666666667	0.28933333333333333	0.25266666666666665	0.27066666666666667	0.22466666666666665	0.22533333333333333	0.23266666666666666	0.198	0.226	0.20466666666666666	0.17333333333333334	0.174	0.20733333333333334	0.18866666666666668	0.12266666666666666	0.142	0.11333333333333333	0.114	0.04666666666666667	0.03133333333333333	0.03133333333333333	0.028666666666666667	0.012666666666666666	0.010666666666666666	0.008666666666666666	0.009333333333333334	0.005333333333333333	0.0033333333333333335	0.0	0.0013333333333333333	0.002	0.0026666666666666666	0.0	0.0	0.0	0.0	0.0	0.0	0.0	0.0	0.0	0.0	0.0	0.0	0.0	0.0	0.0	0.0	0.0	0.0	0.0	0.0	0.0	0.0	0.0	0.0	0.0	0.0	0.0	0.0	0.0	0.0	0.0	0.0	0.0	0.0	0.0	0.0	0.0	0.0	0.0	0.0	
15.718	16.028666666666666	14.279333333333334	12.541333333333334	8.186666666666667	7.407333333333334	6.706	5.785333333333333	5.567333333333333	5.4	5.177333333333333	4.849333333333333	4.3406666666666665	3.751333333333333	3.6593333333333335	2.89	1.992	1.8966666666666667	1.7986666666666666	1.6093333333333333	1.5573333333333332	1.6393333333333333	1.576	1.1813333333333333	0.9246666666666666	0.9906666666666667	0.932	0.666	0.282	0.242	0.254	0.23733333333333334	0.214	0.21333333333333335	0.18533333333333332	0.22133333333333333	0.18933333333333333	0.17266666666666666	0.184	0.174	0.148	0.12933333333333333	0.13066666666666665	0.10866666666666666	0.11133333333333334	0.05733333333333333	0.028666666666666667	0.03266666666666666	0.017333333333333333	0.014666666666666666	0.008	0.006666666666666667	0.006666666666666667	0.008666666666666666	0.004666666666666667	0.0013333333333333333	0.0006666666666666666	0.0	0.0006666666666666666	0.0006666666666666666	0.0	0.0	0.0	0.0	0.0	0.0	0.0	0.0	0.0	0.0	0.0	0.0	0.0	0.0	0.0	0.0	0.0	0.0	0.0	0.0	0.0	0.0	0.0	0.0	0.0	0.0	0.0	0.0	0.0	0.0	0.0	0.0	0.0	0.0	0.0	0.0	0.0	0.0	0.0	
15.349333333333334	15.711333333333334	14.382	12.164	7.9046666666666665	7.25	6.626666666666667	5.728	5.584666666666666	5.295333333333334	5.086	4.848	4.327333333333334	3.756666666666667	3.6813333333333333	2.8033333333333332	1.896	1.8566666666666667	1.758	1.5946666666666667	1.6293333333333333	1.5826666666666667	1.526	1.12	0.9266666666666666	0.9233333333333333	0.8906666666666667	0.6693333333333333	0.2653333333333333	0.254	0.24866666666666667	0.24666666666666667	0.21533333333333332	0.208	0.206	0.194	0.17066666666666666	0.17666666666666667	0.166	0.14933333333333335	0.17066666666666666	0.134	0.12933333333333333	0.11733333333333333	0.114	0.054	0.03933333333333333	0.025333333333333333	0.028	0.014666666666666666	0.006666666666666667	0.008	0.007333333333333333	0.006	0.0026666666666666666	0.0	0.0026666666666666666	0.0013333333333333333	0.0013333333333333333	0.0	0.0	0.0	0.0	0.0	0.0	0.0	0.0	0.0	0.0	0.0	0.0	0.0	0.0	0.0	0.0	0.0	0.0	0.0	0.0	0.0	0.0	0.0	0.0	0.0	0.0	0.0	0.0	0.0	0.0	0.0	0.0	0.0	0.0	0.0	0.0	0.0	0.0	0.0	0.0	
15.238	15.477333333333334	13.953333333333333	11.916666666666666	7.7	7.191333333333334	6.5	5.6146666666666665	5.258666666666667	5.18	4.951333333333333	4.743333333333333	4.172666666666666	3.628	3.566666666666667	2.716666666666667	1.9466666666666668	1.866	1.764	1.5726666666666667	1.4826666666666666	1.5386666666666666	1.5073333333333334	1.1193333333333333	0.93	0.9393333333333334	0.9486666666666667	0.674	0.2826666666666667	0.2613333333333333	0.24	0.22866666666666666	0.208	0.21066666666666667	0.198	0.212	0.18466666666666667	0.16066666666666668	0.18	0.17533333333333334	0.162	0.112	0.10533333333333333	0.12	0.102	0.06466666666666666	0.024666666666666667	0.03266666666666666	0.020666666666666667	0.018	0.008666666666666666	0.009333333333333334	0.011333333333333334	0.006	0.0006666666666666666	0.0013333333333333333	0.002	0.002	0.0	0.0	0.0	0.0	0.0	0.0	0.0	0.0	0.0	0.0	0.0	0.0	0.0	0.0	0.0	0.0	0.0	0.0	0.0	0.0	0.0	0.0	0.0	0.0	0.0	0.0	0.0	0.0	0.0	0.0	0.0	0.0	0.0	0.0	0.0	0.0	0.0	0.0	0.0	0.0	0.0	
15.03	15.346	13.513333333333334	11.632666666666667	7.65	7.042	6.51	5.43	5.289333333333333	5.1113333333333335	4.874666666666666	4.552	4.274	3.5793333333333335	3.4466666666666668	2.656	1.9013333333333333	1.8493333333333333	1.8353333333333333	1.5586666666666666	1.4313333333333333	1.5406666666666666	1.4953333333333334	1.0666666666666667	0.8953333333333333	0.8586666666666667	0.908	0.638	0.24	0.25333333333333335	0.24933333333333332	0.23866666666666667	0.196	0.20733333333333334	0.19933333333333333	0.21733333333333332	0.164	0.14933333333333335	0.16133333333333333	0.18133333333333335	0.13733333333333334	0.11	0.12066666666666667	0.124	0.10666666666666667	0.064	0.021333333333333333	0.02266666666666667	0.02666666666666667	0.017333333333333333	0.009333333333333334	0.006	0.005333333333333333	0.006666666666666667	0.0006666666666666666	0.0	0.0013333333333333333	0.0	0.0	0.0	0.0	0.0	0.0	0.0	0.0	0.0	0.0	0.0	0.0	0.0	0.0	0.0	0.0	0.0	0.0	0.0	0.0	0.0	0.0	0.0	0.0	0.0	0.0	0.0	0.0	0.0	0.0	0.0	0.0	0.0	0.0	0.0	0.0	0.0	0.0	0.0	0.0	0.0	0.0	
14.730666666666666	15.160666666666666	13.534	11.651333333333334	7.475333333333333	6.772666666666667	6.302666666666667	5.379333333333333	5.263333333333334	5.054	4.796	4.687333333333333	4.027333333333333	3.554666666666667	3.364	2.5986666666666665	1.8026666666666666	1.7586666666666666	1.7026666666666668	1.5053333333333334	1.5286666666666666	1.5066666666666666	1.422	1.0593333333333332	0.814	0.8793333333333333	0.868	0.6086666666666667	0.276	0.22666666666666666	0.24666666666666667	0.232	0.19866666666666666	0.20466666666666666	0.21533333333333332	0.194	0.172	0.15133333333333332	0.17866666666666667	0.14466666666666667	0.15	0.12266666666666666	0.13	0.13066666666666665	0.13466666666666666	0.06133333333333333	0.029333333333333333	0.020666666666666667	0.024666666666666667	0.01	0.008666666666666666	0.005333333333333333	0.01	0.007333333333333333	0.002	0.0006666666666666666	0.0013333333333333333	0.0013333333333333333	0.002	0.0	0.0	0.0	0.0	0.0	0.0	0.0	0.0	0.0	0.0	0.0	0.0	0.0	0.0	0.0	0.0	0.0	0.0	0.0	0.0	0.0	0.0	0.0	0.0	0.0	0.0	0.0	0.0	0.0	0.0	0.0	0.0	0.0	0.0	0.0	0.0	0.0	0.0	0.0	0.0	
14.474666666666666	14.761333333333333	13.322	11.260666666666667	7.378666666666667	6.768	6.2	5.355333333333333	4.984	4.974	4.6786666666666665	4.602	3.888	3.4273333333333333	3.3413333333333335	2.6186666666666665	1.8046666666666666	1.7373333333333334	1.6593333333333333	1.4513333333333334	1.516	1.4946666666666666	1.4133333333333333	1.0693333333333332	0.8906666666666667	0.8926666666666667	0.8813333333333333	0.6266666666666667	0.26866666666666666	0.22733333333333333	0.23733333333333334	0.22266666666666668	0.218	0.19266666666666668	0.19333333333333333	0.196	0.192	0.156	0.14466666666666667	0.15666666666666668	0.16266666666666665	0.11133333333333334	0.10333333333333333	0.12533333333333332	0.122	0.06266666666666666	0.026	0.019333333333333334	0.016	0.011333333333333334	0.007333333333333333	0.004	0.007333333333333333	0.007333333333333333	0.0033333333333333335	0.0026666666666666666	0.0	0.0006666666666666666	0.0	0.0	0.0	0.0	0.0	0.0	0.0	0.0	0.0	0.0	0.0	0.0	0.0	0.0	0.0	0.0	0.0	0.0	0.0	0.0	0.0	0.0	0.0	0.0	0.0	0.0	0.0	0.0	0.0	0.0	0.0	0.0	0.0	0.0	0.0	0.0	0.0	0.0	0.0	0.0	0.0	
14.267333333333333	14.612666666666666	12.998	10.954666666666666	7.189333333333333	6.664666666666666	6.027333333333333	5.098	5.076666666666667	4.895333333333333	4.68	4.481333333333334	3.974666666666667	3.372	3.306	2.5046666666666666	1.7766666666666666	1.7493333333333334	1.67	1.388	1.4066666666666667	1.442	1.4246666666666667	1.01	0.8686666666666667	0.8273333333333334	0.8646666666666667	0.6166666666666667	0.24866666666666667	0.24666666666666667	0.23733333333333334	0.214	0.18266666666666667	0.184	0.178	0.19066666666666668	0.17266666666666666	0.16066666666666668	0.14933333333333335	0.13533333333333333	0.14133333333333334	0.11466666666666667	0.114	0.11066666666666666	0.11	0.051333333333333335	0.023333333333333334	0.02	0.027333333333333334	0.015333333333333332	0.006666666666666667	0.008	0.01	0.007333333333333333	0.005333333333333333	0.0033333333333333335	0.0006666666666666666	0.0013333333333333333	0.0	0.0	0.0	0.0	0.0	0.0	0.0	0.0	0.0	0.0	0.0	0.0	0.0	0.0	0.0	0.0	0.0	0.0	0.0	0.0	0.0	0.0	0.0	0.0	0.0	0.0	0.0	0.0	0.0	0.0	0.0	0.0	0.0	0.0	0.0	0.0	0.0	0.0	0.0	0.0	0.0	
14.127333333333333	14.35	12.964666666666666	10.874	7.202	6.558666666666666	5.824	5.165333333333334	4.956666666666667	4.733333333333333	4.442666666666667	4.3966666666666665	3.828	3.29	3.179333333333333	2.4833333333333334	1.7446666666666666	1.704	1.6693333333333333	1.4106666666666667	1.4213333333333333	1.392	1.3766666666666667	1.0213333333333334	0.824	0.8586666666666667	0.816	0.5866666666666667	0.25133333333333335	0.23866666666666667	0.23133333333333334	0.22266666666666668	0.19666666666666666	0.184	0.204	0.184	0.17933333333333334	0.144	0.17	0.144	0.13933333333333334	0.11533333333333333	0.108	0.10933333333333334	0.09733333333333333	0.05266666666666667	0.03133333333333333	0.03266666666666666	0.021333333333333333	0.016	0.004666666666666667	0.006	0.008666666666666666	0.004	0.0033333333333333335	0.0006666666666666666	0.0026666666666666666	0.002	0.0	0.0	0.0	0.0	0.0	0.0	0.0	0.0	0.0	0.0	0.0	0.0	0.0	0.0	0.0	0.0	0.0	0.0	0.0	0.0	0.0	0.0	0.0	0.0	0.0	0.0	0.0	0.0	0.0	0.0	0.0	0.0	0.0	0.0	0.0	0.0	0.0	0.0	0.0	0.0	0.0	
13.758	14.172	12.652	10.666	7.083333333333333	6.486	5.878666666666667	5.067333333333333	4.884666666666667	4.806666666666667	4.386	4.262666666666667	3.716666666666667	3.3813333333333335	3.176	2.469333333333333	1.7333333333333334	1.6606666666666667	1.5093333333333334	1.4306666666666668	1.4006666666666667	1.4013333333333333	1.3566666666666667	0.992	0.8146666666666667	0.8086666666666666	0.794	0.5853333333333334	0.24333333333333335	0.22066666666666668	0.232	0.20933333333333334	0.19333333333333333	0.19533333333333333	0.19466666666666665	0.176	0.176	0.13133333333333333	0.15866666666666668	0.15133333333333332	0.13266666666666665	0.13333333333333333	0.118	0.12733333333333333	0.08466666666666667	0.05	0.025333333333333333	0.02266666666666667	0.020666666666666667	0.021333333333333333	0.006666666666666667	0.008666666666666666	0.004	0.004	0.004666666666666667	0.0013333333333333333	0.0	0.004	0.0006666666666666666	0.0	0.0	0.0	0.0	0.0	0.0	0.0	0.0	0.0	0.0	0.0	0.0	0.0	0.0	0.0	0.0	0.0	0.0	0.0	0.0	0.0	0.0	0.0	0.0	0.0	0.0	0.0	0.0	0.0	0.0	0.0	0.0	0.0	0.0	0.0	0.0	0.0	0.0	0.0	0.0	
