0.01	0.5149494949494949	1.0198989898989899	1.5248484848484847	2.0297979797979795	2.5347474747474745	3.039696969696969	3.544646464646464	4.049595959595959	4.554545454545454	5.059494949494949	5.564444444444444	6.0693939393939385	6.574343434343434	7.0792929292929285	7.584242424242424	8.089191919191919	8.594141414141413	9.099090909090908	9.604040404040404	10.108989898989899	10.613939393939393	11.118888888888888	11.623838383838383	12.128787878787877	12.633737373737373	13.138686868686868	13.643636363636363	14.148585858585857	14.653535353535352	15.158484848484848	15.663434343434343	16.16838383838384	16.673333333333336	17.17828282828283	17.683232323232325	18.188181818181818	18.693131313131314	19.19808080808081	19.703030303030303	20.2079797979798	20.712929292929292	21.21787878787879	21.722828282828285	22.227777777777778	22.732727272727274	23.237676767676767	23.742626262626263	24.247575757575756	24.752525252525253	25.25747474747475	25.762424242424242	26.267373737373738	26.77232323232323	27.277272727272727	27.782222222222224	28.287171717171717	28.792121212121213	29.297070707070706	29.802020202020202	30.3069696969697	30.81191919191919	31.316868686868688	31.82181818181818	32.32676767676767	32.831717171717166	33.336666666666666	33.84161616161616	34.34656565656565	34.851515151515144	35.356464646464644	35.86141414141414	36.36636363636363	36.87131313131313	37.37626262626262	37.881212121212116	38.386161616161615	38.89111111111111	39.3960606060606	39.901010101010094	40.405959595959594	40.91090909090909	41.41585858585858	41.92080808080808	42.42575757575757	42.930707070707065	43.435656565656565	43.94060606060606	44.44555555555555	44.95050505050504	45.45545454545454	45.960404040404036	46.46535353535353	46.97030303030303	47.47525252525252	47.980202020202015	48.48515151515151	48.99010101010101	49.4950505050505	50.0	
24.506	18.086	14.912	15.592	24.288	24.134	22.81	22.84	22.162	21.704	21.728	19.988	19.142	13.56	12.158	14.204	15.988	15.908	15.944	14.816	14.314	14.916	14.962	13.714	13.016	13.068	13.05	13.436	13.79	13.7	13.552	12.884	10.552	9.774	9.622	9.748	8.796	8.016	7.584	7.746	7.65	7.248	7.038	7.056	7.004	7.062	6.856	6.78	6.824	6.724	6.444	6.154	6.414	6.126	5.638	5.142	5.218	5.07	5.032	5.098	4.936	5.096	4.418	3.606	3.558	3.512	3.43	2.726	2.182	2.098	2.146	2.326	2.11	2.174	2.14	1.872	2.052	1.986	2.08	2.046	1.956	1.926	1.908	1.828	1.828	1.66	1.72	1.784	1.654	1.578	1.478	1.706	1.618	1.628	1.554	1.55	1.546	1.498	1.402	
24.812	17.768	15.184	15.574	24.046	24.536	23.004	22.742	22.098	21.698	21.442	20.368	19.166	13.936	11.868	14.38	16.634	16.116	15.606	15.05	15.01	14.98	14.77	13.542	13.262	12.846	13.11	13.398	13.892	13.808	13.886	13.334	10.498	9.67	9.704	9.718	8.48	7.618	7.738	7.924	7.736	7.288	7.246	7.028	7.052	6.92	6.864	6.688	6.906	6.866	6.446	6.32	6.274	6.212	5.42	5.242	5.188	5.21	4.962	4.928	4.838	4.836	4.516	3.662	3.62	3.564	3.396	2.63	2.224	2.174	2.296	2.232	2.198	2.122	2.194	2.056	1.96	2.08	2.004	1.95	2.006	1.874	1.818	1.82	1.856	1.838	1.792	1.616	1.598	1.728	1.554	1.714	1.514	1.556	1.512	1.686	1.494	1.566	1.378	
24.862	17.926	15.298	15.598	24.326	24.27	23.118	22.826	21.954	22.2	21.928	20.496	19.476	13.922	12.118	14.254	16.302	16.29	16.08	14.914	14.89	14.936	14.448	13.552	13.08	12.892	13.172	13.492	13.904	14.132	14.124	13.296	10.606	9.864	9.982	9.678	8.878	7.85	7.892	8.002	7.674	7.306	7.24	7.162	7.112	6.808	6.94	6.744	6.884	6.67	6.544	6.326	6.454	6.142	5.594	5.258	5.24	5.248	4.926	4.88	4.926	5.018	4.488	3.758	3.672	3.514	3.244	2.516	2.23	2.236	2.236	2.398	2.098	2.168	2.072	2.052	1.982	2.038	2.036	1.978	1.848	1.898	1.86	1.806	1.822	1.674	1.652	1.68	1.646	1.596	1.592	1.682	1.652	1.55	1.616	1.512	1.54	1.46	1.318	
24.976	17.936	14.922	15.47	24.062	24.19	22.908	22.338	22.73	22.07	21.676	20.286	18.942	13.552	12.136	14.022	16.168	16.204	15.776	14.618	14.638	15.042	14.636	13.696	13.304	13.096	12.736	13.242	13.984	13.966	13.91	13.036	10.568	9.75	9.998	9.73	8.77	7.86	7.846	7.76	7.36	7.33	7.112	7.134	7.052	7.102	7.032	6.794	6.916	6.662	6.176	6.406	6.372	6.24	5.352	5.116	5.32	5.306	5.03	4.952	4.902	4.904	4.528	3.614	3.636	3.586	3.36	2.64	2.194	2.12	2.21	2.234	2.204	2.098	2.124	1.922	2.152	1.916	2.09	2.002	1.972	1.856	1.984	1.844	1.748	1.73	1.692	1.6	1.712	1.648	1.69	1.65	1.682	1.632	1.546	1.46	1.48	1.544	1.284	
24.848	18.026	15.192	15.79	24.252	24.218	22.948	22.312	21.952	22.156	21.564	20.598	19.232	13.73	12.184	14.238	16.244	15.972	15.858	14.984	15.178	15.3	14.854	13.858	13.066	13.008	13.092	13.336	14.124	14.03	13.738	13.226	10.624	9.874	9.786	9.894	8.81	7.914	7.89	7.672	7.584	7.262	7.364	7.158	7.092	6.848	7.028	6.972	6.572	6.694	6.372	6.352	6.386	5.962	5.464	5.234	5.36	5.098	5.12	4.906	5.012	4.786	4.544	3.74	3.712	3.538	3.308	2.734	2.264	2.126	2.176	2.146	2.054	2.034	2.038	2.018	2.048	1.996	2.108	2.006	1.912	1.962	1.924	1.924	1.71	1.7	1.662	1.76	1.74	1.628	1.618	1.648	1.57	1.63	1.542	1.552	1.634	1.454	1.248	
24.982	18.324	14.948	15.732	23.734	24.596	23.106	22.924	22.33	22.088	21.568	20.448	19.188	13.852	12.172	14.392	16.206	16.312	15.558	14.776	14.764	14.924	15.012	13.936	13.154	13.374	13.272	13.522	13.988	13.764	13.81	13.284	10.524	10.152	9.858	9.788	8.596	7.958	7.934	7.648	7.686	7.326	7.244	7.016	7.092	6.748	6.836	6.934	6.924	6.784	6.32	6.294	6.232	6.118	5.422	5.29	5.2	5.284	5.154	4.84	4.892	4.808	4.528	3.814	3.662	3.53	3.484	2.622	2.24	2.224	2.244	2.096	2.172	2.088	2.114	2.074	2.074	2.042	1.942	2.038	1.872	2.0	1.986	1.854	1.864	1.674	1.666	1.732	1.646	1.704	1.596	1.72	1.704	1.658	1.5	1.656	1.498	1.494	1.362	
24.866	18.054	15.052	15.742	24.052	24.36	22.976	22.626	22.264	22.354	21.848	20.626	19.132	13.788	12.336	14.316	16.67	16.154	15.65	15.182	14.966	14.892	15.132	13.62	13.362	13.318	13.188	13.24	14.274	13.89	13.564	13.168	10.498	9.88	9.87	9.9	8.532	7.9	7.804	7.904	7.508	7.262	7.07	7.134	7.17	7.08	6.966	6.728	6.808	6.524	6.278	6.404	6.478	6.146	5.762	5.064	5.294	5.24	4.992	5.054	4.902	4.918	4.136	3.676	3.714	3.538	3.384	2.584	2.282	2.254	2.152	2.166	2.208	2.116	2.016	2.128	2.004	2.056	2.016	2.036	1.932	1.956	1.868	1.902	1.876	1.758	1.718	1.682	1.714	1.654	1.738	1.666	1.634	1.598	1.562	1.504	1.512	1.538	1.352	
25.162	18.182	15.1	15.7	24.338	24.82	23.414	22.756	22.518	21.97	21.73	20.39	19.158	14.096	12.276	14.452	16.4	16.288	15.692	14.922	15.414	15.29	15.224	13.808	13.468	12.938	13.094	13.578	13.96	13.896	14.112	13.342	10.39	9.896	9.768	9.842	8.848	7.784	7.782	7.724	7.876	7.214	7.118	7.01	6.868	7.06	6.836	6.776	6.846	6.868	6.378	6.372	6.658	6.072	5.608	5.28	5.47	5.172	5.098	4.926	5.182	5.024	4.548	3.852	3.6	3.608	3.352	2.646	2.212	2.27	2.286	2.164	2.122	2.118	2.274	2.014	2.018	2.12	1.968	1.97	1.918	1.964	1.986	1.976	1.732	1.86	1.65	1.66	1.652	1.522	1.602	1.626	1.674	1.662	1.574	1.568	1.568	1.574	1.28	
25.06	18.326	15.072	15.698	24.246	24.924	23.296	22.91	22.29	21.838	22.016	20.844	19.534	13.788	12.426	14.258	16.344	16.364	15.958	15.226	15.01	15.134	14.958	13.784	13.41	13.228	13.068	13.64	14.058	14.116	14.33	13.436	10.71	9.952	9.844	9.984	8.746	7.97	7.728	7.902	7.702	7.104	7.102	7.274	7.064	7.118	6.988	7.042	6.948	6.74	6.7	6.47	6.462	6.274	5.768	5.294	5.234	5.198	5.036	4.946	5.006	4.726	4.452	3.668	3.67	3.624	3.276	2.6	2.272	2.158	2.15	2.218	2.184	2.202	2.062	2.08	1.998	2.054	1.972	2.002	1.89	1.864	1.89	1.894	1.702	1.668	1.628	1.598	1.664	1.68	1.58	1.658	1.574	1.644	1.63	1.568	1.626	1.572	1.262	
24.994	17.88	14.912	15.996	24.354	25.088	23.29	22.6	22.418	22.066	21.834	20.704	19.65	13.772	12.388	14.084	16.32	16.39	15.926	14.86	15.098	15.15	15.418	13.93	13.362	13.146	13.364	13.632	13.856	13.874	13.962	13.722	10.708	9.924	9.88	10.02	8.83	7.944	7.854	8.006	7.728	7.378	7.32	7.416	7.15	6.856	6.782	6.914	7.004	6.798	6.472	6.474	6.614	6.162	5.526	5.328	5.278	5.082	5.13	4.992	5.044	4.992	4.6	3.906	3.706	3.69	3.446	2.764	2.302	2.124	2.242	2.076	2.32	2.07	2.114	2.132	1.86	2.06	1.972	2.022	1.914	1.858	1.9	1.802	1.792	1.56	1.638	1.68	1.724	1.618	1.698	1.64	1.71	1.676	1.722	1.59	1.584	1.58	1.354	
25.332	17.98	15.356	15.776	24.464	24.866	23.31	23.342	22.328	22.564	21.958	20.606	19.946	13.708	12.546	14.518	16.408	16.474	15.916	15.07	15.326	15.112	15.012	13.922	13.45	13.354	13.364	13.588	13.956	13.998	13.912	13.404	10.71	10.176	9.98	10.032	8.898	7.978	7.92	7.996	7.554	7.41	7.094	7.37	7.314	6.934	7.046	6.878	7.084	6.834	6.444	6.264	6.388	6.292	5.668	5.32	5.47	5.142	5.206	5.176	4.92	5.222	4.548	3.872	3.596	3.722	3.294	2.67	2.21	2.178	2.288	2.128	2.056	2.082	2.148	2.094	2.116	2.034	1.99	2.018	1.96	1.89	2.032	1.888	1.828	1.65	1.696	1.714	1.686	1.78	1.602	1.7	1.658	1.532	1.544	1.57	1.58	1.528	1.44	
25.58	18.182	15.516	15.58	24.374	25.028	23.55	23.366	22.544	22.814	21.93	20.848	19.832	13.92	12.142	14.474	16.886	16.196	16.092	15.33	15.2	15.09	15.066	13.902	13.13	13.324	13.322	13.94	13.842	14.164	13.966	13.412	10.96	10.14	10.008	9.8	8.808	7.834	7.904	7.966	7.808	7.016	7.166	7.432	7.242	6.944	6.866	6.608	7.002	6.624	6.348	6.368	6.446	6.292	5.67	5.448	5.408	5.312	5.316	4.972	4.866	5.028	4.39	3.738	3.646	3.644	3.388	2.66	2.334	2.184	2.234	2.164	2.192	2.184	2.168	2.134	2.09	1.992	2.026	1.9	1.97	1.93	1.798	1.854	1.72	1.664	1.684	1.694	1.664	1.638	1.65	1.696	1.666	1.65	1.604	1.558	1.65	1.482	1.356	
25.286	18.468	15.204	15.352	24.486	24.546	23.554	22.992	23.088	22.65	22.244	21.056	19.818	14.154	12.232	14.52	16.452	16.378	16.042	15.15	15.28	14.858	15.318	13.974	13.452	13.402	13.554	13.846	14.182	14.376	13.992	13.536	10.886	10.05	10.076	9.918	8.938	7.818	7.864	7.912	7.732	7.112	7.526	7.406	7.302	6.86	7.054	6.836	6.76	6.722	6.544	6.662	6.674	6.214	5.568	5.322	5.268	5.286	5.202	4.902	5.032	4.906	4.484	3.672	3.572	3.432	3.474	2.68	2.174	2.256	2.13	2.176	2.07	2.202	2.01	2.024	2.07	2.038	1.982	1.918	1.94	1.97	1.788	1.88	1.908	1.618	1.692	1.694	1.778	1.74	1.632	1.634	1.666	1.534	1.612	1.456	1.554	1.504	1.354	
25.126	18.444	15.15	15.618	24.35	24.928	23.586	23.404	22.596	22.57	22.316	20.776	19.608	14.454	12.474	14.414	16.304	16.58	16.146	15.336	15.352	15.33	15.228	14.052	13.048	13.092	13.522	13.524	14.138	14.28	14.176	13.332	10.928	10.248	10.15	9.958	9.032	7.984	7.832	7.904	7.782	7.522	7.168	7.262	7.004	7.17	6.742	6.858	6.852	6.684	6.608	6.45	6.376	6.248	5.542	5.23	5.288	5.444	5.124	5.038	5.172	5.076	4.41	3.782	3.75	3.696	3.308	2.764	2.202	2.274	2.176	2.282	2.236	2.148	2.154	2.278	1.974	1.992	1.916	2.008	1.958	1.944	1.818	1.896	1.85	1.654	1.744	1.69	1.6	1.656	1.662	1.618	1.68	1.564	1.586	1.528	1.586	1.51	1.34	
25.47	18.438	15.122	15.964	24.868	25.114	23.658	23.4	23.006	22.67	22.08	20.796	19.806	14.02	12.522	15.146	16.952	16.616	16.04	15.296	15.63	15.42	14.988	13.926	13.354	13.466	13.452	13.674	14.72	14.352	14.094	13.612	11.26	9.938	10.096	9.972	8.99	7.95	7.998	8.032	7.792	7.406	7.46	7.14	7.608	6.982	7.0	7.234	7.018	6.848	6.62	6.384	6.606	6.242	5.646	5.498	5.456	5.53	5.076	5.002	5.098	4.968	4.6	3.844	3.5	3.548	3.45	2.67	2.284	2.188	2.176	2.3	2.15	2.276	2.102	2.202	1.986	2.074	1.952	2.104	2.04	1.996	1.904	1.994	1.828	1.66	1.64	1.66	1.786	1.648	1.698	1.668	1.654	1.594	1.558	1.544	1.59	1.522	1.416	
25.91	18.392	15.528	16.078	25.102	25.058	23.93	23.24	23.116	22.972	22.406	21.46	20.356	14.292	12.672	14.638	16.91	16.542	16.194	15.204	15.462	15.186	15.052	13.946	13.382	13.564	13.732	13.846	14.36	14.532	14.39	13.618	10.95	10.162	10.138	9.972	9.146	8.156	8.076	8.458	7.79	7.374	7.394	7.304	7.448	7.106	7.016	7.016	7.07	6.718	6.438	6.412	6.614	6.176	5.414	5.216	5.31	5.402	5.066	5.156	4.95	5.216	4.67	3.858	3.55	3.582	3.494	2.668	2.298	2.264	2.31	2.194	2.178	2.136	2.102	2.088	2.002	2.04	2.192	1.958	1.89	1.866	1.992	1.946	1.828	1.714	1.7	1.64	1.658	1.758	1.54	1.628	1.594	1.516	1.678	1.614	1.602	1.506	1.37	
26.02	18.574	15.53	15.776	24.898	25.038	23.706	23.036	23.002	22.724	22.152	21.102	19.496	14.1	12.52	14.38	16.55	16.444	16.354	15.48	15.25	15.078	15.21	13.792	13.55	13.43	13.642	13.908	14.012	14.352	14.188	13.29	11.128	10.02	10.222	10.218	9.166	8.216	7.9	7.946	7.578	7.192	7.342	7.624	7.216	6.898	7.134	7.132	6.848	6.808	6.466	6.566	6.508	6.422	5.516	5.406	5.202	5.126	5.372	4.886	4.972	5.068	4.562	3.9	3.622	3.686	3.264	2.568	2.236	2.374	2.21	2.192	2.13	2.062	2.18	2.24	2.048	2.028	2.11	2.022	1.996	1.982	1.888	1.868	1.948	1.794	1.77	1.774	1.654	1.612	1.656	1.64	1.718	1.538	1.612	1.658	1.634	1.446	1.374	
25.534	18.24	15.506	15.902	24.48	24.926	23.758	23.292	23.06	22.62	22.208	21.392	19.826	14.018	12.616	14.808	16.742	16.892	16.326	15.264	15.456	15.352	15.23	14.318	13.324	13.806	13.404	13.66	14.636	14.532	14.296	13.684	10.92	10.096	10.276	10.03	8.962	7.998	8.162	7.942	7.69	7.392	7.484	7.324	7.066	6.98	6.98	6.97	6.706	6.854	6.606	6.4	6.626	6.364	5.776	5.346	5.238	5.476	5.192	5.198	4.994	5.028	4.728	3.634	3.642	3.728	3.458	2.722	2.278	2.218	2.252	2.2	2.268	2.222	2.248	2.064	2.034	2.076	2.128	2.044	1.834	1.934	1.926	1.844	1.836	1.7	1.762	1.772	1.634	1.534	1.616	1.622	1.594	1.684	1.596	1.618	1.67	1.53	1.356	
25.26	18.518	15.372	16.014	24.458	24.814	23.73	23.084	22.808	22.2	21.842	20.734	19.706	14.214	12.37	14.518	16.458	16.396	16.35	15.174	15.068	15.254	15.316	14.33	13.354	13.486	13.5	13.612	14.244	14.258	13.976	13.49	10.554	9.938	10.1	9.954	8.942	8.034	7.986	7.794	7.75	7.302	7.046	7.202	7.192	7.182	6.976	6.922	6.952	6.512	6.544	6.192	6.46	6.282	5.468	5.374	5.336	5.496	5.32	5.072	5.02	5.23	4.586	3.676	3.724	3.56	3.5	2.614	2.246	2.306	2.134	2.11	2.17	2.036	2.146	2.23	1.978	1.99	2.132	2.014	2.018	1.872	1.82	1.94	1.878	1.692	1.722	1.778	1.778	1.62	1.742	1.726	1.602	1.648	1.602	1.492	1.632	1.55	1.338	
23.944	17.012	14.176	14.764	23.25	23.162	21.68	21.148	21.412	21.298	20.86	19.264	18.738	13.092	11.826	13.456	15.554	15.318	15.076	14.116	14.616	14.206	14.514	13.192	12.868	12.254	12.348	12.598	13.196	13.258	13.162	12.46	9.928	9.344	9.556	9.042	8.166	7.486	7.408	7.236	7.128	6.878	6.782	6.638	6.804	6.548	6.608	6.45	6.472	6.216	5.97	5.802	5.884	5.474	5.188	5.01	4.948	5.0	4.686	4.684	4.714	4.654	4.042	3.554	3.506	3.208	3.128	2.41	2.198	2.098	1.992	2.096	1.942	1.978	1.982	2.024	1.99	1.882	1.836	1.792	1.806	1.69	1.69	1.804	1.68	1.558	1.506	1.58	1.518	1.5	1.504	1.528	1.458	1.562	1.426	1.446	1.47	1.372	1.212	
22.218	16.506	13.156	13.858	21.438	21.778	20.66	20.568	20.374	19.76	19.52	18.434	17.276	12.1	10.67	12.648	14.838	14.524	14.012	13.64	13.246	13.182	13.328	12.234	11.418	11.392	11.688	11.848	12.56	12.398	12.404	11.656	9.628	8.958	8.596	8.82	7.93	6.976	6.648	6.958	6.806	6.35	6.152	6.132	6.176	5.962	6.208	5.948	6.006	5.934	5.5	5.448	5.384	5.488	4.942	4.568	4.738	4.658	4.444	4.426	4.332	4.442	3.848	3.22	3.11	3.148	2.798	2.178	1.95	1.954	1.886	1.94	1.896	1.682	1.852	1.768	1.842	1.712	1.78	1.696	1.694	1.636	1.622	1.678	1.578	1.432	1.45	1.42	1.386	1.392	1.446	1.346	1.426	1.32	1.494	1.346	1.326	1.286	1.18	
21.038	14.926	12.182	13.006	20.018	20.482	18.916	19.682	18.914	18.988	18.624	17.592	16.352	11.53	10.056	12.056	13.924	13.598	13.464	12.562	12.604	12.394	12.336	11.302	10.894	11.022	11.09	11.184	11.566	11.706	11.752	11.384	8.904	8.388	8.362	8.264	7.206	6.572	6.56	6.418	6.288	5.862	5.842	5.826	5.938	5.75	5.524	5.704	5.7	5.544	5.222	5.142	5.148	4.876	4.494	4.22	4.436	4.558	4.268	3.974	4.078	4.082	3.714	2.922	2.986	2.846	2.734	2.136	1.872	1.808	1.816	1.798	1.75	1.784	1.742	1.644	1.696	1.664	1.596	1.582	1.582	1.532	1.578	1.574	1.344	1.386	1.262	1.382	1.3	1.318	1.3	1.224	1.236	1.284	1.268	1.258	1.314	1.14	1.008	
20.25	13.92	11.512	12.328	19.124	19.128	18.364	18.114	18.428	17.532	17.48	16.552	15.642	10.834	9.516	11.354	13.038	13.022	12.548	12.078	11.676	11.95	11.964	10.98	10.212	10.386	10.23	10.478	10.754	11.216	10.62	10.414	8.382	7.864	7.962	7.788	6.86	6.166	5.932	6.256	6.16	5.568	5.522	5.478	5.482	5.374	5.284	5.538	5.1	4.92	4.886	5.016	4.798	4.87	4.184	3.944	3.99	4.18	3.954	3.842	3.77	3.864	3.398	2.652	2.702	2.638	2.426	2.004	1.712	1.664	1.694	1.678	1.716	1.564	1.63	1.62	1.444	1.466	1.404	1.442	1.482	1.394	1.432	1.458	1.362	1.282	1.232	1.16	1.252	1.264	1.194	1.204	1.226	1.254	1.236	1.184	1.264	1.168	1.032	
19.466	13.106	11.048	11.342	17.882	18.402	17.224	17.218	17.064	16.61	16.534	16.17	14.862	10.566	9.094	10.936	12.308	12.256	12.128	11.318	10.996	11.09	11.234	10.47	9.736	9.878	9.712	10.014	10.248	10.354	10.508	9.78	8.032	7.482	7.376	7.562	6.642	6.006	5.886	5.656	5.62	5.256	5.286	5.3	5.332	4.946	5.012	5.11	5.034	4.706	4.808	4.62	4.642	4.32	3.958	3.95	3.88	3.782	3.714	3.47	3.548	3.704	3.12	2.71	2.51	2.508	2.384	1.834	1.502	1.52	1.522	1.53	1.558	1.522	1.504	1.558	1.438	1.448	1.338	1.382	1.418	1.342	1.3	1.326	1.306	1.202	1.092	1.124	1.164	1.142	1.224	1.18	1.106	1.184	1.01	1.11	1.048	0.984	0.878	
18.286	12.446	10.134	10.794	17.5	17.494	16.522	16.086	16.124	16.018	15.878	14.954	14.19	9.816	8.692	10.25	11.832	11.686	11.414	10.612	10.6	10.762	10.586	9.554	8.978	9.392	9.168	9.63	9.96	9.96	9.564	9.326	7.696	7.036	6.946	6.856	6.368	5.74	5.332	5.442	5.36	4.984	5.066	4.92	5.006	4.782	4.844	4.784	4.666	4.668	4.55	4.336	4.274	4.21	3.666	3.648	3.758	3.574	3.554	3.488	3.404	3.56	3.184	2.394	2.282	2.462	2.214	1.794	1.548	1.57	1.518	1.448	1.476	1.39	1.424	1.444	1.33	1.336	1.274	1.32	1.31	1.204	1.3	1.216	1.176	1.042	1.13	1.064	1.11	1.124	1.09	1.108	1.032	1.08	1.044	1.026	1.004	0.932	0.926	
17.476	12.13	9.715333333333334	9.999333333333333	16.472	16.425333333333334	15.839333333333334	15.696666666666667	15.546	15.417333333333334	15.132	14.404666666666667	13.629333333333333	9.383333333333333	8.208666666666666	9.465333333333334	11.104	11.027333333333333	10.887333333333334	10.073333333333334	10.066666666666666	10.142666666666667	10.227333333333334	9.222666666666667	8.836	8.744	8.800666666666666	9.088666666666667	9.418	9.34	9.321333333333333	9.033333333333333	7.043333333333333	6.72	6.566	6.564	5.933333333333334	5.331333333333333	5.136	5.231333333333334	5.036666666666667	4.836666666666667	4.706666666666667	4.767333333333333	4.728666666666666	4.6546666666666665	4.484666666666667	4.47	4.476	4.443333333333333	4.180666666666666	4.158666666666667	4.1466666666666665	4.013333333333334	3.505333333333333	3.5113333333333334	3.458	3.3966666666666665	3.292	3.308666666666667	3.224666666666667	3.280666666666667	2.956	2.4073333333333333	2.271333333333333	2.2733333333333334	2.0846666666666667	1.6433333333333333	1.3686666666666667	1.3513333333333333	1.4386666666666668	1.372	1.3393333333333333	1.3533333333333333	1.3533333333333333	1.3566666666666667	1.2513333333333334	1.282	1.2353333333333334	1.3073333333333332	1.2166666666666666	1.172	1.206	1.1573333333333333	1.116	1.1073333333333333	1.036	1.0006666666666666	1.0113333333333334	1.0513333333333332	1.002	1.0153333333333334	1.0093333333333334	0.9846666666666667	0.9833333333333333	0.958	1.0	0.9253333333333333	0.8586666666666667	
16.724	11.445333333333334	9.15	9.673333333333334	15.576	15.914	14.874666666666666	15.165333333333333	14.997333333333334	14.679333333333334	14.457333333333333	13.863333333333333	12.75	9.058	7.822	9.204666666666666	10.762666666666666	10.545333333333334	10.244	9.813333333333333	9.672	9.728666666666667	9.651333333333334	8.799333333333333	8.316666666666666	8.379333333333333	8.439333333333334	8.667333333333334	8.943333333333333	8.976666666666667	9.002666666666666	8.488	6.775333333333333	6.446	6.351333333333334	6.386	5.652666666666667	5.013333333333334	4.915333333333334	5.0	4.967333333333333	4.559333333333333	4.496666666666667	4.450666666666667	4.447333333333333	4.414666666666666	4.258666666666667	4.4	4.302666666666667	4.092666666666666	4.0	3.981333333333333	4.059333333333333	3.8473333333333333	3.494	3.3	3.3113333333333332	3.306	3.2466666666666666	3.1473333333333335	3.056	3.066	2.804	2.2746666666666666	2.1393333333333335	2.1766666666666667	2.054	1.592	1.3133333333333332	1.324	1.3626666666666667	1.3153333333333332	1.3093333333333332	1.2406666666666666	1.2453333333333334	1.2693333333333334	1.252	1.198	1.2473333333333334	1.2046666666666668	1.1973333333333334	1.1366666666666667	1.1113333333333333	1.1133333333333333	1.076	1.0506666666666666	0.9833333333333333	0.95	0.9886666666666667	0.9726666666666667	0.952	0.964	0.9946666666666667	0.9893333333333333	0.8926666666666667	0.9446666666666667	0.8913333333333333	0.8553333333333333	0.826	
15.837333333333333	10.805333333333333	8.888666666666667	9.240666666666666	14.999333333333333	15.095333333333333	14.474	14.730666666666666	14.298	13.946	13.812	13.117333333333333	12.466	8.487333333333334	7.48	8.802666666666667	10.248	10.038666666666666	9.832666666666666	9.394666666666666	9.336666666666666	9.282666666666668	9.266666666666667	8.325333333333333	8.056666666666667	8.022666666666666	7.982666666666667	8.046	8.336	8.532	8.586666666666666	8.145333333333333	6.778	6.116666666666666	6.1466666666666665	6.1066666666666665	5.405333333333333	4.8133333333333335	4.708	4.756	4.664	4.381333333333333	4.32	4.294	4.198	4.14	4.099333333333333	4.0906666666666665	4.088	3.974	3.794	3.742	3.7026666666666666	3.703333333333333	3.259333333333333	3.167333333333333	3.0933333333333333	3.0953333333333335	3.034	2.998	2.936	2.958666666666667	2.6693333333333333	2.1093333333333333	2.033333333333333	2.066666666666667	1.938	1.5646666666666667	1.268	1.2446666666666666	1.272	1.2846666666666666	1.306	1.25	1.2553333333333334	1.1633333333333333	1.1466666666666667	1.1653333333333333	1.1293333333333333	1.106	1.1726666666666667	1.1133333333333333	1.0966666666666667	1.07	1.0506666666666666	0.9693333333333334	0.9726666666666667	0.8993333333333333	0.9166666666666666	0.9	0.8793333333333333	0.8966666666666666	0.954	0.8986666666666666	0.8806666666666667	0.8793333333333333	0.906	0.8046666666666666	0.738	
15.228666666666667	10.360666666666667	8.554	8.543333333333333	14.151333333333334	14.354666666666667	13.802	13.858	13.782666666666668	13.540666666666667	13.430666666666667	12.574	11.953333333333333	8.090666666666667	7.108	8.394	9.77	9.645333333333333	9.450666666666667	8.778	8.844666666666667	8.861333333333333	8.756	8.024	7.573333333333333	7.558	7.744	7.863333333333333	8.07	8.052	8.156	7.654	6.247333333333334	5.839333333333333	5.811333333333334	5.698	5.144	4.519333333333333	4.532666666666667	4.531333333333333	4.494	4.215333333333334	4.054	4.17	4.054666666666667	3.994666666666667	4.016666666666667	3.962	3.974666666666667	3.7006666666666668	3.586	3.6726666666666667	3.562666666666667	3.4206666666666665	3.05	3.02	2.9846666666666666	2.937333333333333	2.8686666666666665	2.9086666666666665	2.7653333333333334	2.8233333333333333	2.514666666666667	2.0933333333333333	1.9706666666666666	1.9506666666666668	1.8093333333333332	1.4446666666666668	1.236	1.2226666666666666	1.2013333333333334	1.1533333333333333	1.1713333333333333	1.1546666666666667	1.2153333333333334	1.1313333333333333	1.112	1.1466666666666667	1.0833333333333333	1.0766666666666667	1.0693333333333332	1.0566666666666666	1.0853333333333333	1.0113333333333334	0.9593333333333334	0.8933333333333333	0.8473333333333334	0.86	0.8906666666666667	0.8493333333333334	0.882	0.8646666666666667	0.8473333333333334	0.844	0.868	0.8213333333333334	0.8646666666666667	0.8006666666666666	0.738	
14.514666666666667	9.976666666666667	8.088	8.274	13.548666666666668	13.693333333333333	13.169333333333332	13.365333333333334	13.1	12.888	12.712	12.054	11.339333333333334	7.867333333333334	6.748	8.047333333333333	9.293333333333333	9.288666666666666	8.968	8.396	8.49	8.494	8.434	7.647333333333333	7.444	7.289333333333333	7.268666666666666	7.3726666666666665	7.783333333333333	7.706666666666667	7.780666666666667	7.422666666666666	5.977333333333333	5.5873333333333335	5.522	5.511333333333333	4.972	4.398666666666666	4.314	4.294666666666667	4.234	3.9053333333333335	3.9086666666666665	3.954	3.902	3.832666666666667	3.7706666666666666	3.7333333333333334	3.784666666666667	3.5906666666666665	3.3713333333333333	3.4506666666666668	3.416	3.2306666666666666	2.86	2.756666666666667	2.802	2.784666666666667	2.7666666666666666	2.7426666666666666	2.678	2.695333333333333	2.362	2.001333333333333	1.834	1.8133333333333332	1.688	1.3613333333333333	1.1973333333333334	1.1886666666666668	1.1446666666666667	1.1633333333333333	1.0513333333333332	1.1453333333333333	1.0846666666666667	1.138	1.0153333333333334	1.0653333333333332	1.0173333333333334	1.01	0.9833333333333333	1.022	0.9886666666666667	0.986	0.9266666666666666	0.88	0.824	0.8213333333333334	0.8626666666666667	0.8426666666666667	0.844	0.784	0.824	0.822	0.8306666666666667	0.8126666666666666	0.792	0.7686666666666667	0.684	
13.694666666666667	9.47	7.649333333333334	7.876	12.900666666666666	13.236	12.498	12.719333333333333	12.45	12.276	12.039333333333333	11.692	10.818	7.478666666666666	6.363333333333333	7.6	8.765333333333333	8.678666666666667	8.556	8.122	8.019333333333334	8.012666666666666	8.032	7.202	6.941333333333334	6.989333333333334	6.976	7.105333333333333	7.360666666666667	7.524666666666667	7.417333333333334	6.892	5.710666666666667	5.242	5.308	5.36	4.617333333333334	4.17	4.129333333333333	4.086666666666667	4.027333333333333	3.6946666666666665	3.722	3.7533333333333334	3.686	3.6473333333333335	3.524	3.668	3.6286666666666667	3.416	3.275333333333333	3.244	3.2053333333333334	3.13	2.788666666666667	2.7666666666666666	2.735333333333333	2.7826666666666666	2.6406666666666667	2.566666666666667	2.5533333333333332	2.4846666666666666	2.26	1.904	1.776	1.7813333333333334	1.6493333333333333	1.2926666666666666	1.116	1.064	1.0793333333333333	1.118	1.0773333333333333	1.0613333333333332	1.0093333333333334	1.05	1.0106666666666666	0.992	0.9766666666666667	0.9853333333333333	0.9433333333333334	0.9586666666666667	0.9193333333333333	0.9826666666666667	0.8633333333333333	0.8366666666666667	0.8026666666666666	0.83	0.8086666666666666	0.794	0.7906666666666666	0.788	0.764	0.7753333333333333	0.78	0.792	0.73	0.72	0.6506666666666666	
13.268	8.955333333333334	7.294	7.631333333333333	12.496666666666666	12.575333333333333	12.071333333333333	12.038	11.918666666666667	11.746	11.343333333333334	11.066666666666666	10.283333333333333	7.14	6.281333333333333	7.282666666666667	8.488666666666667	8.444666666666667	8.156666666666666	7.706666666666667	7.756666666666667	7.649333333333334	7.572666666666667	6.967333333333333	6.726666666666667	6.660666666666667	6.633333333333334	6.782666666666667	7.096	7.109333333333334	7.206666666666667	6.746	5.541333333333333	5.070666666666667	5.038	4.982	4.4	3.937333333333333	3.9566666666666666	3.98	3.8546666666666667	3.6026666666666665	3.530666666666667	3.56	3.578666666666667	3.4726666666666666	3.414	3.4146666666666667	3.3413333333333335	3.279333333333333	3.182	3.188	3.194	3.0566666666666666	2.7173333333333334	2.5193333333333334	2.699333333333333	2.6126666666666667	2.4873333333333334	2.493333333333333	2.522	2.4313333333333333	2.178	1.7533333333333334	1.6753333333333333	1.7293333333333334	1.606	1.22	1.0513333333333332	1.0773333333333333	1.018	1.0213333333333334	1.0146666666666666	1.0566666666666666	1.0333333333333334	0.9993333333333333	0.9966666666666667	0.9393333333333334	0.97	0.928	0.9093333333333333	0.8626666666666667	0.8746666666666667	0.908	0.8366666666666667	0.796	0.788	0.746	0.7786666666666666	0.7073333333333334	0.74	0.74	0.7426666666666667	0.7553333333333333	0.7166666666666667	0.7506666666666667	0.7113333333333334	0.682	0.63	
12.774666666666667	8.750666666666667	7.074666666666666	7.33	11.797333333333333	12.12	11.760666666666667	11.538	11.451333333333332	11.221333333333334	11.1	10.616666666666667	9.889333333333333	6.7026666666666666	5.816666666666666	6.984	8.12	8.023333333333333	7.824666666666666	7.419333333333333	7.344666666666667	7.3486666666666665	7.246	6.609333333333334	6.391333333333334	6.488666666666667	6.341333333333333	6.615333333333333	6.750666666666667	6.786	6.834666666666666	6.366666666666666	5.239333333333334	4.9206666666666665	4.963333333333333	4.800666666666666	4.166	3.716666666666667	3.752666666666667	3.748666666666667	3.5913333333333335	3.438	3.4446666666666665	3.466666666666667	3.322	3.275333333333333	3.267333333333333	3.2093333333333334	3.267333333333333	3.148	3.072	3.008	2.9766666666666666	2.8273333333333333	2.48	2.474666666666667	2.5	2.4593333333333334	2.3706666666666667	2.3226666666666667	2.29	2.31	2.1133333333333333	1.7546666666666666	1.61	1.63	1.5333333333333334	1.2153333333333334	0.9946666666666667	1.0166666666666666	1.03	0.9786666666666667	0.9266666666666666	1.022	0.9626666666666667	0.96	0.9406666666666667	0.9346666666666666	0.9153333333333333	0.9413333333333334	0.8766666666666667	0.8773333333333333	0.8773333333333333	0.8806666666666667	0.8166666666666667	0.7506666666666667	0.7653333333333333	0.7053333333333334	0.7386666666666667	0.7586666666666667	0.704	0.7033333333333334	0.718	0.72	0.6946666666666667	0.6926666666666667	0.6953333333333334	0.6913333333333334	0.562	
12.325333333333333	8.298	6.720666666666666	6.970666666666666	11.387333333333334	11.533333333333333	11.067333333333334	11.229333333333333	10.96	10.877333333333333	10.67	10.084666666666667	9.525333333333334	6.528	5.724	6.5713333333333335	7.858	7.770666666666667	7.479333333333333	7.108	7.134	7.066666666666666	6.898	6.415333333333334	6.106	6.030666666666667	6.078	6.198	6.480666666666667	6.584	6.484666666666667	6.254666666666667	4.921333333333333	4.6513333333333335	4.771333333333334	4.641333333333334	4.097333333333333	3.6706666666666665	3.6093333333333333	3.6333333333333333	3.562666666666667	3.37	3.278	3.4233333333333333	3.3313333333333333	3.259333333333333	3.1846666666666668	3.1466666666666665	3.122	3.0313333333333334	2.8766666666666665	2.836	2.8306666666666667	2.7046666666666668	2.516	2.4053333333333335	2.4046666666666665	2.37	2.3306666666666667	2.32	2.2346666666666666	2.212666666666667	2.024	1.6413333333333333	1.558	1.5286666666666666	1.4673333333333334	1.13	0.944	0.9473333333333334	0.962	0.988	0.9086666666666666	0.9413333333333334	0.9533333333333334	0.9073333333333333	0.894	0.8513333333333334	0.8473333333333334	0.904	0.8346666666666667	0.778	0.7826666666666666	0.792	0.7593333333333333	0.702	0.7306666666666667	0.7073333333333334	0.7013333333333334	0.718	0.6886666666666666	0.6726666666666666	0.6686666666666666	0.6593333333333333	0.6746666666666666	0.6546666666666666	0.634	0.6046666666666667	0.6013333333333334	
11.781333333333333	8.010666666666667	6.494	6.754	11.094666666666667	11.023333333333333	10.548	10.758666666666667	10.702	10.482666666666667	10.306	9.646666666666667	9.128	6.2026666666666666	5.4046666666666665	6.389333333333333	7.467333333333333	7.312	7.270666666666667	6.764	6.767333333333333	6.715333333333334	6.681333333333333	6.207333333333334	5.917333333333334	5.948666666666667	5.86	6.0	6.261333333333333	6.3773333333333335	6.296	6.016666666666667	4.778	4.518666666666666	4.448	4.328	3.8933333333333335	3.504	3.488	3.476	3.3746666666666667	3.144	3.1546666666666665	3.1506666666666665	3.1466666666666665	3.0953333333333335	2.9753333333333334	3.0126666666666666	3.0493333333333332	2.944	2.788666666666667	2.742	2.836	2.5833333333333335	2.342	2.216666666666667	2.247333333333333	2.2333333333333334	2.2946666666666666	2.114	2.195333333333333	2.1986666666666665	1.9713333333333334	1.5066666666666666	1.4626666666666666	1.4453333333333334	1.36	1.068	0.948	0.9013333333333333	0.9106666666666666	0.872	0.9233333333333333	0.9233333333333333	0.8513333333333334	0.8913333333333333	0.8186666666666667	0.8233333333333334	0.8553333333333333	0.8366666666666667	0.812	0.808	0.772	0.7913333333333333	0.7613333333333333	0.7033333333333334	0.6733333333333333	0.6873333333333334	0.6826666666666666	0.6686666666666666	0.6146666666666667	0.6513333333333333	0.6353333333333333	0.632	0.6546666666666666	0.6553333333333333	0.6606666666666666	0.6066666666666667	0.5566666666666666	
11.253333333333334	7.675333333333334	6.259333333333333	6.506	10.556	10.672666666666666	10.281333333333333	10.168	10.156666666666666	9.961333333333334	9.840666666666667	9.428	8.814666666666668	6.136666666666667	5.228666666666666	6.132666666666666	7.124	7.105333333333333	6.986666666666666	6.609333333333334	6.461333333333333	6.447333333333333	6.386	5.935333333333333	5.572	5.716666666666667	5.654	5.88	5.966	6.066666666666666	6.09	5.7	4.583333333333333	4.220666666666666	4.2026666666666666	4.306	3.764	3.3346666666666667	3.3373333333333335	3.4186666666666667	3.2693333333333334	3.072	2.9566666666666666	3.0793333333333335	2.994	2.84	2.8646666666666665	2.8173333333333335	2.87	2.7253333333333334	2.6173333333333333	2.6373333333333333	2.6686666666666667	2.578666666666667	2.2666666666666666	2.2453333333333334	2.212666666666667	2.1686666666666667	2.142	2.118	2.195333333333333	2.104	1.8273333333333333	1.4666666666666666	1.3546666666666667	1.4726666666666666	1.2826666666666666	1.0466666666666666	0.9546666666666667	0.8786666666666667	0.9133333333333333	0.8953333333333333	0.8413333333333334	0.8346666666666667	0.8713333333333333	0.8253333333333334	0.8153333333333334	0.828	0.8153333333333334	0.7793333333333333	0.728	0.722	0.7586666666666667	0.7393333333333333	0.7193333333333334	0.6873333333333334	0.66	0.612	0.646	0.6453333333333333	0.6593333333333333	0.6193333333333333	0.5973333333333334	0.6186666666666667	0.5986666666666667	0.6266666666666667	0.5793333333333334	0.6166666666666667	0.5453333333333333	
10.824666666666667	7.246666666666667	6.0553333333333335	6.175333333333334	10.070666666666666	10.436	9.874	9.887333333333334	9.888	9.676	9.428666666666667	9.078	8.512	5.774	4.952	5.992666666666667	7.038	6.948666666666667	6.74	6.319333333333334	6.212666666666666	6.200666666666667	6.225333333333333	5.677333333333333	5.566666666666666	5.502666666666666	5.388	5.642	5.736	5.752666666666666	5.8533333333333335	5.496666666666667	4.463333333333333	4.073333333333333	4.167333333333334	4.037333333333334	3.606	3.1473333333333335	3.264666666666667	3.203333333333333	3.0946666666666665	2.908	2.8473333333333333	2.949333333333333	2.9133333333333336	2.8633333333333333	2.764666666666667	2.8093333333333335	2.787333333333333	2.6746666666666665	2.562666666666667	2.5726666666666667	2.518	2.4553333333333334	2.226	2.0533333333333332	2.1593333333333335	2.1606666666666667	2.1173333333333333	1.9646666666666666	2.0653333333333332	1.998	1.7653333333333334	1.468	1.3166666666666667	1.402	1.306	1.0166666666666666	0.8606666666666667	0.846	0.8433333333333334	0.8433333333333334	0.7846666666666666	0.8306666666666667	0.852	0.7926666666666666	0.7833333333333333	0.8206666666666667	0.7546666666666667	0.7566666666666667	0.7513333333333333	0.7386666666666667	0.7266666666666667	0.6806666666666666	0.678	0.612	0.6553333333333333	0.6353333333333333	0.6233333333333333	0.6033333333333334	0.6193333333333333	0.6386666666666667	0.6033333333333334	0.6	0.6113333333333333	0.6033333333333334	0.6026666666666667	0.584	0.488	
10.418666666666667	7.113333333333333	5.698	6.054	9.78	9.851333333333333	9.571333333333333	9.506666666666666	9.468	9.285333333333334	9.216666666666667	8.770666666666667	8.339333333333334	5.482666666666667	4.768666666666666	5.747333333333334	6.6786666666666665	6.533333333333333	6.474	5.936	5.962	6.082666666666666	6.012	5.417333333333334	5.232666666666667	5.209333333333333	5.229333333333333	5.4446666666666665	5.494	5.524666666666667	5.533333333333333	5.316666666666666	4.283333333333333	4.033333333333333	3.974666666666667	3.9326666666666665	3.517333333333333	3.0846666666666667	3.078666666666667	3.2146666666666666	3.054	2.8566666666666665	2.791333333333333	2.8526666666666665	2.772	2.7006666666666668	2.7533333333333334	2.699333333333333	2.592	2.6146666666666665	2.488	2.498666666666667	2.4326666666666665	2.324	2.084	2.0866666666666664	2.013333333333333	1.982	1.9886666666666666	1.9246666666666667	1.8946666666666667	1.9393333333333334	1.7573333333333334	1.3613333333333333	1.376	1.3053333333333332	1.2293333333333334	1.0013333333333334	0.8173333333333334	0.8233333333333334	0.8366666666666667	0.788	0.7926666666666666	0.8033333333333333	0.7486666666666667	0.7833333333333333	0.7853333333333333	0.74	0.7133333333333334	0.7306666666666667	0.716	0.6853333333333333	0.68	0.666	0.6766666666666666	0.656	0.6186666666666667	0.6353333333333333	0.6026666666666667	0.612	0.5926666666666667	0.5733333333333334	0.5613333333333334	0.5986666666666667	0.582	0.6246666666666667	0.5566666666666666	0.5413333333333333	0.5073333333333333	
10.088666666666667	6.812666666666667	5.505333333333334	5.722666666666667	9.301333333333334	9.433333333333334	9.063333333333333	9.226	9.108666666666666	8.938666666666666	8.711333333333334	8.436666666666667	7.958	5.328	4.629333333333333	5.427333333333333	6.405333333333333	6.430666666666666	6.110666666666667	5.8773333333333335	5.8373333333333335	5.698666666666667	5.773333333333333	5.243333333333333	5.014666666666667	5.022	5.147333333333333	5.089333333333333	5.414	5.288666666666667	5.435333333333333	5.064	4.06	3.9406666666666665	3.8613333333333335	3.7746666666666666	3.356	3.0326666666666666	2.9146666666666667	2.9393333333333334	2.936	2.6666666666666665	2.6966666666666668	2.758	2.6666666666666665	2.602	2.5806666666666667	2.550666666666667	2.552	2.5006666666666666	2.4066666666666667	2.3213333333333335	2.3866666666666667	2.3146666666666667	2.014666666666667	1.9966666666666666	1.9633333333333334	1.8733333333333333	1.8813333333333333	1.788	1.8053333333333332	1.812	1.61	1.3153333333333332	1.2986666666666666	1.254	1.1946666666666668	0.9766666666666667	0.802	0.8173333333333334	0.8053333333333333	0.756	0.7533333333333333	0.7853333333333333	0.7453333333333333	0.77	0.7473333333333333	0.7473333333333333	0.718	0.7206666666666667	0.704	0.6826666666666666	0.6546666666666666	0.6646666666666666	0.654	0.6266666666666667	0.5833333333333334	0.584	0.5753333333333334	0.568	0.576	0.5593333333333333	0.576	0.5766666666666667	0.5773333333333334	0.56	0.56	0.5153333333333333	0.496	
9.964666666666666	6.509333333333333	5.413333333333333	5.460666666666667	9.044666666666666	9.31	8.816666666666666	8.861333333333333	8.661333333333333	8.585333333333333	8.44	8.152	7.475333333333333	5.188666666666666	4.484666666666667	5.298666666666667	6.1786666666666665	6.155333333333333	5.905333333333333	5.679333333333333	5.681333333333333	5.656	5.5553333333333335	5.241333333333333	4.808	4.932	4.879333333333333	5.006666666666667	5.168666666666667	5.165333333333334	5.15	4.8726666666666665	3.9513333333333334	3.754	3.7146666666666666	3.570666666666667	3.223333333333333	2.8953333333333333	2.914	2.8593333333333333	2.7453333333333334	2.6253333333333333	2.6306666666666665	2.608	2.646	2.4726666666666666	2.588	2.5273333333333334	2.546666666666667	2.4066666666666667	2.3226666666666667	2.274	2.328	2.1593333333333335	1.9633333333333334	1.8373333333333333	1.8913333333333333	1.8586666666666667	1.8113333333333332	1.7453333333333334	1.806	1.7086666666666666	1.604	1.2633333333333334	1.228	1.216	1.1453333333333333	0.8813333333333333	0.8006666666666666	0.7313333333333333	0.8006666666666666	0.742	0.722	0.6873333333333334	0.7373333333333333	0.7233333333333334	0.6866666666666666	0.6926666666666667	0.6986666666666667	0.6773333333333333	0.6753333333333333	0.6466666666666666	0.6513333333333333	0.658	0.6133333333333333	0.5406666666666666	0.5633333333333334	0.5366666666666666	0.552	0.552	0.5493333333333333	0.528	0.544	0.5046666666666667	0.5466666666666666	0.5113333333333333	0.5186666666666667	0.5033333333333333	0.44533333333333336	
9.476666666666667	6.300666666666666	5.152	5.339333333333333	8.809333333333333	9.002666666666666	8.672666666666666	8.666	8.428	8.268666666666666	8.294666666666666	7.876	7.372	5.049333333333333	4.387333333333333	5.1786666666666665	6.022	5.9446666666666665	5.824	5.592666666666666	5.448	5.526666666666666	5.289333333333333	5.048666666666667	4.742666666666667	4.706	4.701333333333333	4.953333333333333	5.065333333333333	5.061333333333334	5.043333333333333	4.8806666666666665	3.9206666666666665	3.648	3.6526666666666667	3.544	3.1106666666666665	2.798	2.752666666666667	2.8106666666666666	2.644	2.530666666666667	2.5726666666666667	2.5526666666666666	2.5233333333333334	2.4466666666666668	2.4286666666666665	2.424	2.453333333333333	2.3446666666666665	2.236666666666667	2.224666666666667	2.192	2.167333333333333	1.91	1.8213333333333332	1.82	1.812	1.8146666666666667	1.6953333333333334	1.7013333333333334	1.7013333333333334	1.526	1.2706666666666666	1.2026666666666668	1.2166666666666666	1.13	0.8806666666666667	0.7126666666666667	0.7413333333333333	0.7286666666666667	0.76	0.7246666666666667	0.728	0.7113333333333334	0.712	0.69	0.6873333333333334	0.6953333333333334	0.656	0.664	0.6306666666666667	0.6386666666666667	0.6133333333333333	0.6233333333333333	0.5273333333333333	0.5453333333333333	0.59	0.558	0.5226666666666666	0.5613333333333334	0.544	0.5446666666666666	0.49133333333333334	0.534	0.5186666666666667	0.524	0.47333333333333333	0.464	
9.334666666666667	6.309333333333333	5.040666666666667	5.250666666666667	8.679333333333334	8.825333333333333	8.378666666666666	8.515333333333333	8.402666666666667	8.141333333333334	8.050666666666666	7.733333333333333	7.126666666666667	4.910666666666667	4.254	5.1866666666666665	5.905333333333333	5.884666666666667	5.655333333333333	5.444	5.43	5.4286666666666665	5.274666666666667	4.777333333333333	4.660666666666667	4.572666666666667	4.646	4.782	4.847333333333333	4.9526666666666666	4.905333333333333	4.729333333333333	3.8026666666666666	3.501333333333333	3.4953333333333334	3.521333333333333	3.0766666666666667	2.792666666666667	2.698	2.7866666666666666	2.658	2.5433333333333334	2.456	2.3946666666666667	2.488	2.437333333333333	2.3833333333333333	2.4206666666666665	2.3806666666666665	2.332666666666667	2.2146666666666666	2.239333333333333	2.1513333333333335	2.0606666666666666	1.914	1.8093333333333332	1.7366666666666666	1.7906666666666666	1.7166666666666666	1.734	1.7506666666666666	1.694	1.4973333333333334	1.2466666666666666	1.2126666666666666	1.1713333333333333	1.0733333333333333	0.8326666666666667	0.7413333333333333	0.7333333333333333	0.7453333333333333	0.732	0.6946666666666667	0.7326666666666667	0.712	0.6886666666666666	0.6893333333333334	0.6806666666666666	0.6326666666666667	0.6573333333333333	0.6253333333333333	0.6006666666666667	0.6266666666666667	0.5893333333333334	0.6126666666666667	0.5426666666666666	0.5486666666666666	0.5253333333333333	0.5086666666666667	0.5033333333333333	0.5166666666666667	0.53	0.5233333333333333	0.5133333333333333	0.494	0.544	0.49066666666666664	0.48133333333333334	0.4633333333333333	
9.107333333333333	6.136666666666667	4.962666666666666	5.072666666666667	8.526	8.548	8.242666666666667	8.276	8.296	8.046	7.859333333333334	7.601333333333334	7.1273333333333335	4.854666666666667	4.202	4.921333333333333	5.692	5.636666666666667	5.516666666666667	5.1946666666666665	5.188	5.267333333333333	5.245333333333333	4.756	4.556666666666667	4.494	4.593333333333334	4.708	4.844	4.898666666666666	4.862666666666667	4.588666666666667	3.6733333333333333	3.5046666666666666	3.452	3.469333333333333	3.0566666666666666	2.736666666666667	2.706	2.711333333333333	2.6266666666666665	2.478666666666667	2.4406666666666665	2.388	2.432	2.3226666666666667	2.322	2.2866666666666666	2.292666666666667	2.266	2.0953333333333335	2.086	2.1653333333333333	2.0326666666666666	1.8306666666666667	1.7653333333333334	1.7486666666666666	1.812	1.7473333333333334	1.6893333333333334	1.62	1.634	1.4653333333333334	1.2153333333333334	1.1486666666666667	1.1353333333333333	1.09	0.8446666666666667	0.7153333333333334	0.702	0.67	0.686	0.7046666666666667	0.698	0.6406666666666667	0.678	0.6526666666666666	0.6493333333333333	0.6306666666666667	0.6473333333333333	0.6053333333333333	0.6353333333333333	0.6146666666666667	0.6086666666666667	0.582	0.5133333333333333	0.478	0.5253333333333333	0.5226666666666666	0.494	0.5186666666666667	0.5033333333333333	0.5186666666666667	0.49666666666666665	0.45666666666666667	0.458	0.48	0.4593333333333333	0.414	
8.969333333333333	6.025333333333333	4.881333333333333	5.078	8.269333333333334	8.404	8.000666666666667	8.155333333333333	8.034666666666666	7.87	7.745333333333333	7.4	6.984	4.631333333333333	4.034666666666666	4.819333333333334	5.692	5.584666666666666	5.507333333333333	5.177333333333333	5.078	5.125333333333334	5.092666666666666	4.550666666666666	4.418	4.497333333333334	4.432666666666667	4.512666666666667	4.690666666666667	4.642	4.773333333333333	4.524666666666667	3.61	3.404	3.39	3.348	2.989333333333333	2.68	2.5913333333333335	2.6086666666666667	2.5613333333333332	2.3606666666666665	2.316666666666667	2.396	2.334	2.3253333333333335	2.224666666666667	2.29	2.25	2.183333333333333	2.108	2.0606666666666666	2.0766666666666667	2.022	1.7793333333333334	1.6606666666666667	1.7373333333333334	1.71	1.6966666666666668	1.6233333333333333	1.56	1.6	1.436	1.1813333333333333	1.0866666666666667	1.138	1.052	0.798	0.6866666666666666	0.724	0.6773333333333333	0.6493333333333333	0.6646666666666666	0.6753333333333333	0.658	0.6793333333333333	0.676	0.5806666666666667	0.594	0.594	0.5753333333333334	0.5806666666666667	0.5926666666666667	0.592	0.5486666666666666	0.5226666666666666	0.4826666666666667	0.5466666666666666	0.47333333333333333	0.5013333333333333	0.496	0.486	0.48	0.486	0.478	0.4693333333333333	0.49066666666666664	0.438	0.402	
8.605333333333334	5.9093333333333335	4.719333333333333	4.932666666666667	8.05	8.038666666666666	7.750666666666667	8.086	7.870666666666667	7.644666666666667	7.572	7.156666666666666	6.790666666666667	4.738	4.038	4.763333333333334	5.501333333333333	5.500666666666667	5.354666666666667	5.054666666666667	4.962	5.025333333333333	4.932666666666667	4.4	4.378666666666667	4.404	4.394666666666667	4.5633333333333335	4.716	4.638	4.548666666666667	4.451333333333333	3.5393333333333334	3.2706666666666666	3.3033333333333332	3.320666666666667	2.9286666666666665	2.604	2.552	2.5793333333333335	2.470666666666667	2.3746666666666667	2.3673333333333333	2.3493333333333335	2.3106666666666666	2.1846666666666668	2.243333333333333	2.2186666666666666	2.2466666666666666	2.179333333333333	2.058	2.014	2.0033333333333334	1.866	1.718	1.65	1.6606666666666667	1.6226666666666667	1.6413333333333333	1.5593333333333332	1.5386666666666666	1.5166666666666666	1.3853333333333333	1.164	1.0493333333333332	1.0493333333333332	1.0066666666666666	0.786	0.6993333333333334	0.7026666666666667	0.6613333333333333	0.63	0.6686666666666666	0.652	0.676	0.6406666666666667	0.6406666666666667	0.6186666666666667	0.614	0.61	0.5746666666666667	0.5966666666666667	0.5293333333333333	0.5993333333333334	0.5753333333333334	0.506	0.476	0.5233333333333333	0.5133333333333333	0.4646666666666667	0.4613333333333333	0.5246666666666666	0.4706666666666667	0.48	0.4846666666666667	0.4513333333333333	0.45	0.448	0.4166666666666667	
8.578666666666667	5.756	4.588666666666667	4.849333333333333	8.034666666666666	7.986	7.777333333333333	7.764666666666667	7.712666666666666	7.438666666666666	7.342	7.06	6.66	4.5986666666666665	3.882	4.604666666666667	5.400666666666667	5.338	5.226666666666667	4.894666666666667	4.873333333333333	4.951333333333333	4.831333333333333	4.39	4.198	4.196666666666666	4.262666666666667	4.424	4.567333333333333	4.544	4.527333333333333	4.294	3.472	3.2733333333333334	3.1966666666666668	3.262	2.772	2.5793333333333335	2.538666666666667	2.4713333333333334	2.3393333333333333	2.298	2.276	2.308666666666667	2.215333333333333	2.203333333333333	2.1306666666666665	2.1353333333333335	2.1866666666666665	2.062666666666667	2.0006666666666666	2.046	1.9566666666666668	1.9866666666666666	1.6533333333333333	1.6606666666666667	1.632	1.6173333333333333	1.586	1.6126666666666667	1.546	1.4926666666666666	1.3573333333333333	1.17	1.066	1.0453333333333332	0.9973333333333333	0.7613333333333333	0.6466666666666666	0.66	0.6513333333333333	0.6333333333333333	0.626	0.6286666666666667	0.622	0.618	0.6126666666666667	0.596	0.596	0.6206666666666667	0.5906666666666667	0.5553333333333333	0.5286666666666666	0.5506666666666666	0.528	0.494	0.494	0.5	0.47733333333333333	0.4806666666666667	0.48333333333333334	0.4493333333333333	0.4766666666666667	0.43933333333333335	0.43533333333333335	0.466	0.4186666666666667	0.404	0.42333333333333334	
8.37	5.616666666666666	4.572	4.626	7.8406666666666665	7.884666666666667	7.497333333333334	7.576666666666667	7.456	7.394	7.0873333333333335	6.831333333333333	6.473333333333334	4.434	3.7946666666666666	4.415333333333334	5.254666666666667	5.21	5.109333333333334	4.749333333333333	4.748666666666667	4.903333333333333	4.788	4.288666666666667	4.086666666666667	4.089333333333333	4.102	4.268	4.484	4.386666666666667	4.415333333333334	4.269333333333333	3.3613333333333335	3.2213333333333334	3.188	3.0986666666666665	2.764	2.453333333333333	2.448	2.417333333333333	2.4353333333333333	2.227333333333333	2.215333333333333	2.218	2.208666666666667	2.1693333333333333	2.172	2.132	2.1746666666666665	2.0473333333333334	1.9686666666666666	1.98	1.9813333333333334	1.8346666666666667	1.6846666666666668	1.5566666666666666	1.6313333333333333	1.576	1.5513333333333332	1.5653333333333332	1.514	1.5233333333333334	1.3646666666666667	1.1373333333333333	1.0306666666666666	1.0173333333333334	0.9713333333333334	0.7613333333333333	0.664	0.6153333333333333	0.628	0.6626666666666666	0.6333333333333333	0.652	0.6186666666666667	0.6153333333333333	0.584	0.604	0.618	0.6033333333333334	0.5706666666666667	0.558	0.5126666666666667	0.556	0.5273333333333333	0.48733333333333334	0.4786666666666667	0.47	0.4646666666666667	0.442	0.456	0.4646666666666667	0.474	0.44666666666666666	0.4726666666666667	0.428	0.444	0.394	0.37	
8.154	5.66	4.423333333333333	4.609333333333334	7.568666666666667	7.589333333333333	7.433333333333334	7.366666666666666	7.533333333333333	7.303333333333334	7.052	6.823333333333333	6.248666666666667	4.285333333333333	3.694	4.431333333333333	5.180666666666666	5.26	4.996	4.660666666666667	4.762	4.676666666666667	4.72	4.231333333333334	4.102	4.064	4.124666666666666	4.196	4.311333333333334	4.3613333333333335	4.285333333333333	4.074	3.3033333333333332	3.0726666666666667	3.0613333333333332	2.965333333333333	2.686	2.3973333333333335	2.434	2.3826666666666667	2.3313333333333333	2.274	2.1586666666666665	2.1346666666666665	2.1493333333333333	2.1146666666666665	2.1006666666666667	2.0686666666666667	2.0686666666666667	1.9533333333333334	1.882	1.8866666666666667	1.8326666666666667	1.8306666666666667	1.668	1.5786666666666667	1.5426666666666666	1.58	1.5946666666666667	1.4853333333333334	1.5013333333333334	1.5286666666666666	1.3033333333333332	1.0433333333333332	1.05	1.0053333333333334	0.936	0.73	0.6413333333333333	0.6566666666666666	0.6406666666666667	0.6353333333333333	0.6066666666666667	0.6026666666666667	0.642	0.622	0.6073333333333333	0.566	0.5433333333333333	0.528	0.556	0.524	0.5813333333333334	0.5626666666666666	0.504	0.4633333333333333	0.43866666666666665	0.474	0.4573333333333333	0.428	0.448	0.444	0.49133333333333334	0.43733333333333335	0.43266666666666664	0.44733333333333336	0.44	0.41533333333333333	0.35333333333333333	
8.018666666666666	5.474	4.373333333333333	4.626666666666667	7.350666666666666	7.536	7.145333333333333	7.441333333333334	7.22	7.096666666666667	7.026666666666666	6.616	6.229333333333333	4.363333333333333	3.734	4.4013333333333335	5.148	4.984	4.8566666666666665	4.625333333333334	4.588666666666667	4.586	4.492666666666667	4.264666666666667	3.982666666666667	3.9053333333333335	3.99	3.921333333333333	4.268	4.382	4.1226666666666665	3.9686666666666666	3.2746666666666666	3.0406666666666666	3.018	2.974	2.6373333333333333	2.3626666666666667	2.342	2.3773333333333335	2.2413333333333334	2.1046666666666667	2.146	2.0633333333333335	2.175333333333333	2.0526666666666666	2.1033333333333335	1.9826666666666666	2.028	1.9646666666666666	1.9046666666666667	1.8773333333333333	1.928	1.7366666666666666	1.6053333333333333	1.5246666666666666	1.5206666666666666	1.5006666666666666	1.4853333333333334	1.4726666666666666	1.4626666666666666	1.4426666666666668	1.3293333333333333	1.078	1.008	0.9793333333333333	0.9326666666666666	0.7386666666666667	0.6486666666666666	0.5893333333333334	0.6273333333333333	0.62	0.6053333333333333	0.596	0.6286666666666667	0.6053333333333333	0.564	0.546	0.546	0.568	0.544	0.49133333333333334	0.5193333333333333	0.486	0.4573333333333333	0.45666666666666667	0.462	0.4746666666666667	0.46066666666666667	0.4246666666666667	0.47	0.4786666666666667	0.4646666666666667	0.452	0.4206666666666667	0.44333333333333336	0.4066666666666667	0.38533333333333336	0.36866666666666664	
7.946666666666666	5.342	4.245333333333333	4.411333333333333	7.306666666666667	7.398	6.994	7.214666666666667	7.094	6.962666666666666	6.81	6.586	6.144	4.134	3.5086666666666666	4.201333333333333	5.046666666666667	4.984666666666667	4.86	4.484666666666667	4.473333333333334	4.501333333333333	4.4446666666666665	4.054666666666667	3.8853333333333335	3.882	3.9353333333333333	4.009333333333333	4.156666666666666	4.190666666666667	4.176666666666667	3.921333333333333	3.206	2.9713333333333334	2.989333333333333	2.9633333333333334	2.6146666666666665	2.3553333333333333	2.3186666666666667	2.3093333333333335	2.235333333333333	2.088	2.0486666666666666	2.0993333333333335	2.0966666666666667	2.0646666666666667	2.052	2.0033333333333334	1.9593333333333334	1.8553333333333333	1.8066666666666666	1.8426666666666667	1.82	1.7993333333333332	1.6093333333333333	1.4666666666666666	1.53	1.496	1.4853333333333334	1.4113333333333333	1.4546666666666668	1.4153333333333333	1.32	1.042	1.006	0.9906666666666667	0.89	0.7113333333333334	0.586	0.5806666666666667	0.608	0.6173333333333333	0.622	0.5913333333333334	0.5733333333333334	0.5673333333333334	0.5846666666666667	0.526	0.5713333333333334	0.5246666666666666	0.49933333333333335	0.5353333333333333	0.51	0.5286666666666666	0.5173333333333333	0.4826666666666667	0.438	0.434	0.44733333333333336	0.42	0.44666666666666666	0.4266666666666667	0.4206666666666667	0.428	0.4226666666666667	0.41933333333333334	0.4206666666666667	0.4246666666666667	0.37066666666666664	
7.607333333333333	5.298	4.065333333333333	4.320666666666667	7.244666666666666	7.350666666666666	6.935333333333333	6.950666666666667	6.905333333333333	6.722	6.647333333333333	6.472	6.048	4.074666666666666	3.5833333333333335	4.206666666666667	4.875333333333334	4.918666666666667	4.699333333333334	4.525333333333333	4.502666666666666	4.334	4.46	3.969333333333333	3.804666666666667	3.7773333333333334	3.8446666666666665	3.8873333333333333	3.958666666666667	4.083333333333333	4.076666666666667	3.946	3.0753333333333335	2.9713333333333334	2.91	2.8613333333333335	2.5833333333333335	2.3173333333333335	2.2426666666666666	2.2573333333333334	2.252	2.1346666666666665	2.1006666666666667	2.0593333333333335	2.1233333333333335	1.932	1.912	1.9906666666666666	1.896	1.8493333333333333	1.7933333333333332	1.798	1.75	1.7753333333333334	1.564	1.4793333333333334	1.604	1.444	1.424	1.408	1.3853333333333333	1.3886666666666667	1.2686666666666666	1.0533333333333332	0.9513333333333334	0.9833333333333333	0.876	0.674	0.6053333333333333	0.5806666666666667	0.5866666666666667	0.5906666666666667	0.5713333333333334	0.58	0.5866666666666667	0.5806666666666667	0.5433333333333333	0.5313333333333333	0.5393333333333333	0.55	0.4866666666666667	0.5026666666666667	0.48333333333333334	0.5006666666666667	0.47333333333333333	0.474	0.438	0.47533333333333333	0.42533333333333334	0.4266666666666667	0.404	0.466	0.4206666666666667	0.4073333333333333	0.43466666666666665	0.43733333333333335	0.426	0.38266666666666665	0.366	
7.499333333333333	5.0873333333333335	4.074666666666666	4.3373333333333335	6.968666666666667	7.078666666666667	6.894666666666667	6.938	6.746666666666667	6.6226666666666665	6.629333333333333	6.219333333333333	5.822	4.009333333333333	3.466	4.022666666666667	4.827333333333334	4.742	4.628666666666667	4.344	4.330666666666667	4.3406666666666665	4.259333333333333	3.9146666666666667	3.816	3.7186666666666666	3.820666666666667	3.828666666666667	4.020666666666667	4.03	3.917333333333333	3.8493333333333335	3.096	2.945333333333333	2.902	2.8493333333333335	2.486666666666667	2.3386666666666667	2.1786666666666665	2.16	2.1286666666666667	2.030666666666667	2.0206666666666666	2.008	1.9293333333333333	1.9346666666666668	1.9553333333333334	1.9106666666666667	1.9273333333333333	1.776	1.7933333333333332	1.734	1.762	1.6453333333333333	1.51	1.396	1.47	1.4473333333333334	1.376	1.368	1.3233333333333333	1.3926666666666667	1.262	0.992	0.9573333333333334	0.948	0.8826666666666667	0.6646666666666666	0.5866666666666667	0.5553333333333333	0.6	0.5946666666666667	0.5486666666666666	0.5686666666666667	0.582	0.5486666666666666	0.5586666666666666	0.5666666666666667	0.5306666666666666	0.48933333333333334	0.5066666666666667	0.4493333333333333	0.5286666666666666	0.488	0.4513333333333333	0.44466666666666665	0.42133333333333334	0.436	0.402	0.41	0.4573333333333333	0.4166666666666667	0.396	0.43133333333333335	0.3973333333333333	0.3973333333333333	0.438	0.36866666666666664	0.3486666666666667	
7.339333333333333	4.924	4.048666666666667	4.164666666666666	6.751333333333333	6.835333333333334	6.674	6.696666666666666	6.649333333333334	6.538	6.505333333333334	6.168666666666667	5.707333333333334	3.9086666666666665	3.3833333333333333	4.054	4.76	4.568666666666667	4.5793333333333335	4.314	4.232	4.248666666666667	4.234666666666667	3.8353333333333333	3.7226666666666666	3.6506666666666665	3.7533333333333334	3.766	3.8213333333333335	3.934	3.9633333333333334	3.8533333333333335	3.0526666666666666	2.852	2.8906666666666667	2.800666666666667	2.4646666666666666	2.1933333333333334	2.2306666666666666	2.126	2.13	1.9626666666666666	1.9493333333333334	1.9906666666666666	1.988	1.934	1.8626666666666667	1.8373333333333333	1.8773333333333333	1.8746666666666667	1.7	1.724	1.67	1.6813333333333333	1.5	1.394	1.41	1.368	1.3413333333333333	1.3473333333333333	1.3273333333333333	1.382	1.194	0.9946666666666667	0.9386666666666666	0.9273333333333333	0.8246666666666667	0.6266666666666667	0.562	0.538	0.5686666666666667	0.5706666666666667	0.5926666666666667	0.5566666666666666	0.5606666666666666	0.5326666666666666	0.556	0.5133333333333333	0.4786666666666667	0.522	0.52	0.4713333333333333	0.5106666666666667	0.506	0.482	0.43133333333333335	0.42866666666666664	0.43066666666666664	0.4126666666666667	0.422	0.41733333333333333	0.41533333333333333	0.402	0.4066666666666667	0.39266666666666666	0.4126666666666667	0.4046666666666667	0.358	0.33	
7.156666666666666	4.974	3.8666666666666667	4.121333333333333	6.855333333333333	6.802	6.692666666666667	6.713333333333333	6.540666666666667	6.498	6.406	6.038	5.707333333333334	3.806	3.3706666666666667	3.9153333333333333	4.444	4.6113333333333335	4.475333333333333	4.0986666666666665	4.156	4.236	4.0906666666666665	3.76	3.5806666666666667	3.6533333333333333	3.5886666666666667	3.7893333333333334	3.8213333333333335	3.9153333333333333	3.7706666666666666	3.6566666666666667	2.9873333333333334	2.7426666666666666	2.8093333333333335	2.7466666666666666	2.468	2.1826666666666665	2.1306666666666665	2.088	2.021333333333333	1.9293333333333333	1.9753333333333334	1.962	1.8526666666666667	1.884	1.8946666666666667	1.808	1.8646666666666667	1.8	1.69	1.7073333333333334	1.72	1.6246666666666667	1.4706666666666666	1.372	1.3786666666666667	1.386	1.326	1.3006666666666666	1.3426666666666667	1.3286666666666667	1.1606666666666667	0.9786666666666667	0.9286666666666666	0.9206666666666666	0.82	0.6513333333333333	0.5786666666666667	0.544	0.584	0.548	0.5493333333333333	0.5633333333333334	0.5133333333333333	0.5466666666666666	0.5226666666666666	0.498	0.5193333333333333	0.53	0.47733333333333333	0.494	0.456	0.45666666666666667	0.4693333333333333	0.3993333333333333	0.41533333333333333	0.424	0.394	0.43066666666666664	0.4033333333333333	0.4106666666666667	0.38666666666666666	0.3933333333333333	0.37866666666666665	0.368	0.38466666666666666	0.36333333333333334	0.354	
7.189333333333333	4.894666666666667	3.9806666666666666	3.9593333333333334	6.636666666666667	6.747333333333334	6.418666666666667	6.416	6.414666666666666	6.264666666666667	6.252	5.846	5.641333333333334	3.852	3.2813333333333334	4.02	4.612	4.544666666666667	4.417333333333334	4.102666666666667	4.113333333333333	4.115333333333333	4.017333333333333	3.723333333333333	3.56	3.5273333333333334	3.638	3.7066666666666666	3.800666666666667	3.8766666666666665	3.862	3.604	2.977333333333333	2.7266666666666666	2.719333333333333	2.760666666666667	2.344	2.132	2.0806666666666667	2.0513333333333335	2.0153333333333334	1.904	1.8366666666666667	1.8633333333333333	1.9186666666666667	1.8893333333333333	1.7346666666666666	1.804	1.7953333333333332	1.7593333333333334	1.7153333333333334	1.6713333333333333	1.6186666666666667	1.5526666666666666	1.4506666666666668	1.326	1.3173333333333332	1.36	1.3446666666666667	1.334	1.2873333333333334	1.2893333333333334	1.2053333333333334	0.946	0.8913333333333333	0.8693333333333333	0.8213333333333334	0.656	0.588	0.53	0.5446666666666666	0.5586666666666666	0.5226666666666666	0.548	0.524	0.5313333333333333	0.5006666666666667	0.49066666666666664	0.5213333333333333	0.526	0.47733333333333333	0.48133333333333334	0.47933333333333333	0.472	0.47333333333333333	0.4013333333333333	0.42133333333333334	0.4073333333333333	0.3913333333333333	0.3893333333333333	0.398	0.37733333333333335	0.3873333333333333	0.3933333333333333	0.3913333333333333	0.37133333333333335	0.3466666666666667	0.37266666666666665	0.3486666666666667	
6.959333333333333	4.824	3.8233333333333333	3.9306666666666668	6.440666666666667	6.721333333333333	6.232666666666667	6.372	6.228	6.344666666666667	6.092	5.875333333333334	5.516666666666667	3.758	3.215333333333333	3.792	4.370666666666667	4.424	4.429333333333333	3.933333333333333	4.058666666666666	3.994	4.0986666666666665	3.6066666666666665	3.554	3.486666666666667	3.4633333333333334	3.664	3.734	3.754	3.7186666666666666	3.556	2.92	2.6206666666666667	2.735333333333333	2.6733333333333333	2.3293333333333335	2.064	2.0353333333333334	2.1113333333333335	2.038666666666667	1.9186666666666667	1.8386666666666667	1.8893333333333333	1.8353333333333333	1.832	1.8186666666666667	1.8646666666666667	1.768	1.744	1.6393333333333333	1.678	1.5833333333333333	1.5766666666666667	1.408	1.3566666666666667	1.366	1.3473333333333333	1.3486666666666667	1.3113333333333332	1.2913333333333334	1.2686666666666666	1.16	0.9106666666666666	0.902	0.858	0.8013333333333333	0.6353333333333333	0.5526666666666666	0.5633333333333334	0.5646666666666667	0.5573333333333333	0.5473333333333333	0.524	0.5373333333333333	0.478	0.516	0.4806666666666667	0.48733333333333334	0.494	0.4613333333333333	0.47333333333333333	0.4513333333333333	0.43466666666666665	0.454	0.4106666666666667	0.4073333333333333	0.39666666666666667	0.4146666666666667	0.3933333333333333	0.3973333333333333	0.3933333333333333	0.4206666666666667	0.372	0.38466666666666666	0.36533333333333334	0.3446666666666667	0.3413333333333333	0.31733333333333336	
