0.01	0.5149494949494949	1.0198989898989899	1.5248484848484847	2.0297979797979795	2.5347474747474745	3.039696969696969	3.544646464646464	4.049595959595959	4.554545454545454	5.059494949494949	5.564444444444444	6.0693939393939385	6.574343434343434	7.0792929292929285	7.584242424242424	8.089191919191919	8.594141414141413	9.099090909090908	9.604040404040404	10.108989898989899	10.613939393939393	11.118888888888888	11.623838383838383	12.128787878787877	12.633737373737373	13.138686868686868	13.643636363636363	14.148585858585857	14.653535353535352	15.158484848484848	15.663434343434343	16.16838383838384	16.673333333333336	17.17828282828283	17.683232323232325	18.188181818181818	18.693131313131314	19.19808080808081	19.703030303030303	20.2079797979798	20.712929292929292	21.21787878787879	21.722828282828285	22.227777777777778	22.732727272727274	23.237676767676767	23.742626262626263	24.247575757575756	24.752525252525253	25.25747474747475	25.762424242424242	26.267373737373738	26.77232323232323	27.277272727272727	27.782222222222224	28.287171717171717	28.792121212121213	29.297070707070706	29.802020202020202	30.3069696969697	30.81191919191919	31.316868686868688	31.82181818181818	32.32676767676767	32.831717171717166	33.336666666666666	33.84161616161616	34.34656565656565	34.851515151515144	35.356464646464644	35.86141414141414	36.36636363636363	36.87131313131313	37.37626262626262	37.881212121212116	38.386161616161615	38.89111111111111	39.3960606060606	39.901010101010094	40.405959595959594	40.91090909090909	41.41585858585858	41.92080808080808	42.42575757575757	42.930707070707065	43.435656565656565	43.94060606060606	44.44555555555555	44.95050505050504	45.45545454545454	45.960404040404036	46.46535353535353	46.97030303030303	47.47525252525252	47.980202020202015	48.48515151515151	48.99010101010101	49.4950505050505	50.0	
4.166666666666667	3.448	2.712	2.6373333333333333	2.6606666666666667	2.6646666666666667	4.244	6.456	6.511333333333333	6.34	5.661333333333333	5.6193333333333335	4.412	4.249333333333333	4.291333333333333	4.236666666666666	4.196	4.032	3.858	3.2946666666666666	3.3653333333333335	3.2906666666666666	3.3493333333333335	3.14	3.1233333333333335	3.0893333333333333	3.092	2.838	2.566666666666667	2.6346666666666665	2.608	2.8453333333333335	4.098	4.419333333333333	4.3853333333333335	4.318666666666667	4.486666666666666	4.498	4.500666666666667	4.509333333333333	4.296	3.726	3.6453333333333333	3.5033333333333334	3.501333333333333	3.0393333333333334	2.740666666666667	2.6493333333333333	2.695333333333333	2.468	2.029333333333333	2.041333333333333	2.0513333333333335	2.1386666666666665	2.444	2.6173333333333333	2.5833333333333335	2.6426666666666665	2.636	2.5886666666666667	2.6353333333333335	2.6353333333333335	2.672	2.715333333333333	2.7333333333333334	2.742	2.945333333333333	3.498666666666667	3.7466666666666666	3.703333333333333	3.7213333333333334	3.5433333333333334	3.308	3.2506666666666666	3.3786666666666667	3.3053333333333335	3.264	3.171333333333333	3.192	3.056	2.528	2.0446666666666666	1.9713333333333334	2.0633333333333335	1.9246666666666667	1.7726666666666666	1.79	1.8046666666666666	1.7693333333333334	1.772	1.7073333333333334	1.7553333333333334	1.6946666666666668	1.732	1.6746666666666667	1.6946666666666668	1.6746666666666667	1.6146666666666667	1.566	
4.276	3.494	2.8293333333333335	2.6633333333333336	2.728	2.67	4.384666666666667	6.6226666666666665	6.498666666666667	6.442	5.822666666666667	5.738	4.357333333333333	4.252666666666666	4.288666666666667	4.4126666666666665	4.35	4.1226666666666665	3.8526666666666665	3.4426666666666668	3.4566666666666666	3.394	3.308666666666667	3.264	3.1773333333333333	3.1493333333333333	3.1526666666666667	2.9086666666666665	2.6286666666666667	2.5833333333333335	2.683333333333333	2.98	4.051333333333333	4.342	4.410666666666667	4.522666666666667	4.384	4.618666666666667	4.540666666666667	4.596	4.284	3.7953333333333332	3.828666666666667	3.6926666666666668	3.652	2.978	2.703333333333333	2.724666666666667	2.7053333333333334	2.47	2.1313333333333335	2.0726666666666667	2.0713333333333335	2.232	2.4886666666666666	2.576	2.5593333333333335	2.6273333333333335	2.6293333333333333	2.664	2.6726666666666667	2.6973333333333334	2.751333333333333	2.796	2.716	2.7693333333333334	2.969333333333333	3.5446666666666666	3.7266666666666666	3.8473333333333333	3.814	3.5613333333333332	3.4346666666666668	3.4233333333333333	3.462666666666667	3.3213333333333335	3.3073333333333332	3.3293333333333335	3.246	3.076	2.5993333333333335	2.15	2.0326666666666666	2.0633333333333335	1.9293333333333333	1.8006666666666666	1.702	1.7953333333333332	1.792	1.7286666666666666	1.73	1.6893333333333334	1.76	1.6553333333333333	1.6806666666666668	1.6746666666666667	1.6486666666666667	1.6633333333333333	1.5066666666666666	
4.264	3.5453333333333332	2.8786666666666667	2.775333333333333	2.743333333333333	2.696	4.384	6.725333333333333	6.608666666666666	6.518	5.832	5.688	4.486	4.470666666666666	4.477333333333333	4.454666666666666	4.294666666666667	4.132	3.964	3.486666666666667	3.416	3.428	3.4833333333333334	3.2693333333333334	3.276	3.168	3.31	3.006	2.7026666666666666	2.6313333333333335	2.69	2.9833333333333334	4.129333333333333	4.558666666666666	4.388	4.508	4.523333333333333	4.6466666666666665	4.658666666666667	4.581333333333333	4.387333333333333	3.8306666666666667	3.740666666666667	3.6633333333333336	3.5766666666666667	2.992	2.716	2.8733333333333335	2.7186666666666666	2.4393333333333334	2.1073333333333335	2.146	2.219333333333333	2.2453333333333334	2.5993333333333335	2.6633333333333336	2.6973333333333334	2.6093333333333333	2.736	2.735333333333333	2.6786666666666665	2.6826666666666665	2.788666666666667	2.764	2.767333333333333	2.8033333333333332	2.982	3.584	3.844	3.9446666666666665	3.778	3.724	3.472	3.3986666666666667	3.412	3.382	3.2973333333333334	3.260666666666667	3.3226666666666667	3.1293333333333333	2.5473333333333334	2.19	2.0233333333333334	2.0886666666666667	1.9666666666666666	1.8213333333333332	1.848	1.8106666666666666	1.8086666666666666	1.752	1.7466666666666666	1.752	1.8373333333333333	1.6866666666666668	1.7573333333333334	1.7366666666666666	1.69	1.6846666666666668	1.6153333333333333	
4.360666666666667	3.497333333333333	2.856	2.7533333333333334	2.751333333333333	2.736666666666667	4.241333333333333	6.613333333333333	6.586	6.53	5.828	5.787333333333334	4.4013333333333335	4.33	4.400666666666667	4.328	4.328	4.137333333333333	3.8693333333333335	3.466	3.4153333333333333	3.434	3.3973333333333335	3.3593333333333333	3.28	3.37	3.3106666666666666	2.977333333333333	2.7333333333333334	2.703333333333333	2.7146666666666666	3.021333333333333	4.185333333333333	4.534	4.582	4.474	4.6146666666666665	4.618	4.668666666666667	4.634666666666667	4.228	3.715333333333333	3.7013333333333334	3.718	3.622	3.0533333333333332	2.7293333333333334	2.7453333333333334	2.73	2.490666666666667	2.199333333333333	2.1286666666666667	2.0926666666666667	2.2826666666666666	2.5993333333333335	2.608	2.732	2.686	2.684	2.756666666666667	2.7106666666666666	2.6933333333333334	2.764	2.816	2.8226666666666667	2.874	2.996	3.514666666666667	3.8033333333333332	3.868	3.802	3.74	3.4093333333333335	3.51	3.4606666666666666	3.541333333333333	3.4226666666666667	3.4233333333333333	3.3233333333333333	3.1506666666666665	2.546666666666667	2.126	2.106	2.0673333333333335	2.006	1.89	1.8493333333333333	1.7953333333333332	1.796	1.846	1.7626666666666666	1.7253333333333334	1.7913333333333334	1.7713333333333334	1.7193333333333334	1.6946666666666668	1.7006666666666668	1.7213333333333334	1.5926666666666667	
4.284666666666666	3.46	2.844	2.7266666666666666	2.763333333333333	2.712	4.346666666666667	6.680666666666666	6.620666666666667	6.512666666666667	5.884666666666667	5.860666666666667	4.560666666666667	4.318666666666667	4.292666666666666	4.354666666666667	4.213333333333333	4.124	3.8333333333333335	3.41	3.486666666666667	3.4046666666666665	3.464	3.3186666666666667	3.276	3.236666666666667	3.272666666666667	3.017333333333333	2.6246666666666667	2.644	2.6186666666666665	2.9433333333333334	4.2	4.506666666666667	4.448666666666667	4.57	4.468	4.640666666666666	4.588666666666667	4.554	4.285333333333333	3.86	3.6106666666666665	3.7026666666666666	3.6693333333333333	3.034666666666667	2.7173333333333334	2.7413333333333334	2.694	2.4686666666666666	2.1433333333333335	2.076	2.1006666666666667	2.226	2.5633333333333335	2.5206666666666666	2.652	2.63	2.735333333333333	2.6646666666666667	2.7826666666666666	2.6133333333333333	2.6773333333333333	2.7226666666666666	2.792666666666667	2.8486666666666665	2.9273333333333333	3.469333333333333	3.81	3.878	3.808666666666667	3.6066666666666665	3.417333333333333	3.3513333333333333	3.4133333333333336	3.356	3.382	3.252	3.244666666666667	3.1073333333333335	2.522	2.1346666666666665	2.0713333333333335	2.05	1.9833333333333334	1.8493333333333333	1.836	1.8513333333333333	1.726	1.7753333333333334	1.7686666666666666	1.7166666666666666	1.7393333333333334	1.75	1.7193333333333334	1.7353333333333334	1.7146666666666666	1.6426666666666667	1.5626666666666666	
4.203333333333333	3.525333333333333	2.8346666666666667	2.703333333333333	2.7093333333333334	2.7866666666666666	4.362666666666667	6.53	6.548666666666667	6.478	5.765333333333333	5.716666666666667	4.4093333333333335	4.442	4.398	4.235333333333333	4.258666666666667	4.064666666666667	3.8793333333333333	3.4873333333333334	3.402	3.474	3.392	3.1766666666666667	3.1353333333333335	3.256	3.174	2.9433333333333334	2.614	2.61	2.5793333333333335	2.87	4.228666666666666	4.542	4.518	4.465333333333334	4.6306666666666665	4.559333333333333	4.6306666666666665	4.438666666666666	4.179333333333333	3.7866666666666666	3.7226666666666666	3.714	3.532	3.0453333333333332	2.7293333333333334	2.7346666666666666	2.712	2.4033333333333333	2.0833333333333335	2.072	2.1186666666666665	2.2373333333333334	2.52	2.624	2.6646666666666667	2.6426666666666665	2.7186666666666666	2.774	2.732	2.658	2.73	2.7466666666666666	2.771333333333333	2.716	2.9553333333333334	3.4886666666666666	3.768	3.796	3.688	3.6213333333333333	3.4	3.436	3.3546666666666667	3.396	3.3606666666666665	3.326	3.22	3.1233333333333335	2.5833333333333335	2.1173333333333333	2.0926666666666667	2.0453333333333332	1.9386666666666668	1.8006666666666666	1.788	1.774	1.7293333333333334	1.76	1.74	1.7573333333333334	1.774	1.7426666666666666	1.7026666666666668	1.7893333333333334	1.664	1.6546666666666667	1.5373333333333334	
4.291333333333333	3.49	2.814	2.7613333333333334	2.702	2.67	4.398	6.667333333333334	6.359333333333334	6.37	5.684	5.726	4.449333333333334	4.466	4.362	4.306	4.294666666666667	4.121333333333333	3.812666666666667	3.3986666666666667	3.4546666666666668	3.382	3.3873333333333333	3.2426666666666666	3.1853333333333333	3.256666666666667	3.0833333333333335	3.0246666666666666	2.708	2.5726666666666667	2.632	2.8846666666666665	4.1706666666666665	4.453333333333333	4.392	4.461333333333333	4.5713333333333335	4.422	4.438666666666666	4.446666666666666	4.381333333333333	3.67	3.602	3.6453333333333333	3.6046666666666667	3.158	2.812	2.688	2.6906666666666665	2.4113333333333333	2.1213333333333333	2.0893333333333333	2.0906666666666665	2.2226666666666666	2.534666666666667	2.65	2.5573333333333332	2.6786666666666665	2.608	2.731333333333333	2.762	2.688	2.7493333333333334	2.780666666666667	2.868	2.76	2.98	3.466666666666667	3.786	3.864	3.724666666666667	3.706	3.3733333333333335	3.346	3.43	3.3406666666666665	3.3973333333333335	3.1733333333333333	3.2146666666666666	3.1213333333333333	2.446	2.1246666666666667	2.048	2.026	1.966	1.8393333333333333	1.8133333333333332	1.808	1.7673333333333334	1.7886666666666666	1.806	1.6993333333333334	1.744	1.6993333333333334	1.6906666666666668	1.6746666666666667	1.6673333333333333	1.6293333333333333	1.552	
4.212666666666666	3.4033333333333333	2.826	2.783333333333333	2.703333333333333	2.788666666666667	4.262	6.511333333333333	6.532666666666667	6.3773333333333335	5.752666666666666	5.693333333333333	4.3886666666666665	4.362666666666667	4.48	4.284	4.331333333333333	4.0553333333333335	3.846	3.4193333333333333	3.4246666666666665	3.461333333333333	3.271333333333333	3.218	3.171333333333333	3.1433333333333335	3.18	2.9553333333333334	2.707333333333333	2.6166666666666667	2.578666666666667	2.989333333333333	4.234	4.445333333333333	4.455333333333333	4.422	4.526666666666666	4.576	4.568	4.583333333333333	4.270666666666667	3.7906666666666666	3.5573333333333332	3.716	3.642	2.966	2.7226666666666666	2.7613333333333334	2.7266666666666666	2.4306666666666668	2.1013333333333333	2.0573333333333332	2.094	2.2346666666666666	2.548	2.6086666666666667	2.682	2.612	2.808666666666667	2.703333333333333	2.703333333333333	2.6946666666666665	2.691333333333333	2.7586666666666666	2.766	2.7933333333333334	2.985333333333333	3.4713333333333334	3.756	3.7573333333333334	3.784	3.6106666666666665	3.425333333333333	3.3726666666666665	3.332	3.3866666666666667	3.2493333333333334	3.136	3.235333333333333	3.070666666666667	2.582666666666667	2.2226666666666666	1.978	2.0433333333333334	1.9586666666666666	1.7593333333333334	1.7226666666666666	1.7493333333333334	1.74	1.7013333333333334	1.7386666666666666	1.7806666666666666	1.6713333333333333	1.6706666666666667	1.736	1.6946666666666668	1.6886666666666668	1.5946666666666667	1.5446666666666666	
4.268666666666666	3.452	2.764666666666667	2.752666666666667	2.6626666666666665	2.7013333333333334	4.3613333333333335	6.426	6.544666666666667	6.436	5.8053333333333335	5.61	4.429333333333333	4.445333333333333	4.322666666666667	4.208666666666667	4.312	4.040666666666667	3.8546666666666667	3.4393333333333334	3.5153333333333334	3.444	3.43	3.252	3.2106666666666666	3.1906666666666665	3.0473333333333334	2.9993333333333334	2.588	2.646	2.6126666666666667	2.862	4.104666666666667	4.4366666666666665	4.462666666666666	4.460666666666667	4.52	4.530666666666667	4.446	4.612666666666667	4.299333333333333	3.8853333333333335	3.608	3.747333333333333	3.494	2.9566666666666666	2.7133333333333334	2.699333333333333	2.6693333333333333	2.3713333333333333	2.164	2.058666666666667	2.0766666666666667	2.24	2.5833333333333335	2.5473333333333334	2.5906666666666665	2.704	2.6566666666666667	2.6146666666666665	2.62	2.6326666666666667	2.736	2.7533333333333334	2.740666666666667	2.743333333333333	2.868	3.498	3.7546666666666666	3.738	3.7346666666666666	3.636	3.3966666666666665	3.3746666666666667	3.38	3.260666666666667	3.3273333333333333	3.179333333333333	3.255333333333333	3.0966666666666667	2.5873333333333335	2.0993333333333335	2.0193333333333334	2.012	1.9586666666666666	1.816	1.774	1.7846666666666666	1.6893333333333334	1.7226666666666666	1.736	1.7453333333333334	1.7993333333333332	1.6673333333333333	1.706	1.7193333333333334	1.7206666666666666	1.6173333333333333	1.5653333333333332	
4.205333333333333	3.544	2.8673333333333333	2.6946666666666665	2.699333333333333	2.6813333333333333	4.307333333333333	6.538	6.461333333333333	6.331333333333333	5.738666666666667	5.667333333333334	4.47	4.284666666666666	4.418	4.314666666666667	4.252666666666666	4.076	3.8866666666666667	3.4113333333333333	3.3533333333333335	3.49	3.4166666666666665	3.25	3.16	3.132	3.2466666666666666	2.9406666666666665	2.6426666666666665	2.55	2.55	2.9	4.072	4.480666666666667	4.386666666666667	4.4206666666666665	4.473333333333334	4.5473333333333334	4.618	4.461333333333333	4.351333333333334	3.774	3.731333333333333	3.723333333333333	3.5813333333333333	2.9226666666666667	2.6886666666666668	2.748666666666667	2.6653333333333333	2.4486666666666665	2.188	2.054	2.0646666666666667	2.2333333333333334	2.4793333333333334	2.6086666666666667	2.614	2.6526666666666667	2.671333333333333	2.642	2.7026666666666666	2.672	2.747333333333333	2.676	2.8186666666666667	2.739333333333333	2.94	3.4873333333333334	3.8	3.912	3.711333333333333	3.55	3.3713333333333333	3.31	3.386	3.4006666666666665	3.292666666666667	3.216	3.224	3.1146666666666665	2.5353333333333334	2.102	2.030666666666667	2.0513333333333335	1.976	1.7926666666666666	1.7753333333333334	1.79	1.8126666666666666	1.7926666666666666	1.826	1.7833333333333334	1.7053333333333334	1.698	1.712	1.7073333333333334	1.638	1.6753333333333333	1.5546666666666666	
4.284	3.490666666666667	2.82	2.739333333333333	2.7346666666666666	2.712	4.4013333333333335	6.57	6.472666666666667	6.465333333333334	5.771333333333334	5.712666666666666	4.5986666666666665	4.318666666666667	4.386666666666667	4.292	4.438666666666666	4.018	3.888	3.516	3.3806666666666665	3.346	3.386	3.264666666666667	3.1773333333333333	3.2306666666666666	3.1406666666666667	2.966666666666667	2.596	2.6286666666666667	2.616	2.868	4.133333333333334	4.510666666666666	4.440666666666667	4.552	4.4046666666666665	4.444	4.626666666666667	4.472	4.235333333333333	3.711333333333333	3.6033333333333335	3.678	3.574666666666667	2.973333333333333	2.728666666666667	2.7306666666666666	2.7093333333333334	2.4306666666666668	2.1293333333333333	2.0933333333333333	2.084	2.203333333333333	2.552	2.556	2.726	2.5806666666666667	2.6773333333333333	2.584	2.6893333333333334	2.69	2.72	2.8073333333333332	2.743333333333333	2.85	2.9026666666666667	3.5073333333333334	3.79	3.836	3.8293333333333335	3.720666666666667	3.4713333333333334	3.402	3.338	3.3533333333333335	3.278	3.264666666666667	3.214	3.1326666666666667	2.5406666666666666	2.1013333333333333	2.0446666666666666	2.04	1.9946666666666666	1.7953333333333332	1.8	1.84	1.7966666666666666	1.7273333333333334	1.7393333333333334	1.7433333333333334	1.7506666666666666	1.6733333333333333	1.6813333333333333	1.7133333333333334	1.7193333333333334	1.65	1.55	
4.298	3.3733333333333335	2.902	2.732	2.7333333333333334	2.7053333333333334	4.3406666666666665	6.572666666666667	6.569333333333334	6.584	5.722	5.660666666666667	4.388	4.386666666666667	4.268	4.314	4.150666666666667	4.049333333333333	3.83	3.336	3.5	3.3473333333333333	3.4233333333333333	3.283333333333333	3.2046666666666668	3.1846666666666668	3.207333333333333	2.921333333333333	2.6973333333333334	2.6006666666666667	2.6026666666666665	2.7986666666666666	4.126666666666667	4.440666666666667	4.397333333333333	4.52	4.475333333333333	4.589333333333333	4.5986666666666665	4.508	4.238666666666667	3.816	3.683333333333333	3.7506666666666666	3.5766666666666667	3.001333333333333	2.7993333333333332	2.6886666666666668	2.695333333333333	2.406	2.1346666666666665	2.108	2.1033333333333335	2.3	2.6026666666666665	2.6293333333333333	2.634	2.622	2.711333333333333	2.698	2.6033333333333335	2.668	2.735333333333333	2.814	2.7866666666666666	2.8133333333333335	2.95	3.398	3.7346666666666666	3.7986666666666666	3.752	3.568	3.368	3.271333333333333	3.3626666666666667	3.366	3.316	3.198	3.184	3.014	2.512	2.203333333333333	2.0893333333333333	2.058	1.9766666666666666	1.8153333333333332	1.7593333333333334	1.7706666666666666	1.764	1.7093333333333334	1.6986666666666668	1.7653333333333334	1.804	1.7273333333333334	1.7306666666666666	1.696	1.6826666666666668	1.6346666666666667	1.542	
4.247333333333334	3.536	2.812666666666667	2.764	2.76	2.696	4.346666666666667	6.606	6.3933333333333335	6.503333333333333	5.714	5.731333333333334	4.512666666666667	4.394666666666667	4.382666666666666	4.234	4.262666666666667	4.032	3.818	3.4433333333333334	3.497333333333333	3.456	3.4273333333333333	3.2786666666666666	3.3113333333333332	3.184	3.216	2.964	2.695333333333333	2.6906666666666665	2.6626666666666665	3.0613333333333332	4.187333333333333	4.499333333333333	4.454666666666666	4.494666666666666	4.508	4.502666666666666	4.48	4.463333333333333	4.250666666666667	3.8233333333333333	3.748	3.720666666666667	3.5393333333333334	3.042	2.7953333333333332	2.6986666666666665	2.662	2.4506666666666668	2.2133333333333334	2.082	2.0946666666666665	2.1966666666666668	2.490666666666667	2.6366666666666667	2.683333333333333	2.632	2.675333333333333	2.632	2.6926666666666668	2.5933333333333333	2.743333333333333	2.748666666666667	2.7466666666666666	2.73	2.9886666666666666	3.602	3.8066666666666666	3.822	3.7046666666666668	3.6406666666666667	3.433333333333333	3.4473333333333334	3.4093333333333335	3.374	3.318	3.2186666666666666	3.2386666666666666	3.1066666666666665	2.5833333333333335	2.1386666666666665	2.0806666666666667	1.9733333333333334	1.916	1.8046666666666666	1.75	1.7566666666666666	1.8306666666666667	1.7766666666666666	1.7286666666666666	1.7286666666666666	1.752	1.7373333333333334	1.7066666666666668	1.7793333333333334	1.6966666666666668	1.6626666666666667	1.548	
4.299333333333333	3.4633333333333334	2.8533333333333335	2.732666666666667	2.7426666666666666	2.6653333333333333	4.36	6.562666666666667	6.419333333333333	6.559333333333333	5.802	5.694	4.488	4.303333333333334	4.367333333333334	4.293333333333333	4.348	4.049333333333333	3.8753333333333333	3.4546666666666668	3.456	3.4006666666666665	3.5406666666666666	3.3673333333333333	3.18	3.276666666666667	3.251333333333333	3.002666666666667	2.6906666666666665	2.55	2.6126666666666667	2.8533333333333335	4.115333333333333	4.437333333333333	4.379333333333333	4.516	4.478666666666666	4.577333333333334	4.492666666666667	4.492666666666667	4.435333333333333	3.812666666666667	3.7186666666666666	3.64	3.62	3.1226666666666665	2.736666666666667	2.716666666666667	2.676	2.456	2.1346666666666665	2.0166666666666666	2.1326666666666667	2.1893333333333334	2.504	2.6493333333333333	2.64	2.6446666666666667	2.654	2.683333333333333	2.696	2.683333333333333	2.75	2.7373333333333334	2.788666666666667	2.91	2.9053333333333335	3.5406666666666666	3.804666666666667	3.763333333333333	3.81	3.7106666666666666	3.4233333333333333	3.3013333333333335	3.454	3.402	3.282	3.246	3.260666666666667	3.1213333333333333	2.5813333333333333	2.1446666666666667	2.076	2.0966666666666667	1.876	1.7753333333333334	1.8806666666666667	1.8373333333333333	1.7653333333333334	1.802	1.744	1.7233333333333334	1.6953333333333334	1.756	1.712	1.7193333333333334	1.744	1.62	1.5373333333333334	
4.264666666666667	3.533333333333333	2.8946666666666667	2.7973333333333334	2.674	2.699333333333333	4.336	6.435333333333333	6.577333333333334	6.3966666666666665	5.666666666666667	5.798	4.408	4.322666666666667	4.280666666666667	4.3853333333333335	4.326	4.078666666666667	3.8866666666666667	3.406	3.5246666666666666	3.5126666666666666	3.476	3.224666666666667	3.235333333333333	3.280666666666667	3.3013333333333335	2.9546666666666668	2.68	2.6033333333333335	2.6093333333333333	2.8713333333333333	4.1273333333333335	4.489333333333334	4.498	4.502666666666666	4.597333333333333	4.566666666666666	4.454666666666666	4.504666666666667	4.304666666666667	3.7453333333333334	3.6766666666666667	3.7066666666666666	3.5993333333333335	3.0593333333333335	2.756	2.686	2.8173333333333335	2.461333333333333	2.1173333333333333	2.128	2.176	2.223333333333333	2.5326666666666666	2.6293333333333333	2.7213333333333334	2.6946666666666665	2.6466666666666665	2.7386666666666666	2.6973333333333334	2.6506666666666665	2.736666666666667	2.7773333333333334	2.7373333333333334	2.848	2.9646666666666666	3.5126666666666666	3.800666666666667	3.818	3.9266666666666667	3.6593333333333335	3.4386666666666668	3.3833333333333333	3.338	3.279333333333333	3.232666666666667	3.3826666666666667	3.236	3.118	2.6246666666666667	2.1146666666666665	2.0926666666666667	2.052	1.97	1.86	1.7893333333333334	1.8133333333333332	1.7493333333333334	1.7433333333333334	1.698	1.7926666666666666	1.7866666666666666	1.7633333333333334	1.7286666666666666	1.6933333333333334	1.734	1.6533333333333333	1.6	
4.3406666666666665	3.51	2.904	2.7306666666666666	2.764	2.7306666666666666	4.521333333333334	6.608	6.544	6.470666666666666	5.776	5.716	4.510666666666666	4.457333333333334	4.3933333333333335	4.3646666666666665	4.197333333333333	4.157333333333334	3.894	3.452	3.4106666666666667	3.5613333333333332	3.412	3.306	3.284666666666667	3.1893333333333334	3.171333333333333	3.034	2.6586666666666665	2.743333333333333	2.6226666666666665	3.0086666666666666	4.024666666666667	4.374666666666666	4.422	4.522	4.492	4.548	4.540666666666667	4.588666666666667	4.286	3.804666666666667	3.744	3.6893333333333334	3.5773333333333333	3.046	2.7	2.755333333333333	2.6893333333333334	2.5166666666666666	2.1233333333333335	2.11	2.1113333333333335	2.1286666666666667	2.466666666666667	2.6706666666666665	2.6193333333333335	2.622	2.6693333333333333	2.672	2.6546666666666665	2.804666666666667	2.7493333333333334	2.786	2.8133333333333335	2.752	2.929333333333333	3.514	3.814	3.802	3.791333333333333	3.618	3.5113333333333334	3.3766666666666665	3.3986666666666667	3.304666666666667	3.2226666666666666	3.308666666666667	3.296666666666667	3.026666666666667	2.510666666666667	2.1353333333333335	2.048	2.1193333333333335	1.9753333333333334	1.826	1.7906666666666666	1.7946666666666666	1.8333333333333333	1.8326666666666667	1.7486666666666666	1.768	1.714	1.7126666666666666	1.728	1.6926666666666668	1.7166666666666666	1.5953333333333333	1.5813333333333333	
4.322	3.572	2.892	2.751333333333333	2.6546666666666665	2.7466666666666666	4.397333333333333	6.596666666666667	6.506666666666667	6.3726666666666665	5.830666666666667	5.77	4.473333333333334	4.474666666666667	4.330666666666667	4.402666666666667	4.252	4.054666666666667	3.9093333333333335	3.3706666666666667	3.5933333333333333	3.384	3.469333333333333	3.2626666666666666	3.3	3.248666666666667	3.236666666666667	3.0946666666666665	2.7426666666666666	2.6226666666666665	2.739333333333333	3.014666666666667	4.148666666666666	4.49	4.403333333333333	4.514666666666667	4.492	4.570666666666667	4.63	4.592	4.205333333333333	3.8	3.7453333333333334	3.6066666666666665	3.6246666666666667	3.0566666666666666	2.7053333333333334	2.8173333333333335	2.7453333333333334	2.464	2.1893333333333334	2.11	2.134	2.2573333333333334	2.4873333333333334	2.6513333333333335	2.614	2.6593333333333335	2.6733333333333333	2.73	2.718	2.740666666666667	2.704	2.87	2.84	2.8606666666666665	2.946	3.622	3.8193333333333332	3.8226666666666667	3.779333333333333	3.5953333333333335	3.453333333333333	3.376	3.454	3.4566666666666666	3.406	3.234	3.260666666666667	3.1593333333333335	2.59	2.1706666666666665	2.104	2.1313333333333335	1.938	1.7713333333333334	1.8426666666666667	1.7833333333333334	1.81	1.7673333333333334	1.762	1.718	1.6833333333333333	1.7453333333333334	1.6913333333333334	1.7293333333333334	1.7113333333333334	1.6946666666666668	1.5686666666666667	
4.303333333333334	3.4713333333333334	2.828	2.7346666666666666	2.758	2.704	4.512	6.645333333333333	6.479333333333333	6.454	5.824666666666666	5.649333333333334	4.512666666666667	4.416	4.316666666666666	4.344666666666667	4.3373333333333335	4.078666666666667	3.9226666666666667	3.4646666666666666	3.544	3.394	3.5653333333333332	3.3173333333333335	3.2046666666666668	3.247333333333333	3.247333333333333	3.062	2.6653333333333333	2.736666666666667	2.658	2.961333333333333	4.204666666666666	4.424666666666667	4.51	4.434666666666667	4.55	4.616	4.6146666666666665	4.557333333333333	4.4	3.756	3.79	3.676	3.6166666666666667	3.054	2.7046666666666668	2.8173333333333335	2.702	2.404	2.1806666666666668	2.1046666666666667	2.215333333333333	2.239333333333333	2.5	2.6566666666666667	2.728666666666667	2.6633333333333336	2.695333333333333	2.7013333333333334	2.7866666666666666	2.7346666666666666	2.687333333333333	2.7773333333333334	2.9106666666666667	2.834	3.0553333333333335	3.4766666666666666	3.7293333333333334	3.7733333333333334	3.7986666666666666	3.699333333333333	3.5593333333333335	3.3706666666666667	3.4393333333333334	3.426	3.362	3.2946666666666666	3.2826666666666666	3.068	2.6046666666666667	2.1513333333333335	2.0513333333333335	2.025333333333333	1.9533333333333334	1.8633333333333333	1.86	1.8306666666666667	1.7966666666666666	1.738	1.762	1.7546666666666666	1.7686666666666666	1.708	1.7446666666666666	1.6533333333333333	1.6473333333333333	1.7246666666666666	1.5633333333333332	
4.199333333333334	3.5686666666666667	2.906	2.7546666666666666	2.744666666666667	2.702	4.334	6.6353333333333335	6.622	6.397333333333333	5.645333333333333	5.818666666666667	4.452	4.332666666666666	4.365333333333333	4.3646666666666665	4.3966666666666665	4.086	3.932	3.429333333333333	3.3886666666666665	3.4913333333333334	3.445333333333333	3.4266666666666667	3.21	3.228	3.208	3.042666666666667	2.666	2.698	2.634	3.052	4.195333333333333	4.441333333333334	4.508	4.436	4.511333333333333	4.604	4.504666666666667	4.486666666666666	4.3646666666666665	3.8186666666666667	3.638	3.7066666666666666	3.6266666666666665	2.994666666666667	2.7906666666666666	2.7853333333333334	2.648	2.3746666666666667	2.179333333333333	2.1813333333333333	2.1806666666666668	2.238	2.5606666666666666	2.6746666666666665	2.708666666666667	2.6266666666666665	2.772666666666667	2.731333333333333	2.771333333333333	2.6606666666666667	2.784666666666667	2.8113333333333332	2.716666666666667	2.7933333333333334	3.0406666666666666	3.5153333333333334	3.8373333333333335	3.822	3.8673333333333333	3.654	3.4526666666666666	3.3873333333333333	3.3253333333333335	3.2786666666666666	3.3746666666666667	3.2533333333333334	3.248	3.1406666666666667	2.5453333333333332	2.152	2.046	2.1	1.962	1.8066666666666666	1.8006666666666666	1.852	1.7493333333333334	1.7953333333333332	1.7413333333333334	1.7853333333333334	1.8326666666666667	1.7553333333333334	1.73	1.726	1.7506666666666666	1.6213333333333333	1.586	
4.287333333333334	3.570666666666667	2.8426666666666667	2.738	2.6973333333333334	2.652	4.368666666666667	6.576	6.397333333333333	6.328666666666667	5.694	5.762666666666667	4.408	4.358	4.308666666666666	4.335333333333334	4.326	4.14	4.115333333333333	3.44	3.514666666666667	3.4366666666666665	3.486	3.3346666666666667	3.2026666666666666	3.268	3.1933333333333334	2.9566666666666666	2.714	2.654	2.6013333333333333	2.914	4.113333333333333	4.564	4.47	4.495333333333333	4.480666666666667	4.540666666666667	4.55	4.471333333333333	4.156	3.796666666666667	3.7226666666666666	3.7293333333333334	3.64	3.054	2.6986666666666665	2.8033333333333332	2.788	2.484	2.1346666666666665	2.0566666666666666	2.1253333333333333	2.296666666666667	2.506	2.644	2.572	2.722	2.7133333333333334	2.7293333333333334	2.672	2.695333333333333	2.754	2.7893333333333334	2.84	2.8013333333333335	3.034666666666667	3.4993333333333334	3.832666666666667	3.779333333333333	3.722	3.5453333333333332	3.4993333333333334	3.5246666666666666	3.364	3.378	3.348	3.228	3.324666666666667	3.1666666666666665	2.5533333333333332	2.1033333333333335	2.1173333333333333	2.1333333333333333	1.9666666666666666	1.85	1.8533333333333333	1.764	1.718	1.7913333333333334	1.816	1.7666666666666666	1.7806666666666666	1.712	1.726	1.7833333333333334	1.7506666666666666	1.726	1.5313333333333334	
4.277333333333333	3.522666666666667	2.8593333333333333	2.768	2.719333333333333	2.676	4.381333333333333	6.67	6.475333333333333	6.42	5.833333333333333	5.680666666666666	4.467333333333333	4.309333333333333	4.338	4.248666666666667	4.3293333333333335	4.03	3.8186666666666667	3.4593333333333334	3.514666666666667	3.434	3.494	3.288	3.1533333333333333	3.296666666666667	3.3093333333333335	3.017333333333333	2.694	2.6686666666666667	2.68	2.966666666666667	4.112666666666667	4.520666666666667	4.404	4.469333333333333	4.498666666666667	4.544666666666667	4.572666666666667	4.486666666666666	4.244	3.8553333333333333	3.6553333333333335	3.6813333333333333	3.5766666666666667	3.05	2.743333333333333	2.7506666666666666	2.666	2.4633333333333334	2.152	2.1526666666666667	2.167333333333333	2.22	2.406	2.6573333333333333	2.529333333333333	2.6773333333333333	2.628	2.6546666666666665	2.7853333333333334	2.6726666666666667	2.78	2.720666666666667	2.7786666666666666	2.928	3.001333333333333	3.55	3.8546666666666667	3.8306666666666667	3.912	3.7293333333333334	3.485333333333333	3.4513333333333334	3.384	3.3773333333333335	3.3226666666666667	3.308666666666667	3.220666666666667	3.1146666666666665	2.528	2.0273333333333334	2.026	2.054	1.8913333333333333	1.8133333333333332	1.7673333333333334	1.814	1.8913333333333333	1.7546666666666666	1.7586666666666666	1.776	1.6946666666666668	1.7746666666666666	1.774	1.69	1.7166666666666666	1.7266666666666666	1.574	
4.310666666666667	3.4833333333333334	2.8413333333333335	2.6653333333333333	2.6906666666666665	2.618	4.295333333333334	6.499333333333333	6.519333333333333	6.394666666666667	5.660666666666667	5.6193333333333335	4.391333333333334	4.3933333333333335	4.342	4.362	4.266	4.044	3.768666666666667	3.3226666666666667	3.458666666666667	3.462666666666667	3.436	3.280666666666667	3.252666666666667	3.1546666666666665	3.2586666666666666	2.964	2.5953333333333335	2.656	2.5973333333333333	2.925333333333333	4.052	4.533333333333333	4.362666666666667	4.482666666666667	4.488	4.498	4.578	4.559333333333333	4.303333333333334	3.808666666666667	3.6393333333333335	3.67	3.5846666666666667	3.02	2.742	2.6926666666666668	2.7426666666666666	2.521333333333333	2.1666666666666665	2.078666666666667	2.098	2.196	2.517333333333333	2.679333333333333	2.5966666666666667	2.642	2.6486666666666667	2.748666666666667	2.708	2.679333333333333	2.679333333333333	2.808666666666667	2.864	2.8793333333333333	2.876	3.6206666666666667	3.723333333333333	3.866	3.7693333333333334	3.5573333333333332	3.4286666666666665	3.4913333333333334	3.35	3.398	3.3146666666666667	3.2773333333333334	3.256666666666667	3.1006666666666667	2.5726666666666667	2.191333333333333	2.062666666666667	2.046666666666667	1.95	1.7806666666666666	1.824	1.7533333333333334	1.774	1.7246666666666666	1.7973333333333332	1.7713333333333334	1.7453333333333334	1.768	1.6846666666666668	1.7466666666666666	1.7986666666666666	1.6646666666666667	1.574	
4.275333333333333	3.512	2.834	2.7653333333333334	2.666	2.692	4.36	6.522	6.471333333333333	6.466	5.760666666666666	5.618	4.506666666666667	4.392	4.302	4.24	4.302666666666667	4.100666666666666	3.8073333333333332	3.512	3.474	3.4086666666666665	3.3726666666666665	3.306	3.23	3.202	3.1826666666666665	3.0673333333333335	2.634	2.648	2.522666666666667	2.8853333333333335	4.181333333333333	4.402666666666667	4.414	4.480666666666667	4.489333333333334	4.554	4.446	4.489333333333334	4.3726666666666665	3.731333333333333	3.594	3.672	3.522	3.0113333333333334	2.791333333333333	2.652	2.758	2.489333333333333	2.1553333333333335	2.1126666666666667	2.1346666666666665	2.283333333333333	2.5433333333333334	2.6573333333333333	2.57	2.618	2.632	2.7	2.716	2.7293333333333334	2.7466666666666666	2.719333333333333	2.742	2.784	3.0206666666666666	3.5273333333333334	3.788666666666667	3.7306666666666666	3.7733333333333334	3.5573333333333332	3.4446666666666665	3.422	3.4273333333333333	3.314	3.267333333333333	3.264666666666667	3.1726666666666667	3.0926666666666667	2.454	2.1173333333333333	2.0366666666666666	2.0613333333333332	1.992	1.836	1.7473333333333334	1.7593333333333334	1.7453333333333334	1.74	1.7306666666666666	1.724	1.7386666666666666	1.7126666666666666	1.7113333333333334	1.7133333333333334	1.688	1.6446666666666667	1.5953333333333333	
4.172666666666666	3.4726666666666666	2.878	2.704	2.727333333333333	2.6746666666666665	4.257333333333333	6.530666666666667	6.381333333333333	6.382	5.704666666666666	5.702	4.436	4.3646666666666665	4.279333333333334	4.225333333333333	4.214	3.9766666666666666	3.8606666666666665	3.4266666666666667	3.364	3.3613333333333335	3.404	3.284	3.1473333333333335	3.1546666666666665	3.14	2.974	2.687333333333333	2.57	2.602	2.946	4.074666666666666	4.352666666666667	4.4013333333333335	4.3613333333333335	4.3213333333333335	4.473333333333334	4.494	4.529333333333334	4.280666666666667	3.7293333333333334	3.69	3.6313333333333335	3.476	3.024	2.7146666666666666	2.720666666666667	2.6973333333333334	2.4313333333333333	2.1893333333333334	2.0753333333333335	2.106	2.276666666666667	2.449333333333333	2.6286666666666667	2.6526666666666667	2.5573333333333332	2.6093333333333333	2.6766666666666667	2.6933333333333334	2.564	2.675333333333333	2.7546666666666666	2.728666666666667	2.752666666666667	2.9226666666666667	3.478666666666667	3.7426666666666666	3.747333333333333	3.768	3.6086666666666667	3.3653333333333335	3.4026666666666667	3.3446666666666665	3.292	3.280666666666667	3.248666666666667	3.2053333333333334	3.148	2.482666666666667	2.1266666666666665	2.0166666666666666	2.058	1.8926666666666667	1.796	1.768	1.742	1.786	1.7413333333333334	1.7553333333333334	1.7333333333333334	1.758	1.7033333333333334	1.7173333333333334	1.6413333333333333	1.6766666666666667	1.6673333333333333	1.5493333333333332	
4.230666666666667	3.4593333333333334	2.798	2.748666666666667	2.684	2.707333333333333	4.246666666666667	6.5553333333333335	6.533333333333333	6.307333333333333	5.690666666666667	5.6593333333333335	4.456	4.243333333333333	4.242	4.298	4.207333333333334	4.114	3.8273333333333333	3.3713333333333333	3.4113333333333333	3.4046666666666665	3.354	3.166	3.234	3.243333333333333	3.1646666666666667	2.9353333333333333	2.6293333333333333	2.6466666666666665	2.6033333333333335	2.8106666666666666	4.088	4.421333333333333	4.328	4.38	4.456666666666667	4.516666666666667	4.586666666666667	4.496	4.1433333333333335	3.7946666666666666	3.7133333333333334	3.682	3.566666666666667	3.014	2.740666666666667	2.734	2.728666666666667	2.4766666666666666	2.098	2.0686666666666667	2.1	2.248666666666667	2.538	2.646	2.69	2.6053333333333333	2.6706666666666665	2.652	2.6973333333333334	2.6846666666666668	2.6946666666666665	2.7026666666666666	2.7053333333333334	2.756666666666667	2.884	3.5473333333333334	3.822	3.7453333333333334	3.671333333333333	3.5733333333333333	3.4146666666666667	3.3306666666666667	3.334	3.3693333333333335	3.284666666666667	3.226	3.368	3.042	2.5993333333333335	2.0773333333333333	2.1	1.9893333333333334	1.8953333333333333	1.8806666666666667	1.8086666666666666	1.8186666666666667	1.7473333333333334	1.7193333333333334	1.7773333333333334	1.8206666666666667	1.7446666666666666	1.6906666666666668	1.6746666666666667	1.702	1.7093333333333334	1.598	1.5653333333333332	
4.219333333333333	3.4053333333333335	2.8306666666666667	2.703333333333333	2.672	2.63	4.206666666666667	6.39	6.323333333333333	6.192666666666667	5.62	5.553333333333334	4.373333333333333	4.243333333333333	4.3053333333333335	4.229333333333333	4.176666666666667	4.0873333333333335	3.7546666666666666	3.3733333333333335	3.425333333333333	3.228	3.3373333333333335	3.22	3.1393333333333335	3.1766666666666667	3.1066666666666665	2.986	2.6433333333333335	2.6446666666666667	2.536	2.876	3.985333333333333	4.338666666666667	4.334	4.324	4.428	4.444	4.352666666666667	4.342666666666666	4.174666666666667	3.7293333333333334	3.7253333333333334	3.58	3.469333333333333	2.876	2.6893333333333334	2.588	2.6346666666666665	2.3053333333333335	2.1133333333333333	2.0313333333333334	2.054666666666667	2.1593333333333335	2.44	2.614	2.683333333333333	2.6393333333333335	2.686	2.7453333333333334	2.5733333333333333	2.695333333333333	2.723333333333333	2.7626666666666666	2.7946666666666666	2.76	2.9106666666666667	3.3746666666666667	3.664	3.6273333333333335	3.728	3.498	3.376	3.326	3.3546666666666667	3.272	3.260666666666667	3.224	3.276	3.15	2.5	2.0693333333333332	1.9846666666666666	2.0553333333333335	1.97	1.7146666666666666	1.688	1.7866666666666666	1.7246666666666666	1.738	1.6953333333333334	1.6926666666666668	1.804	1.71	1.6773333333333333	1.7693333333333334	1.6413333333333333	1.65	1.5666666666666667	
4.207333333333334	3.3353333333333333	2.756666666666667	2.719333333333333	2.6746666666666665	2.6966666666666668	4.251333333333333	6.391333333333334	6.342	6.244666666666666	5.6546666666666665	5.609333333333334	4.357333333333333	4.2026666666666666	4.293333333333333	4.216666666666667	4.172	4.018	3.728666666666667	3.268	3.446	3.45	3.2546666666666666	3.168	3.1746666666666665	3.138	3.122	2.8853333333333335	2.568	2.5946666666666665	2.5513333333333335	2.8806666666666665	4.058	4.3213333333333335	4.400666666666667	4.322	4.472666666666667	4.419333333333333	4.476	4.4	4.204666666666666	3.7213333333333334	3.4966666666666666	3.594	3.542666666666667	2.988	2.688	2.7266666666666666	2.726	2.378	2.032	2.0813333333333333	2.0446666666666666	2.207333333333333	2.465333333333333	2.5893333333333333	2.6066666666666665	2.6026666666666665	2.712	2.5646666666666667	2.6213333333333333	2.682	2.6486666666666667	2.6866666666666665	2.724	2.6066666666666665	2.8793333333333333	3.4286666666666665	3.666	3.6733333333333333	3.6393333333333335	3.4486666666666665	3.3946666666666667	3.342	3.3573333333333335	3.2386666666666666	3.1553333333333335	3.184	3.236	3.1173333333333333	2.530666666666667	2.05	2.0313333333333334	1.982	1.866	1.7853333333333334	1.7593333333333334	1.7486666666666666	1.7346666666666666	1.736	1.726	1.6853333333333333	1.7506666666666666	1.6466666666666667	1.6746666666666667	1.736	1.68	1.654	1.5413333333333334	
4.206	3.458	2.764666666666667	2.6546666666666665	2.6066666666666665	2.6266666666666665	4.213333333333333	6.553333333333334	6.3133333333333335	6.254666666666667	5.684666666666667	5.62	4.32	4.257333333333333	4.201333333333333	4.280666666666667	4.171333333333333	3.9393333333333334	3.856	3.3306666666666667	3.3526666666666665	3.32	3.288666666666667	3.158	3.144	3.16	3.034	2.954	2.6146666666666665	2.5853333333333333	2.6093333333333333	2.894	4.1193333333333335	4.406666666666666	4.29	4.265333333333333	4.370666666666667	4.464	4.46	4.386666666666667	4.092666666666666	3.714	3.5733333333333333	3.5513333333333335	3.5833333333333335	2.9246666666666665	2.6773333333333333	2.676	2.674	2.3933333333333335	2.066666666666667	1.99	2.062666666666667	2.14	2.418	2.5446666666666666	2.5713333333333335	2.6053333333333333	2.604	2.5846666666666667	2.6246666666666667	2.684	2.5873333333333335	2.744	2.6746666666666665	2.72	2.8633333333333333	3.4146666666666667	3.754	3.6853333333333333	3.719333333333333	3.432	3.448	3.278	3.2953333333333332	3.252	3.239333333333333	3.1246666666666667	3.1826666666666665	3.0593333333333335	2.445333333333333	2.0873333333333335	2.0453333333333332	1.978	1.87	1.8166666666666667	1.788	1.698	1.748	1.7273333333333334	1.7713333333333334	1.6286666666666667	1.7313333333333334	1.6846666666666668	1.664	1.696	1.63	1.5893333333333333	1.5613333333333332	
4.107333333333333	3.4013333333333335	2.8253333333333335	2.6813333333333333	2.6426666666666665	2.5993333333333335	4.238666666666667	6.332666666666666	6.394666666666667	6.281333333333333	5.637333333333333	5.666666666666667	4.426666666666667	4.312	4.1386666666666665	4.324666666666666	4.1866666666666665	4.059333333333333	3.7046666666666668	3.322	3.3013333333333335	3.3153333333333332	3.308666666666667	3.227333333333333	3.1026666666666665	3.1106666666666665	3.0486666666666666	2.934	2.542666666666667	2.5913333333333335	2.6066666666666665	2.8993333333333333	4.060666666666667	4.3806666666666665	4.354	4.355333333333333	4.433333333333334	4.334	4.376	4.35	4.262	3.7	3.6166666666666667	3.6053333333333333	3.5713333333333335	2.933333333333333	2.68	2.714	2.6686666666666667	2.36	2.082	2.0606666666666666	1.97	2.142	2.432	2.578666666666667	2.564	2.6273333333333335	2.6073333333333335	2.636	2.632	2.6266666666666665	2.7093333333333334	2.7013333333333334	2.691333333333333	2.695333333333333	2.8773333333333335	3.378	3.711333333333333	3.7373333333333334	3.671333333333333	3.4846666666666666	3.3386666666666667	3.31	3.302	3.244	3.203333333333333	3.1893333333333334	3.1766666666666667	2.98	2.4793333333333334	2.0733333333333333	2.058	1.978	1.9413333333333334	1.8733333333333333	1.7293333333333334	1.712	1.75	1.7	1.6973333333333334	1.74	1.674	1.7553333333333334	1.6473333333333333	1.634	1.63	1.606	1.5193333333333334	
4.1193333333333335	3.432	2.783333333333333	2.6606666666666667	2.691333333333333	2.6213333333333333	4.304	6.542	6.378666666666667	6.238666666666667	5.538	5.618666666666667	4.328666666666667	4.23	4.236666666666666	4.168666666666667	4.196666666666666	3.9073333333333333	3.856	3.3793333333333333	3.3233333333333333	3.3866666666666667	3.308	3.2573333333333334	3.108	3.1653333333333333	3.1166666666666667	2.84	2.5866666666666664	2.5833333333333335	2.5726666666666667	2.728666666666667	4.019333333333333	4.341333333333333	4.284666666666666	4.384666666666667	4.371333333333333	4.466666666666667	4.397333333333333	4.450666666666667	4.192	3.6706666666666665	3.6533333333333333	3.5733333333333333	3.5193333333333334	3.0353333333333334	2.638	2.6693333333333333	2.6886666666666668	2.3906666666666667	2.12	2.0753333333333335	1.9946666666666666	2.1433333333333335	2.516	2.582	2.6026666666666665	2.558666666666667	2.6	2.5726666666666667	2.6446666666666667	2.6186666666666665	2.6493333333333333	2.708666666666667	2.744666666666667	2.6593333333333335	2.942	3.4366666666666665	3.698	3.674	3.6606666666666667	3.518666666666667	3.3573333333333335	3.334	3.2773333333333334	3.2893333333333334	3.234	3.1806666666666668	3.223333333333333	3.05	2.564	2.07	2.034	2.002	1.8346666666666667	1.804	1.7993333333333332	1.7173333333333334	1.7606666666666666	1.7426666666666666	1.6913333333333334	1.6613333333333333	1.6933333333333334	1.7353333333333334	1.662	1.744	1.666	1.5653333333333332	1.486	
4.166666666666667	3.453333333333333	2.8833333333333333	2.6733333333333333	2.6333333333333333	2.5886666666666667	4.258	6.537333333333334	6.332	6.283333333333333	5.640666666666666	5.594666666666667	4.319333333333334	4.220666666666666	4.278666666666667	4.220666666666666	4.192666666666667	4.010666666666666	3.8353333333333333	3.3653333333333335	3.378	3.332666666666667	3.3433333333333333	3.1426666666666665	3.1506666666666665	3.108	3.1193333333333335	2.8713333333333333	2.6386666666666665	2.5273333333333334	2.586	2.826	4.018	4.332666666666666	4.445333333333333	4.328666666666667	4.346	4.362666666666667	4.435333333333333	4.503333333333333	4.264666666666667	3.718	3.6126666666666667	3.5873333333333335	3.3886666666666665	2.8833333333333333	2.6286666666666667	2.712666666666667	2.6033333333333335	2.406	2.088	2.070666666666667	2.1046666666666667	2.128	2.416	2.554666666666667	2.546	2.6246666666666667	2.578666666666667	2.518666666666667	2.596	2.6486666666666667	2.694	2.686	2.776666666666667	2.77	2.896	3.378	3.6926666666666668	3.779333333333333	3.743333333333333	3.546666666666667	3.3786666666666667	3.336	3.3553333333333333	3.3293333333333335	3.2493333333333334	3.219333333333333	3.076	2.941333333333333	2.4873333333333334	2.1	2.0726666666666667	1.986	1.9006666666666667	1.7753333333333334	1.7633333333333334	1.6873333333333334	1.7786666666666666	1.6973333333333334	1.79	1.686	1.7653333333333334	1.7133333333333334	1.7393333333333334	1.6726666666666667	1.644	1.628	1.54	
4.0873333333333335	3.414	2.707333333333333	2.728666666666667	2.672	2.6566666666666667	4.253333333333333	6.530666666666667	6.350666666666666	6.316	5.6226666666666665	5.702	4.426	4.217333333333333	4.28	4.202	4.1353333333333335	4.082	3.8386666666666667	3.275333333333333	3.372	3.2953333333333332	3.308666666666667	3.21	3.072	3.092	3.1246666666666667	2.8593333333333333	2.5906666666666665	2.642	2.55	2.828	3.9393333333333334	4.429333333333333	4.372	4.487333333333333	4.464	4.502	4.5633333333333335	4.456	4.247333333333334	3.667333333333333	3.6173333333333333	3.6333333333333333	3.534666666666667	2.9726666666666666	2.6693333333333333	2.731333333333333	2.7006666666666668	2.3553333333333333	2.1353333333333335	2.041333333333333	2.025333333333333	2.144	2.4093333333333335	2.618	2.578	2.588	2.5966666666666667	2.616	2.6066666666666665	2.7106666666666666	2.6766666666666667	2.767333333333333	2.703333333333333	2.768666666666667	2.9393333333333334	3.505333333333333	3.727333333333333	3.812666666666667	3.6846666666666668	3.506	3.4526666666666666	3.312	3.3073333333333332	3.34	3.278	3.179333333333333	3.1326666666666667	3.0493333333333332	2.5366666666666666	2.022666666666667	2.0393333333333334	1.986	1.9273333333333333	1.7866666666666666	1.78	1.766	1.716	1.6873333333333334	1.706	1.716	1.7593333333333334	1.6766666666666667	1.7266666666666666	1.734	1.664	1.652	1.5466666666666666	
4.125333333333334	3.394	2.767333333333333	2.692	2.6933333333333334	2.6493333333333333	4.265333333333333	6.515333333333333	6.322	6.386666666666667	5.729333333333333	5.642666666666667	4.338666666666667	4.226666666666667	4.342	4.242	4.211333333333333	4.099333333333333	3.8433333333333333	3.296666666666667	3.278	3.2173333333333334	3.3746666666666667	3.199333333333333	3.134	3.162	3.158	2.9246666666666665	2.606	2.628	2.5866666666666664	2.908	4.004666666666667	4.3726666666666665	4.440666666666667	4.344666666666667	4.478	4.489333333333334	4.540666666666667	4.454666666666666	4.276666666666666	3.72	3.578	3.6413333333333333	3.576	2.9406666666666665	2.66	2.6813333333333333	2.646	2.42	2.0646666666666667	2.078666666666667	2.0686666666666667	2.184	2.4766666666666666	2.534	2.5806666666666667	2.6466666666666665	2.632	2.676	2.7346666666666666	2.6613333333333333	2.6826666666666665	2.6986666666666665	2.716	2.759333333333333	2.8726666666666665	3.4086666666666665	3.7466666666666666	3.808	3.724	3.6733333333333333	3.3366666666666664	3.4106666666666667	3.372	3.263333333333333	3.2106666666666666	3.1506666666666665	3.104	3.0353333333333334	2.4606666666666666	2.0793333333333335	2.0633333333333335	2.0366666666666666	1.9646666666666666	1.7606666666666666	1.7386666666666666	1.8013333333333332	1.772	1.7146666666666666	1.772	1.7093333333333334	1.7386666666666666	1.7166666666666666	1.6786666666666668	1.6373333333333333	1.7	1.664	1.5146666666666666	
4.156666666666666	3.422	2.834	2.720666666666667	2.751333333333333	2.6393333333333335	4.298	6.633333333333334	6.422666666666666	6.49	5.605333333333333	5.644	4.328	4.348	4.193333333333333	4.223333333333334	4.258	3.926	3.787333333333333	3.354	3.4133333333333336	3.378	3.342	3.2006666666666668	3.1613333333333333	3.058666666666667	3.1253333333333333	2.973333333333333	2.5793333333333335	2.541333333333333	2.6233333333333335	2.8653333333333335	4.076	4.434	4.460666666666667	4.387333333333333	4.478666666666666	4.526666666666666	4.510666666666666	4.466	4.254666666666667	3.759333333333333	3.668	3.7046666666666668	3.5233333333333334	2.961333333333333	2.6613333333333333	2.688	2.65	2.3833333333333333	2.088	2.025333333333333	2.098	2.2506666666666666	2.5493333333333332	2.5713333333333335	2.6053333333333333	2.568	2.5873333333333335	2.6213333333333333	2.588	2.6813333333333333	2.6826666666666665	2.7006666666666668	2.7626666666666666	2.728666666666667	2.8933333333333335	3.3786666666666667	3.75	3.7906666666666666	3.6886666666666668	3.6113333333333335	3.432	3.4286666666666665	3.4	3.348	3.2866666666666666	3.1453333333333333	3.211333333333333	3.074666666666667	2.5286666666666666	2.092	2.018	2.0553333333333335	1.968	1.8653333333333333	1.7326666666666666	1.7873333333333334	1.7953333333333332	1.7826666666666666	1.7613333333333334	1.7666666666666666	1.7033333333333334	1.742	1.698	1.692	1.6673333333333333	1.596	1.5426666666666666	
4.167333333333334	3.4766666666666666	2.822	2.7826666666666666	2.6566666666666667	2.5853333333333333	4.336666666666667	6.6033333333333335	6.506666666666667	6.430666666666666	5.788666666666667	5.740666666666667	4.382	4.248666666666667	4.344666666666667	4.292	4.28	3.985333333333333	3.736	3.3146666666666667	3.3613333333333335	3.308	3.4386666666666668	3.1593333333333335	3.148	3.1613333333333333	3.0766666666666667	2.949333333333333	2.574666666666667	2.5933333333333333	2.5553333333333335	2.81	4.0553333333333335	4.431333333333333	4.394	4.522666666666667	4.520666666666667	4.546666666666667	4.5953333333333335	4.520666666666667	4.276666666666666	3.724	3.6686666666666667	3.678	3.554666666666667	3.0006666666666666	2.707333333333333	2.65	2.634	2.3366666666666664	2.096	2.0973333333333333	2.0233333333333334	2.122	2.408	2.6253333333333333	2.5533333333333332	2.604	2.5973333333333333	2.6506666666666665	2.674	2.6293333333333333	2.747333333333333	2.6853333333333333	2.739333333333333	2.760666666666667	2.9066666666666667	3.5206666666666666	3.760666666666667	3.758	3.77	3.6266666666666665	3.4446666666666665	3.376	3.32	3.3933333333333335	3.25	3.232	3.224666666666667	3.0813333333333333	2.494	2.1166666666666667	2.050666666666667	2.017333333333333	1.9266666666666667	1.7873333333333334	1.7506666666666666	1.772	1.746	1.7646666666666666	1.72	1.724	1.686	1.6786666666666668	1.6593333333333333	1.6773333333333333	1.6973333333333334	1.6066666666666667	1.516	
4.1593333333333335	3.522	2.822	2.7213333333333334	2.6606666666666667	2.7213333333333334	4.312666666666667	6.6273333333333335	6.542	6.492	5.632666666666666	5.786666666666667	4.484	4.309333333333333	4.212666666666666	4.254	4.258666666666667	4.008666666666667	3.7986666666666666	3.296666666666667	3.3453333333333335	3.2973333333333334	3.276666666666667	3.1966666666666668	3.1366666666666667	3.172	3.166	2.8553333333333333	2.6533333333333333	2.618	2.533333333333333	2.8586666666666667	4.250666666666667	4.364	4.41	4.446666666666666	4.489333333333334	4.475333333333333	4.504666666666667	4.5473333333333334	4.2973333333333334	3.8153333333333332	3.786	3.771333333333333	3.4713333333333334	3.022	2.6973333333333334	2.6893333333333334	2.6773333333333333	2.458	2.0773333333333333	2.010666666666667	2.0853333333333333	2.195333333333333	2.4833333333333334	2.4966666666666666	2.554666666666667	2.578	2.6453333333333333	2.6246666666666667	2.7006666666666668	2.656	2.6326666666666667	2.6906666666666665	2.7413333333333334	2.728666666666667	3.014666666666667	3.4113333333333333	3.78	3.8953333333333333	3.8826666666666667	3.576	3.4346666666666668	3.4126666666666665	3.33	3.2506666666666666	3.3226666666666667	3.2066666666666666	3.1526666666666667	3.068	2.506666666666667	2.126	2.0866666666666664	2.038	2.038	1.8453333333333333	1.708	1.8046666666666666	1.7266666666666666	1.7126666666666666	1.7153333333333334	1.696	1.7813333333333334	1.7686666666666666	1.682	1.7073333333333334	1.72	1.5686666666666667	1.592	
4.191333333333334	3.37	2.776666666666667	2.7133333333333334	2.7266666666666666	2.626	4.431333333333333	6.614	6.501333333333333	6.534666666666666	5.824666666666666	5.641333333333334	4.507333333333333	4.327333333333334	4.354	4.226666666666667	4.294666666666667	4.045333333333334	3.808	3.3606666666666665	3.3826666666666667	3.3833333333333333	3.3693333333333335	3.239333333333333	3.1466666666666665	3.1413333333333333	3.11	2.921333333333333	2.5713333333333335	2.572	2.618	2.9086666666666665	4.104	4.448	4.4093333333333335	4.34	4.535333333333333	4.522	4.598	4.573333333333333	4.192	3.7213333333333334	3.767333333333333	3.65	3.562	2.9913333333333334	2.6926666666666668	2.7213333333333334	2.638	2.388	2.044	2.025333333333333	2.062666666666667	2.1886666666666668	2.4606666666666666	2.6146666666666665	2.5966666666666667	2.6633333333333336	2.671333333333333	2.5873333333333335	2.666	2.6846666666666668	2.7373333333333334	2.7213333333333334	2.7533333333333334	2.796666666666667	2.8786666666666667	3.462666666666667	3.7746666666666666	3.8113333333333332	3.8053333333333335	3.578	3.33	3.36	3.368	3.3366666666666664	3.284	3.2626666666666666	3.242	3.1066666666666665	2.596	2.0406666666666666	2.0206666666666666	2.1146666666666665	1.9146666666666667	1.7733333333333334	1.8053333333333332	1.7266666666666666	1.7046666666666668	1.7573333333333334	1.754	1.7633333333333334	1.7106666666666666	1.714	1.6853333333333333	1.7313333333333334	1.7253333333333334	1.6486666666666667	1.518	
4.224666666666667	3.4546666666666668	2.87	2.7186666666666666	2.687333333333333	2.66	4.322	6.575333333333333	6.573333333333333	6.470666666666666	5.717333333333333	5.6626666666666665	4.330666666666667	4.38	4.223333333333334	4.232	4.206	4.004666666666667	3.8	3.417333333333333	3.4326666666666665	3.252666666666667	3.284	3.302	3.1286666666666667	3.198	3.2046666666666668	2.8486666666666665	2.6686666666666667	2.6926666666666668	2.564	2.966666666666667	4.162	4.602666666666667	4.4206666666666665	4.486666666666666	4.612	4.548	4.494666666666666	4.517333333333333	4.275333333333333	3.8053333333333335	3.7666666666666666	3.6906666666666665	3.5813333333333333	3.02	2.699333333333333	2.735333333333333	2.6146666666666665	2.47	2.1106666666666665	2.0793333333333335	2.1133333333333333	2.2053333333333334	2.482	2.723333333333333	2.695333333333333	2.716666666666667	2.6226666666666665	2.6226666666666665	2.728	2.6646666666666667	2.711333333333333	2.8353333333333333	2.712666666666667	2.7946666666666666	2.9486666666666665	3.5686666666666667	3.736666666666667	3.838	3.8106666666666666	3.7046666666666668	3.3946666666666667	3.3926666666666665	3.3486666666666665	3.306	3.246	3.2893333333333334	3.256666666666667	3.1866666666666665	2.5406666666666666	2.0866666666666664	2.022	2.0946666666666665	1.952	1.8113333333333332	1.7926666666666666	1.766	1.8053333333333332	1.728	1.7706666666666666	1.772	1.7793333333333334	1.7293333333333334	1.706	1.67	1.6993333333333334	1.6326666666666667	1.5926666666666667	
4.28	3.464	2.751333333333333	2.759333333333333	2.707333333333333	2.6893333333333334	4.352666666666667	6.674	6.518	6.479333333333333	5.658666666666667	5.746666666666667	4.487333333333333	4.349333333333333	4.350666666666666	4.28	4.234	4.04	3.7813333333333334	3.473333333333333	3.3913333333333333	3.4806666666666666	3.368	3.2213333333333334	3.182	3.13	3.1033333333333335	2.8173333333333335	2.6326666666666667	2.566666666666667	2.5913333333333335	2.8886666666666665	4.1866666666666665	4.466	4.47	4.495333333333333	4.581333333333333	4.554	4.588666666666667	4.582666666666666	4.274666666666667	3.848	3.7013333333333334	3.675333333333333	3.606	3.038666666666667	2.7453333333333334	2.6706666666666665	2.59	2.4053333333333335	2.1346666666666665	2.0853333333333333	2.0206666666666666	2.144	2.4513333333333334	2.5533333333333332	2.6366666666666667	2.667333333333333	2.6866666666666665	2.6386666666666665	2.6813333333333333	2.7226666666666666	2.747333333333333	2.7786666666666666	2.744	2.744	2.94	3.5246666666666666	3.7893333333333334	3.8906666666666667	3.739333333333333	3.6373333333333333	3.429333333333333	3.3986666666666667	3.388	3.316	3.244666666666667	3.1933333333333334	3.1966666666666668	3.0313333333333334	2.544	2.1153333333333335	2.0593333333333335	2.0433333333333334	1.898	1.8406666666666667	1.8206666666666667	1.76	1.7126666666666666	1.774	1.6893333333333334	1.826	1.7593333333333334	1.6946666666666668	1.7106666666666666	1.682	1.716	1.6553333333333333	1.578	
4.074666666666666	3.4026666666666667	2.8093333333333335	2.760666666666667	2.73	2.646	4.358666666666666	6.728666666666666	6.594666666666667	6.446666666666666	5.836666666666667	5.803333333333334	4.439333333333333	4.185333333333333	4.292	4.298	4.356	4.093333333333334	3.814	3.421333333333333	3.3553333333333333	3.3786666666666667	3.4306666666666668	3.191333333333333	3.1046666666666667	3.206	3.186	2.9306666666666668	2.612	2.61	2.6566666666666667	2.9286666666666665	4.1273333333333335	4.433333333333334	4.464666666666667	4.600666666666666	4.5	4.556	4.616	4.574666666666666	4.349333333333333	3.782	3.752	3.6506666666666665	3.541333333333333	3.054	2.666	2.682	2.6033333333333335	2.342	2.0533333333333332	2.1173333333333333	2.076	2.1053333333333333	2.4806666666666666	2.602	2.5713333333333335	2.5986666666666665	2.654	2.6386666666666665	2.675333333333333	2.6486666666666667	2.739333333333333	2.7266666666666666	2.752	2.7826666666666666	2.948	3.4593333333333334	3.6853333333333333	3.832	3.739333333333333	3.732666666666667	3.509333333333333	3.4153333333333333	3.332666666666667	3.3606666666666665	3.31	3.3	3.2893333333333334	3.1346666666666665	2.529333333333333	2.1826666666666665	2.0233333333333334	2.062	1.9186666666666667	1.8786666666666667	1.722	1.7713333333333334	1.7453333333333334	1.758	1.7086666666666666	1.7526666666666666	1.674	1.6913333333333334	1.6993333333333334	1.7446666666666666	1.7166666666666666	1.6446666666666667	1.542	
4.262	3.3973333333333335	2.838	2.747333333333333	2.7	2.752	4.417333333333334	6.552666666666667	6.600666666666666	6.5873333333333335	5.738	5.751333333333333	4.362666666666667	4.308	4.276	4.312666666666667	4.229333333333333	4.022666666666667	3.804	3.3433333333333333	3.3813333333333335	3.384	3.372	3.1166666666666667	3.0866666666666664	3.2146666666666666	3.1286666666666667	2.952	2.6306666666666665	2.674	2.534666666666667	2.9166666666666665	4.176	4.518	4.470666666666666	4.566	4.5953333333333335	4.5553333333333335	4.51	4.5633333333333335	4.129333333333333	3.76	3.696	3.788666666666667	3.6453333333333333	3.056	2.702	2.6113333333333335	2.679333333333333	2.456	2.056	2.058666666666667	2.112	2.1633333333333336	2.493333333333333	2.58	2.5853333333333333	2.5906666666666665	2.664	2.6946666666666665	2.6746666666666665	2.6506666666666665	2.7293333333333334	2.838	2.776666666666667	2.816	2.978	3.434	3.796	3.808666666666667	3.7053333333333334	3.6126666666666667	3.433333333333333	3.4086666666666665	3.4133333333333336	3.4026666666666667	3.2253333333333334	3.324666666666667	3.2013333333333334	3.0833333333333335	2.533333333333333	2.1493333333333333	2.0126666666666666	2.001333333333333	2.0366666666666666	1.8533333333333333	1.7546666666666666	1.782	1.772	1.7193333333333334	1.738	1.7273333333333334	1.7406666666666666	1.748	1.758	1.6186666666666667	1.7266666666666666	1.56	1.5326666666666666	
4.231333333333334	3.497333333333333	2.8846666666666665	2.691333333333333	2.654	2.796	4.341333333333333	6.639333333333333	6.658	6.479333333333333	5.761333333333333	5.658666666666667	4.448666666666667	4.310666666666667	4.263333333333334	4.22	4.254666666666667	3.9513333333333334	3.8453333333333335	3.272666666666667	3.4133333333333336	3.308	3.282	3.306	3.1506666666666665	3.096	3.1026666666666665	2.9366666666666665	2.6533333333333333	2.6246666666666667	2.606	2.898	4.1066666666666665	4.578666666666667	4.513333333333334	4.475333333333333	4.497333333333334	4.5473333333333334	4.58	4.546666666666667	4.36	3.775333333333333	3.6333333333333333	3.72	3.5086666666666666	3.021333333333333	2.692	2.6966666666666668	2.624	2.4386666666666668	2.066666666666667	2.01	2.0926666666666667	2.18	2.482	2.64	2.6386666666666665	2.608	2.7	2.6946666666666665	2.716	2.5966666666666667	2.720666666666667	2.73	2.722	2.736666666666667	2.914	3.5893333333333333	3.8446666666666665	3.925333333333333	3.8253333333333335	3.5193333333333334	3.421333333333333	3.3386666666666667	3.35	3.448	3.240666666666667	3.240666666666667	3.2466666666666666	3.0906666666666665	2.4346666666666668	2.1773333333333333	2.048	2.016	1.9773333333333334	1.8006666666666666	1.7213333333333334	1.7446666666666666	1.748	1.7886666666666666	1.7673333333333334	1.726	1.6873333333333334	1.7253333333333334	1.6906666666666668	1.6906666666666668	1.6766666666666667	1.6353333333333333	1.5733333333333333	
4.198	3.437333333333333	2.8513333333333333	2.7306666666666666	2.6493333333333333	2.622	4.38	6.552666666666667	6.548666666666667	6.402666666666667	5.768666666666666	5.700666666666667	4.302	4.323333333333333	4.304	4.270666666666667	4.301333333333333	3.946	3.744666666666667	3.328666666666667	3.352	3.3186666666666667	3.2746666666666666	3.1453333333333333	3.136	3.0	3.0773333333333333	2.9166666666666665	2.6766666666666667	2.5613333333333332	2.6266666666666665	2.84	4.112	4.48	4.498666666666667	4.488666666666667	4.51	4.592666666666666	4.608	4.586	4.276	3.8013333333333335	3.64	3.6306666666666665	3.490666666666667	2.978666666666667	2.728666666666667	2.6946666666666665	2.6606666666666667	2.414	2.1313333333333335	2.0553333333333335	2.1093333333333333	2.1173333333333333	2.417333333333333	2.5993333333333335	2.683333333333333	2.604	2.6133333333333333	2.672	2.664	2.675333333333333	2.74	2.800666666666667	2.798	2.740666666666667	2.926	3.521333333333333	3.836	3.7826666666666666	3.724666666666667	3.502	3.4673333333333334	3.4026666666666667	3.41	3.3153333333333332	3.2106666666666666	3.2733333333333334	3.2266666666666666	3.1093333333333333	2.494	2.0513333333333335	2.0873333333333335	2.0646666666666667	1.88	1.7973333333333332	1.764	1.7706666666666666	1.804	1.7566666666666666	1.7186666666666666	1.7213333333333334	1.7346666666666666	1.6906666666666668	1.7026666666666668	1.714	1.6353333333333333	1.5946666666666667	1.5286666666666666	
4.205333333333333	3.4113333333333333	2.8553333333333333	2.783333333333333	2.6766666666666667	2.668	4.315333333333333	6.6866666666666665	6.623333333333333	6.506	5.8	5.780666666666667	4.260666666666666	4.268	4.197333333333333	4.298666666666667	4.243333333333333	3.994	3.788666666666667	3.3293333333333335	3.3593333333333333	3.328666666666667	3.308666666666667	3.187333333333333	3.054666666666667	3.1553333333333335	3.1406666666666667	2.8966666666666665	2.546	2.6246666666666667	2.608	2.884	4.187333333333333	4.386666666666667	4.528666666666667	4.455333333333333	4.538	4.549333333333333	4.480666666666667	4.578	4.208666666666667	3.8613333333333335	3.7773333333333334	3.7813333333333334	3.4833333333333334	2.934	2.755333333333333	2.6726666666666667	2.672	2.3333333333333335	2.1073333333333335	2.021333333333333	2.08	2.195333333333333	2.508	2.588	2.522666666666667	2.5673333333333335	2.6	2.604	2.6973333333333334	2.536	2.6893333333333334	2.698	2.7093333333333334	2.732	2.9073333333333333	3.506666666666667	3.7	3.8806666666666665	3.7586666666666666	3.64	3.382	3.4006666666666665	3.3093333333333335	3.256	3.278	3.187333333333333	3.195333333333333	2.976	2.566666666666667	2.0406666666666666	2.0246666666666666	2.048	1.974	1.8373333333333333	1.792	1.78	1.82	1.7413333333333334	1.6993333333333334	1.694	1.7686666666666666	1.776	1.706	1.6713333333333333	1.62	1.642	1.4513333333333334	
4.238666666666667	3.4313333333333333	2.7226666666666666	2.675333333333333	2.739333333333333	2.716666666666667	4.348	6.6626666666666665	6.550666666666666	6.505333333333334	5.701333333333333	5.832666666666666	4.39	4.336	4.232	4.228666666666666	4.402666666666667	4.022666666666667	3.8673333333333333	3.3493333333333335	3.2953333333333332	3.366	3.292	3.2133333333333334	3.16	3.1153333333333335	3.1206666666666667	2.9133333333333336	2.6033333333333335	2.5366666666666666	2.562666666666667	2.826	4.13	4.398666666666666	4.400666666666667	4.47	4.516	4.462	4.521333333333334	4.612666666666667	4.227333333333333	3.7693333333333334	3.6986666666666665	3.5933333333333333	3.550666666666667	2.974	2.7026666666666666	2.6586666666666665	2.667333333333333	2.3866666666666667	2.1206666666666667	2.1206666666666667	2.064	2.1866666666666665	2.494666666666667	2.564	2.6426666666666665	2.5813333333333333	2.668	2.5926666666666667	2.6526666666666667	2.6586666666666665	2.666	2.6593333333333335	2.742	2.6746666666666665	2.9966666666666666	3.417333333333333	3.7506666666666666	3.7786666666666666	3.6906666666666665	3.498666666666667	3.300666666666667	3.3666666666666667	3.3466666666666667	3.294	3.232666666666667	3.2786666666666666	3.246	3.04	2.5273333333333334	2.1006666666666667	2.0693333333333332	1.9686666666666666	1.9086666666666667	1.78	1.7766666666666666	1.8213333333333332	1.7473333333333334	1.7226666666666666	1.7286666666666666	1.7513333333333334	1.7353333333333334	1.6733333333333333	1.708	1.66	1.736	1.618	1.5326666666666666	
4.128	3.4246666666666665	2.747333333333333	2.674	2.6273333333333335	2.694	4.378	6.657333333333334	6.545333333333334	6.466666666666667	5.851333333333334	5.752	4.299333333333333	4.3453333333333335	4.247333333333334	4.201333333333333	4.1866666666666665	4.088666666666667	3.836	3.2813333333333334	3.4266666666666667	3.286	3.243333333333333	3.2053333333333334	3.0566666666666666	3.09	3.1413333333333333	2.937333333333333	2.6493333333333333	2.5653333333333332	2.562666666666667	2.8186666666666667	4.147333333333333	4.432666666666667	4.426	4.456	4.537333333333334	4.612	4.586666666666667	4.580666666666667	4.219333333333333	3.8073333333333332	3.6186666666666665	3.6886666666666668	3.594	2.816666666666667	2.707333333333333	2.6726666666666667	2.6293333333333333	2.3413333333333335	2.028	2.0006666666666666	1.9513333333333334	2.1486666666666667	2.513333333333333	2.612	2.537333333333333	2.5833333333333335	2.574666666666667	2.656	2.6406666666666667	2.64	2.682	2.712	2.716	2.671333333333333	2.906	3.358	3.77	3.8053333333333335	3.804666666666667	3.6086666666666667	3.3533333333333335	3.352	3.348	3.3646666666666665	3.29	3.268	3.15	3.0613333333333332	2.5233333333333334	2.0686666666666667	2.0473333333333334	2.016	1.9446666666666668	1.7626666666666666	1.682	1.7293333333333334	1.7653333333333334	1.7446666666666666	1.76	1.756	1.6446666666666667	1.7233333333333334	1.6573333333333333	1.73	1.6906666666666668	1.592	1.56	
4.099333333333333	3.3393333333333333	2.808666666666667	2.608	2.744666666666667	2.6886666666666668	4.274666666666667	6.570666666666667	6.543333333333333	6.378	5.782	5.706666666666667	4.294666666666667	4.222666666666667	4.182666666666667	4.200666666666667	4.1226666666666665	3.96	3.73	3.332666666666667	3.296666666666667	3.3266666666666667	3.3373333333333335	3.032	3.1086666666666667	3.05	3.070666666666667	2.8793333333333333	2.582	2.509333333333333	2.642	2.894	4.1433333333333335	4.3966666666666665	4.464666666666667	4.384666666666667	4.533333333333333	4.5553333333333335	4.539333333333333	4.526666666666666	4.327333333333334	3.716	3.666	3.6826666666666665	3.496	2.898	2.6413333333333333	2.6026666666666665	2.612	2.37	2.0753333333333335	1.99	2.029333333333333	2.1606666666666667	2.4566666666666666	2.5946666666666665	2.538	2.546666666666667	2.604	2.5793333333333335	2.5986666666666665	2.6853333333333333	2.6026666666666665	2.6546666666666665	2.75	2.6613333333333333	2.9326666666666665	3.424	3.802	3.9086666666666665	3.804	3.5446666666666666	3.441333333333333	3.364	3.444	3.424	3.2373333333333334	3.2373333333333334	3.186	3.038	2.5206666666666666	2.036	1.9913333333333334	1.9846666666666666	1.9613333333333334	1.7446666666666666	1.7006666666666668	1.748	1.71	1.7126666666666666	1.7366666666666666	1.786	1.7633333333333334	1.7126666666666666	1.7326666666666666	1.6913333333333334	1.6333333333333333	1.6406666666666667	1.5326666666666666	
4.156666666666666	3.382	2.7746666666666666	2.675333333333333	2.6566666666666667	2.73	4.302	6.626	6.514666666666667	6.443333333333333	5.6866666666666665	5.782666666666667	4.36	4.350666666666666	4.239333333333334	4.306666666666667	4.1353333333333335	3.970666666666667	3.752666666666667	3.320666666666667	3.3226666666666667	3.234	3.223333333333333	3.1286666666666667	3.0246666666666666	3.0886666666666667	3.0	2.8766666666666665	2.58	2.5693333333333332	2.5526666666666666	2.921333333333333	4.1226666666666665	4.510666666666666	4.454666666666666	4.3406666666666665	4.49	4.562	4.496	4.520666666666667	4.3646666666666665	3.742	3.699333333333333	3.646	3.458666666666667	2.9766666666666666	2.6326666666666667	2.7	2.6493333333333333	2.3353333333333333	2.008	1.9813333333333334	2.0073333333333334	2.1473333333333335	2.470666666666667	2.588	2.62	2.516	2.622	2.614	2.6593333333333335	2.6526666666666667	2.6566666666666667	2.679333333333333	2.6853333333333333	2.728666666666667	2.8853333333333335	3.429333333333333	3.796	3.8013333333333335	3.78	3.5246666666666666	3.3066666666666666	3.3486666666666665	3.3833333333333333	3.3193333333333332	3.2066666666666666	3.1426666666666665	3.183333333333333	2.990666666666667	2.4546666666666668	2.0526666666666666	1.9813333333333334	1.9386666666666668	1.9006666666666667	1.7953333333333332	1.756	1.71	1.7686666666666666	1.6646666666666667	1.7226666666666666	1.6966666666666668	1.726	1.6766666666666667	1.6526666666666667	1.6633333333333333	1.66	1.592	1.5333333333333334	
4.059333333333333	3.3033333333333332	2.736	2.7426666666666666	2.586	2.602	4.236	6.446666666666666	6.546	6.431333333333333	5.608	5.68	4.268	4.204	4.208666666666667	4.1513333333333335	4.212	4.030666666666667	3.7733333333333334	3.264	3.288666666666667	3.276666666666667	3.264	3.1573333333333333	3.054666666666667	3.08	3.0353333333333334	2.908	2.5113333333333334	2.510666666666667	2.54	2.8053333333333335	4.065333333333333	4.357333333333333	4.412	4.502666666666666	4.423333333333333	4.600666666666666	4.548	4.572	4.187333333333333	3.7506666666666666	3.686	3.652	3.438	2.974	2.644	2.6053333333333333	2.6413333333333333	2.324666666666667	1.9713333333333334	1.986	2.0113333333333334	2.1486666666666667	2.473333333333333	2.57	2.5086666666666666	2.562666666666667	2.521333333333333	2.658	2.5846666666666667	2.6146666666666665	2.5713333333333335	2.706	2.714	2.72	2.95	3.46	3.6653333333333333	3.6493333333333333	3.77	3.512	3.348	3.3953333333333333	3.3353333333333333	3.3213333333333335	3.242	3.2453333333333334	3.1226666666666665	3.0653333333333332	2.433333333333333	2.009333333333333	2.0086666666666666	1.9073333333333333	1.8573333333333333	1.754	1.7273333333333334	1.718	1.6833333333333333	1.662	1.6953333333333334	1.6993333333333334	1.666	1.6973333333333334	1.6586666666666667	1.6273333333333333	1.632	1.5826666666666667	1.5406666666666666	
3.9793333333333334	3.3366666666666664	2.774	2.624	2.5993333333333335	2.6046666666666667	4.392666666666667	6.596	6.562666666666667	6.410666666666667	5.722666666666667	5.6	4.416	4.252	4.334	4.165333333333334	4.114	3.962	3.6846666666666668	3.238	3.1846666666666668	3.2946666666666666	3.3226666666666667	3.1353333333333335	3.001333333333333	3.034666666666667	3.0193333333333334	2.7973333333333334	2.5533333333333332	2.521333333333333	2.504	2.812666666666667	4.16	4.38	4.495333333333333	4.478	4.452	4.511333333333333	4.602666666666667	4.439333333333333	4.204666666666666	3.686	3.5533333333333332	3.648	3.492	2.9106666666666667	2.6213333333333333	2.6506666666666665	2.59	2.3373333333333335	2.0873333333333335	1.9713333333333334	2.036	2.0986666666666665	2.417333333333333	2.458	2.5486666666666666	2.6	2.542	2.6173333333333333	2.6473333333333335	2.706	2.628	2.6326666666666667	2.707333333333333	2.6506666666666665	2.8706666666666667	3.4313333333333333	3.7306666666666666	3.7426666666666666	3.662	3.6286666666666667	3.308	3.328666666666667	3.412	3.31	3.247333333333333	3.1626666666666665	3.17	2.9966666666666666	2.4313333333333333	2.06	2.0126666666666666	2.0473333333333334	1.9226666666666667	1.7013333333333334	1.7253333333333334	1.754	1.722	1.7286666666666666	1.7206666666666666	1.696	1.6866666666666668	1.73	1.7193333333333334	1.6906666666666668	1.6893333333333334	1.59	1.4713333333333334	
4.024666666666667	3.3713333333333333	2.763333333333333	2.6973333333333334	2.642	2.64	4.264	6.556	6.5473333333333334	6.394	5.7973333333333334	5.631333333333333	4.290666666666667	4.24	4.140666666666666	4.174666666666667	4.1513333333333335	3.977333333333333	3.816	3.184	3.280666666666667	3.204	3.232	3.13	3.058	3.012	2.98	2.7626666666666666	2.578666666666667	2.542666666666667	2.522666666666667	2.735333333333333	4.027333333333333	4.477333333333333	4.506666666666667	4.406	4.4206666666666665	4.474666666666667	4.517333333333333	4.381333333333333	4.208	3.644	3.622	3.6086666666666667	3.458	2.8073333333333332	2.632	2.634	2.546666666666667	2.364	2.0633333333333335	2.009333333333333	1.982	2.096	2.456	2.5673333333333335	2.513333333333333	2.578	2.6186666666666665	2.582	2.626	2.6746666666666665	2.6333333333333333	2.6893333333333334	2.638	2.744	2.8433333333333333	3.3153333333333332	3.6926666666666668	3.7066666666666666	3.775333333333333	3.486666666666667	3.4113333333333333	3.271333333333333	3.3406666666666665	3.266	3.2053333333333334	3.138	3.1626666666666665	3.022666666666667	2.4166666666666665	2.0566666666666666	1.9446666666666668	1.9386666666666668	1.9126666666666667	1.7306666666666666	1.7886666666666666	1.6906666666666668	1.6413333333333333	1.73	1.696	1.7306666666666666	1.6613333333333333	1.7066666666666668	1.6306666666666667	1.628	1.622	1.58	1.488	
4.046666666666667	3.366	2.8066666666666666	2.6413333333333333	2.6186666666666665	2.5606666666666666	4.342	6.6146666666666665	6.489333333333334	6.428	5.715333333333334	5.702	4.196666666666666	4.157333333333334	4.156666666666666	4.191333333333334	4.118	3.902	3.6786666666666665	3.271333333333333	3.1333333333333333	3.2133333333333334	3.184	3.0553333333333335	3.0366666666666666	2.91	2.986666666666667	2.886	2.512	2.474	2.51	2.8226666666666667	4.038666666666667	4.360666666666667	4.433333333333334	4.516666666666667	4.512	4.386666666666667	4.476	4.507333333333333	4.232666666666667	3.7053333333333334	3.6266666666666665	3.5886666666666667	3.528	2.8986666666666667	2.554	2.6566666666666667	2.518	2.31	2.0433333333333334	2.0286666666666666	2.0153333333333334	2.0793333333333335	2.374	2.505333333333333	2.5553333333333335	2.517333333333333	2.5913333333333335	2.5866666666666664	2.5726666666666667	2.6253333333333333	2.6446666666666667	2.604	2.7	2.686	2.8493333333333335	3.3986666666666667	3.62	3.767333333333333	3.7186666666666666	3.54	3.4266666666666667	3.336	3.25	3.3106666666666666	3.1906666666666665	3.1566666666666667	3.1373333333333333	3.014	2.52	2.058666666666667	2.0126666666666666	1.9946666666666666	1.86	1.7093333333333334	1.6553333333333333	1.7113333333333334	1.7406666666666666	1.6073333333333333	1.704	1.6513333333333333	1.746	1.6606666666666667	1.6106666666666667	1.576	1.5766666666666667	1.6	1.542	
4.042	3.368	2.724666666666667	2.6206666666666667	2.6466666666666665	2.702	4.254	6.466666666666667	6.379333333333333	6.4366666666666665	5.694	5.65	4.331333333333333	4.202	4.177333333333333	4.074666666666666	4.121333333333333	3.894	3.734	3.256666666666667	3.228	3.2186666666666666	3.2533333333333334	3.048	3.0046666666666666	3.054666666666667	3.0366666666666666	2.7826666666666666	2.4513333333333334	2.4713333333333334	2.542666666666667	2.74	4.02	4.383333333333334	4.3406666666666665	4.479333333333333	4.435333333333333	4.404	4.3533333333333335	4.5473333333333334	4.27	3.6773333333333333	3.6333333333333333	3.466	3.518	2.8393333333333333	2.652	2.5753333333333335	2.594	2.3293333333333335	1.9653333333333334	1.9866666666666666	2.002666666666667	2.1106666666666665	2.4233333333333333	2.46	2.472	2.594	2.6006666666666667	2.525333333333333	2.578666666666667	2.5806666666666667	2.5973333333333333	2.676	2.728666666666667	2.6166666666666667	2.8706666666666667	3.445333333333333	3.6393333333333335	3.7466666666666666	3.768	3.5246666666666666	3.284666666666667	3.2546666666666666	3.268	3.248666666666667	3.1773333333333333	3.078666666666667	3.2093333333333334	3.026666666666667	2.4633333333333334	2.054	1.9106666666666667	2.0086666666666666	1.9126666666666667	1.7626666666666666	1.7386666666666666	1.6953333333333334	1.718	1.7186666666666666	1.666	1.66	1.6313333333333333	1.6753333333333333	1.6546666666666667	1.6586666666666667	1.6886666666666668	1.578	1.478	
4.039333333333333	3.2993333333333332	2.7986666666666666	2.606	2.558	2.6293333333333333	4.221333333333333	6.494666666666666	6.479333333333333	6.333333333333333	5.636	5.648666666666666	4.301333333333333	4.110666666666667	4.018666666666666	4.0906666666666665	4.084	3.888	3.6166666666666667	3.2813333333333334	3.1766666666666667	3.1773333333333333	3.158	3.06	2.9886666666666666	3.013333333333333	3.008	2.742	2.538666666666667	2.468	2.4846666666666666	2.707333333333333	4.006666666666667	4.358	4.386666666666667	4.405333333333333	4.466	4.475333333333333	4.44	4.442666666666667	4.294	3.688	3.5866666666666664	3.502666666666667	3.473333333333333	2.8666666666666667	2.5926666666666667	2.6813333333333333	2.5553333333333335	2.3186666666666667	2.029333333333333	2.012	1.872	2.068	2.4546666666666668	2.526	2.45	2.570666666666667	2.486666666666667	2.5553333333333335	2.652	2.6093333333333333	2.61	2.578	2.6773333333333333	2.682	2.8466666666666667	3.4126666666666665	3.6726666666666667	3.7586666666666666	3.666	3.537333333333333	3.282	3.284	3.214	3.256666666666667	3.148	3.1433333333333335	3.216	3.001333333333333	2.4226666666666667	1.9426666666666668	1.9633333333333334	1.9646666666666666	1.88	1.722	1.7013333333333334	1.696	1.6386666666666667	1.6686666666666667	1.6306666666666667	1.6746666666666667	1.7346666666666666	1.6706666666666667	1.638	1.6153333333333333	1.6766666666666667	1.5993333333333333	1.5326666666666666	
3.982	3.272	2.7546666666666666	2.5873333333333335	2.5886666666666667	2.6146666666666665	4.307333333333333	6.5633333333333335	6.482	6.262	5.632	5.632	4.284666666666666	4.0986666666666665	4.08	4.156	4.052	3.8613333333333335	3.6646666666666667	3.1473333333333335	3.1773333333333333	3.1493333333333333	3.1373333333333333	3.0853333333333333	2.968	2.9926666666666666	2.9526666666666666	2.7653333333333334	2.556	2.526	2.433333333333333	2.788	4.024	4.314	4.324666666666666	4.432	4.349333333333333	4.474	4.476666666666667	4.498666666666667	4.212	3.76	3.566666666666667	3.5633333333333335	3.464	2.8626666666666667	2.576	2.578666666666667	2.564	2.268	2.014	1.9866666666666666	1.9933333333333334	2.1086666666666667	2.4353333333333333	2.5566666666666666	2.574	2.4546666666666668	2.542	2.526	2.509333333333333	2.5653333333333332	2.6226666666666665	2.634	2.562	2.7026666666666666	2.8833333333333333	3.3773333333333335	3.751333333333333	3.7493333333333334	3.7133333333333334	3.58	3.306	3.2093333333333334	3.259333333333333	3.3233333333333333	3.1473333333333335	3.0606666666666666	3.1193333333333335	2.985333333333333	2.44	1.9986666666666666	1.9613333333333334	1.9173333333333333	1.8373333333333333	1.7453333333333334	1.704	1.686	1.6606666666666667	1.6686666666666667	1.6606666666666667	1.6526666666666667	1.6533333333333333	1.6006666666666667	1.5746666666666667	1.664	1.6386666666666667	1.5153333333333334	1.4913333333333334	
3.966	3.284666666666667	2.6646666666666667	2.5513333333333335	2.58	2.6026666666666665	4.21	6.586	6.5633333333333335	6.451333333333333	5.616	5.6193333333333335	4.271333333333334	4.174666666666667	4.1066666666666665	4.050666666666666	4.083333333333333	3.8453333333333335	3.658	3.1193333333333335	3.2373333333333334	3.283333333333333	3.152	3.082	2.95	2.986666666666667	2.954	2.81	2.49	2.472	2.4966666666666666	2.744666666666667	4.026666666666666	4.33	4.37	4.38	4.408	4.450666666666667	4.476	4.387333333333333	4.144666666666667	3.55	3.476	3.5633333333333335	3.434	2.836	2.668	2.5613333333333332	2.522	2.2666666666666666	2.0286666666666666	1.934	1.94	2.1166666666666667	2.43	2.489333333333333	2.4566666666666666	2.4726666666666666	2.5693333333333332	2.496	2.552	2.5606666666666666	2.614	2.7066666666666666	2.667333333333333	2.763333333333333	2.808	3.3093333333333335	3.668	3.6633333333333336	3.71	3.4566666666666666	3.2586666666666666	3.266	3.3366666666666664	3.2453333333333334	3.0846666666666667	3.1406666666666667	3.1306666666666665	3.025333333333333	2.470666666666667	1.9893333333333334	1.96	1.896	1.798	1.714	1.7113333333333334	1.708	1.7293333333333334	1.6766666666666667	1.7046666666666668	1.658	1.6286666666666667	1.6033333333333333	1.558	1.6606666666666667	1.6386666666666667	1.5306666666666666	1.4813333333333334	
