0.01	0.5149494949494949	1.0198989898989899	1.5248484848484847	2.0297979797979795	2.5347474747474745	3.039696969696969	3.544646464646464	4.049595959595959	4.554545454545454	5.059494949494949	5.564444444444444	6.0693939393939385	6.574343434343434	7.0792929292929285	7.584242424242424	8.089191919191919	8.594141414141413	9.099090909090908	9.604040404040404	10.108989898989899	10.613939393939393	11.118888888888888	11.623838383838383	12.128787878787877	12.633737373737373	13.138686868686868	13.643636363636363	14.148585858585857	14.653535353535352	15.158484848484848	15.663434343434343	16.16838383838384	16.673333333333336	17.17828282828283	17.683232323232325	18.188181818181818	18.693131313131314	19.19808080808081	19.703030303030303	20.2079797979798	20.712929292929292	21.21787878787879	21.722828282828285	22.227777777777778	22.732727272727274	23.237676767676767	23.742626262626263	24.247575757575756	24.752525252525253	25.25747474747475	25.762424242424242	26.267373737373738	26.77232323232323	27.277272727272727	27.782222222222224	28.287171717171717	28.792121212121213	29.297070707070706	29.802020202020202	30.3069696969697	30.81191919191919	31.316868686868688	31.82181818181818	32.32676767676767	32.831717171717166	33.336666666666666	33.84161616161616	34.34656565656565	34.851515151515144	35.356464646464644	35.86141414141414	36.36636363636363	36.87131313131313	37.37626262626262	37.881212121212116	38.386161616161615	38.89111111111111	39.3960606060606	39.901010101010094	40.405959595959594	40.91090909090909	41.41585858585858	41.92080808080808	42.42575757575757	42.930707070707065	43.435656565656565	43.94060606060606	44.44555555555555	44.95050505050504	45.45545454545454	45.960404040404036	46.46535353535353	46.97030303030303	47.47525252525252	47.980202020202015	48.48515151515151	48.99010101010101	49.4950505050505	50.0	
3.866	3.2853333333333334	2.6773333333333333	2.6166666666666667	2.521333333333333	2.6126666666666667	4.218	6.543333333333333	6.438	6.375333333333334	5.62	5.5793333333333335	4.196	4.0713333333333335	4.163333333333333	4.034	4.061333333333334	3.8913333333333333	3.636	3.12	3.154	3.0986666666666665	3.1893333333333334	3.062666666666667	2.9966666666666666	2.8706666666666667	2.9266666666666667	2.7026666666666666	2.4713333333333334	2.4166666666666665	2.5073333333333334	2.7933333333333334	3.9506666666666668	4.415333333333334	4.358	4.34	4.384	4.405333333333333	4.422666666666666	4.46	4.210666666666667	3.6686666666666667	3.5006666666666666	3.513333333333333	3.5153333333333334	2.8446666666666665	2.588	2.52	2.4193333333333333	2.2613333333333334	1.9313333333333333	1.888	1.9406666666666668	2.052	2.4133333333333336	2.458	2.546	2.4886666666666666	2.497333333333333	2.5206666666666666	2.5653333333333332	2.526	2.5733333333333333	2.724666666666667	2.7413333333333334	2.6446666666666667	2.814	3.2893333333333334	3.7533333333333334	3.748	3.5566666666666666	3.598	3.2986666666666666	3.24	3.3226666666666667	3.280666666666667	3.1533333333333333	3.108	3.1513333333333335	2.9246666666666665	2.3633333333333333	2.012	1.9666666666666666	1.9373333333333334	1.8793333333333333	1.7826666666666666	1.7246666666666666	1.6613333333333333	1.6453333333333333	1.7266666666666666	1.68	1.6346666666666667	1.6386666666666667	1.62	1.638	1.6573333333333333	1.592	1.5553333333333332	1.4493333333333334	
3.9053333333333335	3.2586666666666666	2.6686666666666667	2.5886666666666667	2.554	2.582666666666667	4.14	6.541333333333333	6.394	6.352	5.789333333333333	5.666666666666667	4.237333333333333	4.176666666666667	3.976	4.153333333333333	4.003333333333333	3.782	3.6866666666666665	3.132	3.1686666666666667	3.116	3.186	2.9366666666666665	2.9193333333333333	2.962	2.953333333333333	2.735333333333333	2.4873333333333334	2.454	2.4546666666666668	2.708	3.896	4.322666666666667	4.326	4.357333333333333	4.43	4.542	4.388	4.464	4.248666666666667	3.706	3.5846666666666667	3.474666666666667	3.482	2.8826666666666667	2.544	2.4966666666666666	2.4593333333333334	2.29	1.988	1.9953333333333334	1.9613333333333334	2.046666666666667	2.284666666666667	2.506666666666667	2.478666666666667	2.5046666666666666	2.5206666666666666	2.5006666666666666	2.5633333333333335	2.494	2.546666666666667	2.7186666666666666	2.6426666666666665	2.6006666666666667	2.798	3.4053333333333335	3.686	3.664	3.800666666666667	3.532	3.3533333333333335	3.2586666666666666	3.2506666666666666	3.162	3.222	3.134	3.112	2.952	2.4193333333333333	2.0566666666666666	1.8086666666666666	1.884	1.874	1.7206666666666666	1.6733333333333333	1.7213333333333334	1.666	1.6493333333333333	1.648	1.6553333333333333	1.6533333333333333	1.618	1.6293333333333333	1.584	1.6746666666666667	1.5946666666666667	1.4913333333333334	
3.8833333333333333	3.286	2.6526666666666667	2.66	2.6513333333333335	2.5893333333333333	4.263333333333334	6.470666666666666	6.441333333333334	6.3613333333333335	5.6033333333333335	5.554	4.118	4.218	4.082666666666666	4.109333333333334	4.033333333333333	3.862	3.6646666666666667	3.236666666666667	3.214	3.2046666666666668	3.1633333333333336	2.933333333333333	2.9306666666666668	2.965333333333333	2.936	2.7973333333333334	2.4313333333333333	2.449333333333333	2.4913333333333334	2.7466666666666666	3.9553333333333334	4.3726666666666665	4.421333333333333	4.3773333333333335	4.343333333333334	4.519333333333333	4.395333333333333	4.434	4.126666666666667	3.676	3.525333333333333	3.502	3.4753333333333334	2.8146666666666667	2.5653333333333332	2.518	2.544	2.167333333333333	1.9626666666666666	1.998	1.928	2.0433333333333334	2.3746666666666667	2.497333333333333	2.3946666666666667	2.438	2.489333333333333	2.5813333333333333	2.522	2.5646666666666667	2.548	2.6326666666666667	2.5846666666666667	2.66	2.788666666666667	3.346	3.662	3.732	3.6393333333333335	3.5446666666666666	3.3606666666666665	3.260666666666667	3.22	3.1593333333333335	3.1666666666666665	3.1366666666666667	3.0733333333333333	2.872	2.3426666666666667	2.006	1.9	1.938	1.8053333333333332	1.7166666666666666	1.6586666666666667	1.642	1.684	1.6333333333333333	1.6153333333333333	1.6866666666666668	1.5826666666666667	1.5973333333333333	1.6233333333333333	1.6286666666666667	1.596	1.5306666666666666	1.4773333333333334	
3.9006666666666665	3.168	2.6633333333333336	2.584	2.5886666666666667	2.594	4.2026666666666666	6.592666666666666	6.478	6.359333333333334	5.688	5.597333333333333	4.2973333333333334	4.123333333333333	4.076	4.09	4.052	3.8793333333333333	3.542	3.132	3.182	3.138	3.202	3.066666666666667	2.8586666666666667	2.9126666666666665	2.8593333333333333	2.7426666666666666	2.4193333333333333	2.473333333333333	2.4186666666666667	2.739333333333333	3.981333333333333	4.3053333333333335	4.418	4.371333333333333	4.422666666666666	4.39	4.464	4.439333333333333	4.188	3.576	3.58	3.5153333333333334	3.446	2.8146666666666667	2.564	2.45	2.5453333333333332	2.2586666666666666	1.894	1.9006666666666667	1.9146666666666667	2.0486666666666666	2.3626666666666667	2.49	2.48	2.566	2.51	2.514666666666667	2.6506666666666665	2.554	2.504	2.626	2.5773333333333333	2.68	2.7693333333333334	3.3606666666666665	3.7053333333333334	3.746	3.719333333333333	3.570666666666667	3.296666666666667	3.235333333333333	3.195333333333333	3.158	3.1906666666666665	3.082	3.0646666666666667	3.0193333333333334	2.449333333333333	1.926	1.8686666666666667	1.896	1.8913333333333333	1.7546666666666666	1.7073333333333334	1.6766666666666667	1.7253333333333334	1.724	1.644	1.6453333333333333	1.628	1.6166666666666667	1.6173333333333333	1.6393333333333333	1.5966666666666667	1.5106666666666666	1.4593333333333334	
3.8353333333333333	3.247333333333333	2.7733333333333334	2.5726666666666667	2.5886666666666667	2.562	4.182666666666667	6.472	6.506	6.440666666666667	5.668666666666667	5.556666666666667	4.164	4.089333333333333	4.076	4.155333333333333	4.065333333333333	3.8653333333333335	3.588	3.192	3.1013333333333333	3.102	3.1486666666666667	2.98	2.8546666666666667	2.9486666666666665	2.954	2.8606666666666665	2.4406666666666665	2.494666666666667	2.470666666666667	2.6826666666666665	3.949333333333333	4.332	4.325333333333333	4.505333333333334	4.335333333333334	4.435333333333333	4.451333333333333	4.396	4.171333333333333	3.6373333333333333	3.5686666666666667	3.5233333333333334	3.3533333333333335	2.7746666666666666	2.582	2.534	2.4926666666666666	2.275333333333333	1.9866666666666666	1.8833333333333333	1.976	2.028	2.4133333333333336	2.4506666666666668	2.4686666666666666	2.488	2.442	2.584	2.464	2.542666666666667	2.576	2.6486666666666667	2.6826666666666665	2.63	2.8566666666666665	3.3033333333333332	3.62	3.715333333333333	3.76	3.4433333333333334	3.287333333333333	3.1973333333333334	3.248	3.2186666666666666	3.191333333333333	3.1546666666666665	3.1253333333333333	2.98	2.3553333333333333	1.9833333333333334	1.9006666666666667	1.8906666666666667	1.8373333333333333	1.7646666666666666	1.6946666666666668	1.7093333333333334	1.6393333333333333	1.668	1.5806666666666667	1.688	1.644	1.57	1.5606666666666666	1.6253333333333333	1.6026666666666667	1.582	1.4233333333333333	
3.918	3.211333333333333	2.695333333333333	2.5773333333333333	2.5593333333333335	2.572	4.21	6.366666666666666	6.391333333333334	6.326	5.777333333333333	5.551333333333333	4.150666666666667	4.174666666666667	4.110666666666667	4.03	4.096	3.8473333333333333	3.6246666666666667	3.1693333333333333	3.0673333333333335	3.1533333333333333	3.1286666666666667	2.9846666666666666	2.938	2.9153333333333333	2.8726666666666665	2.758	2.392	2.446	2.4046666666666665	2.763333333333333	4.016	4.324666666666666	4.356	4.334666666666666	4.418666666666667	4.416	4.553333333333334	4.383333333333334	4.128666666666667	3.682	3.5366666666666666	3.418	3.477333333333333	2.85	2.5813333333333333	2.534	2.4593333333333334	2.219333333333333	1.952	1.8386666666666667	1.9446666666666668	2.0906666666666665	2.462666666666667	2.5286666666666666	2.4286666666666665	2.4366666666666665	2.444	2.6046666666666667	2.534666666666667	2.564	2.542666666666667	2.6066666666666665	2.679333333333333	2.6286666666666667	2.7613333333333334	3.392	3.6766666666666667	3.73	3.672	3.4366666666666665	3.2993333333333332	3.176	3.208	3.2093333333333334	3.1573333333333333	3.0833333333333335	3.012	2.894	2.3766666666666665	2.0393333333333334	1.93	1.9406666666666668	1.8093333333333332	1.7126666666666666	1.608	1.6466666666666667	1.686	1.636	1.5873333333333333	1.6813333333333333	1.6846666666666668	1.6393333333333333	1.592	1.6273333333333333	1.5606666666666666	1.5413333333333334	1.42	
3.9433333333333334	3.166	2.687333333333333	2.692	2.5893333333333333	2.552	4.32	6.503333333333333	6.362666666666667	6.466	5.763333333333334	5.592666666666666	4.145333333333333	4.112	4.052	3.9026666666666667	4.049333333333333	3.868	3.6146666666666665	3.1513333333333335	3.1253333333333333	3.1313333333333335	3.154	2.9153333333333333	2.9566666666666666	2.938	2.962	2.6766666666666667	2.424	2.4146666666666667	2.3333333333333335	2.775333333333333	3.9346666666666668	4.362	4.395333333333333	4.481333333333334	4.468	4.452	4.492	4.461333333333333	4.039333333333333	3.6433333333333335	3.534	3.494	3.312666666666667	2.8393333333333333	2.5153333333333334	2.514	2.5246666666666666	2.296	1.966	1.912	1.8793333333333333	2.0246666666666666	2.312666666666667	2.44	2.4593333333333334	2.445333333333333	2.493333333333333	2.4553333333333334	2.5406666666666666	2.5273333333333334	2.513333333333333	2.6146666666666665	2.638	2.678	2.7213333333333334	3.356	3.6153333333333335	3.69	3.6626666666666665	3.4053333333333335	3.3273333333333333	3.1773333333333333	3.216	3.182	3.108	3.0906666666666665	3.028	2.9486666666666665	2.386	1.948	1.9446666666666668	1.8706666666666667	1.866	1.6486666666666667	1.686	1.654	1.6326666666666667	1.6866666666666668	1.6293333333333333	1.666	1.618	1.5786666666666667	1.6066666666666667	1.5773333333333333	1.5573333333333332	1.5633333333333332	1.416	
3.846	3.224	2.682	2.5986666666666665	2.5153333333333334	2.478666666666667	4.311333333333334	6.3486666666666665	6.449333333333334	6.26	5.623333333333333	5.5953333333333335	4.122	4.112	4.064	4.0793333333333335	3.946	3.8533333333333335	3.656	3.0473333333333334	3.1053333333333333	3.1086666666666667	3.052	2.8893333333333335	2.9286666666666665	2.9093333333333335	2.934	2.747333333333333	2.3733333333333335	2.462	2.4486666666666665	2.6506666666666665	4.035333333333333	4.410666666666667	4.374666666666666	4.320666666666667	4.476	4.447333333333333	4.364	4.394666666666667	4.22	3.518666666666667	3.482666666666667	3.526666666666667	3.46	2.858	2.5493333333333332	2.441333333333333	2.514666666666667	2.2853333333333334	1.946	1.8933333333333333	1.9726666666666666	2.0986666666666665	2.3826666666666667	2.456	2.49	2.46	2.4486666666666665	2.46	2.4886666666666666	2.456	2.4886666666666666	2.604	2.596	2.5693333333333332	2.791333333333333	3.3933333333333335	3.626	3.6926666666666668	3.714	3.516	3.320666666666667	3.2373333333333334	3.326	3.1653333333333333	3.1306666666666665	3.1313333333333335	3.0046666666666666	2.954	2.4286666666666665	2.010666666666667	1.8913333333333333	1.9126666666666667	1.8266666666666667	1.6353333333333333	1.688	1.702	1.6946666666666668	1.6593333333333333	1.638	1.6026666666666667	1.6386666666666667	1.6066666666666667	1.6226666666666667	1.6473333333333333	1.5893333333333333	1.518	1.42	
3.8786666666666667	3.255333333333333	2.6026666666666665	2.6286666666666667	2.493333333333333	2.5193333333333334	4.258666666666667	6.488	6.411333333333333	6.448	5.649333333333334	5.56	4.232666666666667	4.129333333333333	4.010666666666666	4.086666666666667	4.0986666666666665	3.824	3.6313333333333335	3.12	3.0973333333333333	3.1006666666666667	3.086	2.9873333333333334	2.8393333333333333	2.884	2.9046666666666665	2.7466666666666666	2.464	2.4166666666666665	2.425333333333333	2.842	3.988	4.193333333333333	4.257333333333333	4.304666666666667	4.344	4.449333333333334	4.434	4.371333333333333	4.1433333333333335	3.6173333333333333	3.542	3.582	3.3946666666666667	2.7953333333333332	2.481333333333333	2.4146666666666667	2.5453333333333332	2.228666666666667	1.9026666666666667	1.9146666666666667	1.9346666666666668	2.076	2.3773333333333335	2.452	2.464	2.478	2.514666666666667	2.528	2.5473333333333334	2.578	2.5713333333333335	2.5606666666666666	2.664	2.688	2.818	3.417333333333333	3.699333333333333	3.6046666666666667	3.684	3.3886666666666665	3.288	3.242	3.244	3.1933333333333334	3.192	3.102	3.0653333333333332	2.9106666666666667	2.374	1.9813333333333334	1.9613333333333334	1.9886666666666666	1.8113333333333332	1.6993333333333334	1.65	1.6433333333333333	1.652	1.6353333333333333	1.706	1.602	1.612	1.6613333333333333	1.5893333333333333	1.6126666666666667	1.552	1.5273333333333334	1.4306666666666668	
3.8346666666666667	3.1466666666666665	2.6906666666666665	2.5886666666666667	2.524	2.474666666666667	4.172666666666666	6.363333333333333	6.362666666666667	6.246	5.725333333333333	5.613333333333333	4.086666666666667	4.009333333333333	4.088666666666667	4.024666666666667	4.06	3.744	3.6826666666666665	3.0773333333333333	3.0566666666666666	3.062666666666667	3.044	3.0166666666666666	2.8553333333333333	2.8566666666666665	2.8233333333333333	2.6213333333333333	2.386	2.2946666666666666	2.3726666666666665	2.66	3.8733333333333335	4.309333333333333	4.392666666666667	4.282	4.359333333333334	4.42	4.3773333333333335	4.350666666666666	4.040666666666667	3.5686666666666667	3.488	3.5773333333333333	3.4006666666666665	2.7186666666666666	2.5313333333333334	2.506666666666667	2.521333333333333	2.1726666666666667	1.9346666666666668	1.8786666666666667	1.89	1.9846666666666666	2.432	2.481333333333333	2.3846666666666665	2.4846666666666666	2.417333333333333	2.508	2.541333333333333	2.522666666666667	2.506	2.5646666666666667	2.604	2.6113333333333335	2.758	3.316666666666667	3.5886666666666667	3.711333333333333	3.6286666666666667	3.4273333333333333	3.2493333333333334	3.1333333333333333	3.260666666666667	3.260666666666667	3.013333333333333	3.0793333333333335	3.0366666666666666	2.9206666666666665	2.38	2.0366666666666666	1.8893333333333333	1.8893333333333333	1.762	1.6546666666666667	1.6206666666666667	1.6793333333333333	1.6213333333333333	1.632	1.6766666666666667	1.586	1.5966666666666667	1.6433333333333333	1.6106666666666667	1.5946666666666667	1.556	1.4986666666666666	1.4146666666666667	
3.764666666666667	3.11	2.686	2.5366666666666666	2.4886666666666666	2.4353333333333333	4.182666666666667	6.36	6.294666666666667	6.4093333333333335	5.707333333333334	5.532666666666667	4.078666666666667	3.932	4.014666666666667	3.9606666666666666	3.9513333333333334	3.779333333333333	3.5113333333333334	2.9926666666666666	3.0086666666666666	3.0946666666666665	2.988	2.8926666666666665	2.83	2.784666666666667	2.8513333333333333	2.6206666666666667	2.398	2.3506666666666667	2.336	2.606	3.9526666666666666	4.307333333333333	4.246	4.284666666666666	4.368	4.426666666666667	4.332	4.336	4.1146666666666665	3.6206666666666667	3.457333333333333	3.509333333333333	3.3666666666666667	2.7506666666666666	2.4466666666666668	2.4153333333333333	2.5	2.182	1.9226666666666667	1.842	1.8153333333333332	1.9813333333333334	2.332666666666667	2.396	2.428	2.448	2.422	2.489333333333333	2.5233333333333334	2.497333333333333	2.4646666666666666	2.5673333333333335	2.5973333333333333	2.6473333333333335	2.758	3.324	3.6373333333333333	3.5446666666666666	3.5473333333333334	3.528	3.264	3.1306666666666665	3.1513333333333335	3.0813333333333333	3.054666666666667	2.9886666666666666	3.0646666666666667	2.9013333333333335	2.3513333333333333	1.9393333333333334	1.926	1.814	1.816	1.6453333333333333	1.6893333333333334	1.6193333333333333	1.5893333333333333	1.6186666666666667	1.642	1.538	1.5906666666666667	1.5766666666666667	1.602	1.5633333333333332	1.5866666666666667	1.488	1.408	
3.7026666666666666	3.171333333333333	2.5946666666666665	2.492	2.5633333333333335	2.5006666666666666	4.116	6.391333333333334	6.514	6.2973333333333334	5.495333333333333	5.4526666666666666	4.003333333333333	4.003333333333333	3.892	3.908	3.9046666666666665	3.766	3.494	3.0633333333333335	3.0646666666666667	3.0246666666666666	2.9766666666666666	2.8913333333333333	2.818	2.8066666666666666	2.8493333333333335	2.622	2.374	2.274	2.346	2.735333333333333	3.8866666666666667	4.266666666666667	4.3486666666666665	4.278666666666667	4.362666666666667	4.328	4.352666666666667	4.334666666666666	4.076	3.4526666666666666	3.45	3.406	3.3986666666666667	2.739333333333333	2.4753333333333334	2.497333333333333	2.4446666666666665	2.19	1.8553333333333333	1.7526666666666666	1.7653333333333334	1.9493333333333334	2.298	2.3906666666666667	2.3673333333333333	2.366	2.406	2.464	2.429333333333333	2.4433333333333334	2.416	2.5673333333333335	2.5953333333333335	2.52	2.731333333333333	3.2493333333333334	3.5866666666666664	3.7006666666666668	3.518666666666667	3.4166666666666665	3.1813333333333333	3.13	3.199333333333333	3.096	3.0606666666666666	3.0166666666666666	3.0633333333333335	2.824	2.3393333333333333	1.9633333333333334	1.786	1.742	1.7493333333333334	1.6713333333333333	1.6433333333333333	1.6473333333333333	1.6346666666666667	1.5793333333333333	1.5426666666666666	1.578	1.5766666666666667	1.6406666666666667	1.5073333333333334	1.5693333333333332	1.5433333333333332	1.4953333333333334	1.3573333333333333	
3.7186666666666666	3.082666666666667	2.6533333333333333	2.5613333333333332	2.508	2.4593333333333334	4.093333333333334	6.298	6.418	6.302666666666667	5.466	5.381333333333333	4.024666666666667	3.9053333333333335	3.9386666666666668	3.9353333333333333	3.8673333333333333	3.675333333333333	3.478666666666667	3.052	2.9446666666666665	2.9593333333333334	2.9366666666666665	2.858	2.7333333333333334	2.7413333333333334	2.7706666666666666	2.6433333333333335	2.3513333333333333	2.358	2.3273333333333333	2.6106666666666665	3.832666666666667	4.3213333333333335	4.255333333333334	4.244	4.328666666666667	4.368666666666667	4.278666666666667	4.426666666666667	4.075333333333333	3.55	3.4873333333333334	3.493333333333333	3.2813333333333334	2.708666666666667	2.429333333333333	2.441333333333333	2.4473333333333334	2.167333333333333	1.9	1.8546666666666667	1.836	1.9273333333333333	2.216666666666667	2.3913333333333333	2.4353333333333333	2.3993333333333333	2.4713333333333334	2.4406666666666665	2.3553333333333333	2.4166666666666665	2.4633333333333334	2.5393333333333334	2.48	2.51	2.7106666666666666	3.298	3.5873333333333335	3.6606666666666667	3.6	3.334	3.17	3.174	3.1346666666666665	3.1513333333333335	2.978	2.925333333333333	3.022666666666667	2.856	2.3313333333333333	1.8706666666666667	1.8346666666666667	1.8926666666666667	1.67	1.7146666666666666	1.5753333333333333	1.638	1.5733333333333333	1.5333333333333334	1.614	1.5793333333333333	1.592	1.5186666666666666	1.5593333333333332	1.612	1.544	1.4373333333333334	1.3606666666666667	
3.7693333333333334	3.1306666666666665	2.5313333333333334	2.484	2.526666666666667	2.4313333333333333	4.13	6.351333333333334	6.28	6.279333333333334	5.468666666666667	5.544	4.07	4.001333333333333	3.965333333333333	3.953333333333333	3.9833333333333334	3.724666666666667	3.458	2.968	2.994666666666667	3.026666666666667	2.981333333333333	2.798	2.7706666666666666	2.7706666666666666	2.8153333333333332	2.554	2.238	2.2906666666666666	2.3033333333333332	2.6693333333333333	3.8846666666666665	4.239333333333334	4.263333333333334	4.190666666666667	4.26	4.24	4.374666666666666	4.358666666666666	4.007333333333333	3.4846666666666666	3.4026666666666667	3.4206666666666665	3.308	2.736666666666667	2.386	2.4093333333333335	2.284	2.2013333333333334	1.892	1.7953333333333332	1.8133333333333332	1.938	2.291333333333333	2.386	2.3593333333333333	2.3806666666666665	2.4386666666666668	2.433333333333333	2.4366666666666665	2.4233333333333333	2.498	2.4993333333333334	2.493333333333333	2.4633333333333334	2.77	3.3533333333333335	3.552	3.5753333333333335	3.6013333333333333	3.4246666666666665	3.116	3.1373333333333333	3.192	3.184	3.044	3.0	2.9406666666666665	2.8753333333333333	2.2973333333333334	1.9106666666666667	1.84	1.88	1.7926666666666666	1.734	1.5746666666666667	1.6386666666666667	1.5913333333333333	1.5973333333333333	1.5673333333333332	1.5193333333333334	1.604	1.5766666666666667	1.5113333333333334	1.4813333333333334	1.492	1.4626666666666666	1.4106666666666667	
3.706	3.062666666666667	2.6386666666666665	2.462	2.4106666666666667	2.518	4.211333333333333	6.371333333333333	6.362666666666667	6.411333333333333	5.604666666666667	5.607333333333333	4.088	4.002	3.9286666666666665	3.8926666666666665	3.9026666666666667	3.6946666666666665	3.4006666666666665	3.012	2.997333333333333	2.942	3.0	2.7933333333333334	2.708666666666667	2.739333333333333	2.746	2.6473333333333335	2.298	2.278	2.3013333333333335	2.6013333333333333	4.002	4.312	4.268	4.218666666666667	4.248	4.363333333333333	4.342666666666666	4.343333333333334	4.091333333333333	3.4993333333333334	3.4726666666666666	3.454	3.33	2.7586666666666666	2.4286666666666665	2.404	2.4166666666666665	2.228666666666667	1.8566666666666667	1.8553333333333333	1.8813333333333333	1.882	2.228666666666667	2.3926666666666665	2.3766666666666665	2.3553333333333333	2.3726666666666665	2.444	2.384	2.454	2.508	2.5553333333333335	2.486	2.5873333333333335	2.708666666666667	3.248666666666667	3.486666666666667	3.618	3.554666666666667	3.3826666666666667	3.1553333333333335	3.164	3.116	3.0753333333333335	3.0773333333333333	3.037333333333333	3.0693333333333332	2.828666666666667	2.3106666666666666	1.9233333333333333	1.8486666666666667	1.8313333333333333	1.7153333333333334	1.674	1.6146666666666667	1.65	1.616	1.6206666666666667	1.5806666666666667	1.608	1.5173333333333334	1.4673333333333334	1.4993333333333334	1.5946666666666667	1.6153333333333333	1.444	1.3673333333333333	
3.6366666666666667	3.0493333333333332	2.5966666666666667	2.5086666666666666	2.517333333333333	2.466	4.1066666666666665	6.220666666666666	6.4	6.3	5.511333333333333	5.507333333333333	4.093333333333334	3.982666666666667	3.98	3.924	3.882	3.7066666666666666	3.4346666666666668	2.945333333333333	3.018	2.9886666666666666	2.98	2.922	2.767333333333333	2.832	2.780666666666667	2.622	2.3613333333333335	2.32	2.356	2.6246666666666667	3.9446666666666665	4.272666666666667	4.309333333333333	4.225333333333333	4.263333333333334	4.388	4.362666666666667	4.348	4.06	3.59	3.434	3.376	3.3566666666666665	2.694	2.3886666666666665	2.4193333333333333	2.33	2.1406666666666667	1.826	1.9066666666666667	1.9066666666666667	1.898	2.3366666666666664	2.3633333333333333	2.3526666666666665	2.3366666666666664	2.374	2.485333333333333	2.4113333333333333	2.501333333333333	2.504	2.474	2.533333333333333	2.6406666666666667	2.7333333333333334	3.32	3.558666666666667	3.5753333333333335	3.5233333333333334	3.494	3.184	3.164	3.1886666666666668	3.2106666666666666	2.929333333333333	3.066	2.948	2.864	2.3926666666666665	1.91	1.8313333333333333	1.85	1.7693333333333334	1.624	1.5733333333333333	1.578	1.5386666666666666	1.5626666666666666	1.5833333333333333	1.5853333333333333	1.552	1.5666666666666667	1.5533333333333332	1.5206666666666666	1.518	1.4726666666666666	1.418	
3.656	3.0806666666666667	2.638	2.492	2.4286666666666665	2.508	4.117333333333334	6.475333333333333	6.206	6.223333333333334	5.657333333333334	5.362666666666667	4.02	3.941333333333333	3.892	3.8806666666666665	3.8566666666666665	3.636	3.513333333333333	2.996	3.116	2.9366666666666665	3.014	2.8093333333333335	2.836	2.675333333333333	2.791333333333333	2.6033333333333335	2.356	2.284	2.3186666666666667	2.638	3.8893333333333335	4.298	4.242666666666667	4.319333333333334	4.35	4.341333333333333	4.351333333333334	4.357333333333333	4.105333333333333	3.5806666666666667	3.444	3.472	3.2973333333333334	2.7813333333333334	2.4473333333333334	2.4286666666666665	2.4366666666666665	2.1406666666666667	1.8466666666666667	1.8173333333333332	1.81	1.8933333333333333	2.2933333333333334	2.3493333333333335	2.4526666666666666	2.3733333333333335	2.42	2.4113333333333333	2.421333333333333	2.438	2.546	2.504	2.494666666666667	2.6126666666666667	2.6373333333333333	3.2973333333333334	3.622	3.5633333333333335	3.56	3.3833333333333333	3.152	3.1733333333333333	3.244	3.1373333333333333	3.0513333333333335	3.04	3.025333333333333	2.8906666666666667	2.3113333333333332	1.9553333333333334	1.844	1.8606666666666667	1.7606666666666666	1.5933333333333333	1.6586666666666667	1.6693333333333333	1.5846666666666667	1.538	1.574	1.524	1.562	1.5706666666666667	1.5573333333333332	1.504	1.55	1.5	1.414	
3.6153333333333335	3.026	2.6086666666666667	2.478	2.4993333333333334	2.434	4.064	6.470666666666666	6.414666666666666	6.161333333333333	5.560666666666667	5.406666666666666	4.032666666666667	4.002	3.898	3.9073333333333333	3.888	3.6653333333333333	3.4966666666666666	3.002666666666667	2.98	2.9273333333333333	2.9673333333333334	2.7946666666666666	2.73	2.766	2.692	2.6533333333333333	2.296	2.3106666666666666	2.342	2.6253333333333333	3.872	4.198666666666667	4.304666666666667	4.214666666666667	4.303333333333334	4.256666666666667	4.408	4.331333333333333	3.974	3.497333333333333	3.4966666666666666	3.378	3.252666666666667	2.6593333333333335	2.3873333333333333	2.376	2.2786666666666666	2.166	1.8333333333333333	1.824	1.842	1.9306666666666668	2.254	2.3746666666666667	2.4073333333333333	2.278	2.3853333333333335	2.434	2.4713333333333334	2.4306666666666668	2.444	2.514666666666667	2.5553333333333335	2.544	2.708	3.304666666666667	3.6146666666666665	3.6293333333333333	3.510666666666667	3.4013333333333335	3.124	3.12	3.0926666666666667	3.11	3.042666666666667	3.002	2.8726666666666665	2.892	2.243333333333333	1.9033333333333333	1.8273333333333333	1.856	1.7346666666666666	1.606	1.6393333333333333	1.5753333333333333	1.6433333333333333	1.5253333333333334	1.556	1.5773333333333333	1.5406666666666666	1.5466666666666666	1.5093333333333334	1.462	1.552	1.4966666666666666	1.3626666666666667	
3.624	2.982	2.6453333333333333	2.456	2.46	2.4473333333333334	4.094	6.475333333333333	6.324	6.332666666666666	5.632	5.458666666666667	4.081333333333333	3.8913333333333333	3.926	3.936	3.748	3.5893333333333333	3.3366666666666664	2.906	2.908	2.898	2.9553333333333334	2.8066666666666666	2.7006666666666668	2.75	2.6666666666666665	2.568	2.3033333333333332	2.2386666666666666	2.291333333333333	2.554666666666667	3.8693333333333335	4.319333333333334	4.272666666666667	4.213333333333333	4.222	4.314666666666667	4.365333333333333	4.245333333333333	4.083333333333333	3.4846666666666666	3.4266666666666667	3.4093333333333335	3.256666666666667	2.6546666666666665	2.37	2.3366666666666664	2.382	2.1313333333333335	1.894	1.78	1.8113333333333332	1.862	2.284666666666667	2.386	2.37	2.3193333333333332	2.386	2.386	2.4233333333333333	2.4146666666666667	2.458666666666667	2.468	2.514	2.576	2.6633333333333336	3.2693333333333334	3.5886666666666667	3.606	3.502666666666667	3.452	3.1386666666666665	3.0966666666666667	3.1133333333333333	3.082	2.98	2.970666666666667	3.0153333333333334	2.8713333333333333	2.2413333333333334	1.8473333333333333	1.804	1.7893333333333334	1.7293333333333334	1.6066666666666667	1.6273333333333333	1.5746666666666667	1.5513333333333332	1.554	1.5913333333333333	1.5733333333333333	1.612	1.5966666666666667	1.4986666666666666	1.5113333333333334	1.566	1.4766666666666666	1.3566666666666667	
3.208666666666667	2.76	2.276	2.196	2.183333333333333	2.259333333333333	3.679333333333333	5.834666666666666	5.68	5.6306666666666665	5.023333333333333	4.891333333333334	3.6253333333333333	3.4993333333333334	3.3926666666666665	3.4966666666666666	3.5353333333333334	3.206	3.096	2.6173333333333333	2.592	2.632	2.596	2.458666666666667	2.3793333333333333	2.4686666666666666	2.4226666666666667	2.2586666666666666	2.0453333333333332	2.074666666666667	1.97	2.2533333333333334	3.4873333333333334	3.8313333333333333	3.8013333333333335	3.8693333333333335	3.9713333333333334	3.93	3.8786666666666667	3.9093333333333335	3.6646666666666667	3.0366666666666666	3.0526666666666666	3.0913333333333335	2.856	2.4273333333333333	2.1066666666666665	2.0713333333333335	2.038	1.868	1.6446666666666667	1.5673333333333332	1.5953333333333333	1.64	1.9753333333333334	2.0086666666666666	2.1393333333333335	2.0613333333333332	2.0633333333333335	2.1213333333333333	2.179333333333333	2.1893333333333334	2.224666666666667	2.186	2.1733333333333333	2.19	2.3466666666666667	2.8846666666666665	3.208666666666667	3.223333333333333	3.2173333333333334	2.953333333333333	2.844	2.704	2.738	2.7466666666666666	2.7046666666666668	2.6353333333333335	2.6306666666666665	2.526	2.076	1.7146666666666666	1.624	1.5973333333333333	1.568	1.464	1.4626666666666666	1.3853333333333333	1.452	1.4393333333333334	1.3853333333333333	1.3686666666666667	1.4126666666666667	1.372	1.3353333333333333	1.3633333333333333	1.274	1.3	1.2053333333333334	
2.8386666666666667	2.458	2.070666666666667	1.9433333333333334	2.006	1.9506666666666668	3.3833333333333333	5.147333333333333	5.266666666666667	5.1226666666666665	4.602666666666667	4.494666666666666	3.178	3.0726666666666667	3.1246666666666667	3.0526666666666666	3.0653333333333332	2.9106666666666667	2.692	2.3186666666666667	2.2853333333333334	2.294	2.296	2.1946666666666665	2.1353333333333335	2.1646666666666667	2.1773333333333333	2.0046666666666666	1.828	1.764	1.8073333333333332	2.05	3.122	3.484	3.418	3.524	3.502	3.498	3.6593333333333335	3.5553333333333335	3.3426666666666667	2.82	2.752	2.7953333333333332	2.658	2.1733333333333333	1.942	1.848	1.844	1.6426666666666667	1.45	1.3786666666666667	1.398	1.492	1.854	1.906	1.8373333333333333	1.9293333333333333	1.918	1.8126666666666666	2.004	1.9193333333333333	1.8953333333333333	1.9786666666666666	1.978	2.008	2.21	2.6113333333333335	2.9353333333333333	2.9233333333333333	2.9093333333333335	2.716	2.5473333333333334	2.5613333333333332	2.5713333333333335	2.47	2.4566666666666666	2.3513333333333333	2.3986666666666667	2.291333333333333	1.8406666666666667	1.504	1.4733333333333334	1.4506666666666668	1.4146666666666667	1.2913333333333334	1.2753333333333334	1.234	1.2406666666666666	1.2073333333333334	1.2713333333333334	1.2113333333333334	1.254	1.1893333333333334	1.1773333333333333	1.1986666666666668	1.1506666666666667	1.194	1.1266666666666667	
2.5193333333333334	2.1733333333333333	1.8546666666666667	1.8133333333333332	1.84	1.7753333333333334	2.989333333333333	4.818	4.782666666666667	4.664666666666666	4.096	4.1433333333333335	2.842	2.7973333333333334	2.784666666666667	2.804666666666667	2.7653333333333334	2.6986666666666665	2.485333333333333	1.9693333333333334	2.036	1.996	2.0686666666666667	1.9113333333333333	1.9246666666666667	1.866	1.8873333333333333	1.7573333333333334	1.6086666666666667	1.624	1.6173333333333333	1.9	2.8053333333333335	3.1533333333333333	3.1426666666666665	3.195333333333333	3.1433333333333335	3.2773333333333334	3.178	3.216	3.014	2.558666666666667	2.4426666666666668	2.4846666666666666	2.3773333333333335	1.964	1.6646666666666667	1.6946666666666668	1.6726666666666667	1.494	1.282	1.286	1.2913333333333334	1.312	1.6226666666666667	1.642	1.7313333333333334	1.6966666666666668	1.7233333333333334	1.7726666666666666	1.7406666666666666	1.714	1.806	1.848	1.8613333333333333	1.7346666666666666	1.9833333333333334	2.3753333333333333	2.588	2.656	2.6293333333333333	2.458	2.3066666666666666	2.240666666666667	2.2	2.284666666666667	2.1806666666666668	2.175333333333333	2.172	2.0633333333333335	1.608	1.3373333333333333	1.3313333333333333	1.2733333333333334	1.2353333333333334	1.1166666666666667	1.0633333333333332	1.1093333333333333	1.124	1.1273333333333333	1.082	1.1146666666666667	1.164	1.0486666666666666	1.11	1.0666666666666667	1.082	1.012	0.9326666666666666	
2.3106666666666666	1.956	1.704	1.572	1.5926666666666667	1.592	2.748	4.34	4.258	4.298	3.800666666666667	3.722	2.634	2.5946666666666665	2.562	2.4926666666666666	2.505333333333333	2.3266666666666667	2.2066666666666666	1.9026666666666667	1.9113333333333333	1.824	1.8726666666666667	1.742	1.734	1.7573333333333334	1.6926666666666668	1.604	1.4566666666666668	1.4553333333333334	1.4433333333333334	1.634	2.61	2.9506666666666668	2.902	2.8586666666666667	2.8413333333333335	2.925333333333333	2.9426666666666668	2.982666666666667	2.748666666666667	2.3513333333333333	2.2013333333333334	2.208666666666667	2.211333333333333	1.742	1.5793333333333333	1.4873333333333334	1.4813333333333334	1.3166666666666667	1.1473333333333333	1.1226666666666667	1.1193333333333333	1.2486666666666666	1.4626666666666666	1.5066666666666666	1.5266666666666666	1.5406666666666666	1.492	1.57	1.5666666666666667	1.5606666666666666	1.6466666666666667	1.692	1.6146666666666667	1.7253333333333334	1.794	2.1813333333333333	2.42	2.3993333333333333	2.4306666666666668	2.272666666666667	2.070666666666667	2.1006666666666667	2.1386666666666665	2.041333333333333	1.9633333333333334	1.9546666666666668	2.0006666666666666	1.8686666666666667	1.5093333333333334	1.1826666666666668	1.1853333333333333	1.1473333333333333	1.0753333333333333	1.0533333333333332	0.996	1.0473333333333332	0.9946666666666667	1.0093333333333334	0.9966666666666667	0.988	0.99	0.9873333333333333	0.9986666666666667	0.9826666666666667	0.992	0.9066666666666666	0.892	
2.042	1.8153333333333332	1.496	1.458	1.4126666666666667	1.3526666666666667	2.532	3.9553333333333334	4.053333333333334	4.042	3.496	3.3733333333333335	2.4233333333333333	2.344	2.3586666666666667	2.3433333333333333	2.3033333333333332	2.187333333333333	1.9353333333333333	1.6993333333333334	1.6786666666666668	1.622	1.6506666666666667	1.5806666666666667	1.56	1.5513333333333332	1.5633333333333332	1.378	1.3306666666666667	1.286	1.2786666666666666	1.4893333333333334	2.461333333333333	2.674	2.6473333333333335	2.678	2.6853333333333333	2.656	2.67	2.686	2.5206666666666666	2.0953333333333335	2.0366666666666666	2.026666666666667	2.002	1.6513333333333333	1.424	1.36	1.3433333333333333	1.216	1.016	0.9626666666666667	1.0306666666666666	1.1093333333333333	1.2893333333333334	1.4266666666666667	1.4293333333333333	1.3326666666666667	1.3906666666666667	1.532	1.4013333333333333	1.4146666666666667	1.4053333333333333	1.46	1.5353333333333334	1.5026666666666666	1.626	1.9993333333333334	2.219333333333333	2.223333333333333	2.202	2.0433333333333334	1.9226666666666667	1.9373333333333334	1.854	1.874	1.8006666666666666	1.8606666666666667	1.8486666666666667	1.67	1.3793333333333333	1.0813333333333333	1.0666666666666667	1.052	0.9866666666666667	0.9633333333333334	0.9346666666666666	0.8933333333333333	0.9133333333333333	0.9086666666666666	0.912	0.8733333333333333	0.906	0.9146666666666666	0.864	0.922	0.8913333333333333	0.8553333333333333	0.784	
1.8686666666666667	1.644	1.3806666666666667	1.38	1.3766666666666667	1.3273333333333333	2.3806666666666665	3.787333333333333	3.732666666666667	3.6686666666666667	3.2853333333333334	3.1626666666666665	2.215333333333333	2.1726666666666667	2.1153333333333335	2.0946666666666665	2.13	1.9693333333333334	1.8713333333333333	1.504	1.5406666666666666	1.48	1.4406666666666668	1.4693333333333334	1.3426666666666667	1.4046666666666667	1.3246666666666667	1.302	1.2366666666666666	1.184	1.206	1.3266666666666667	2.2613333333333334	2.429333333333333	2.457333333333333	2.469333333333333	2.5126666666666666	2.536	2.49	2.542	2.346	1.9586666666666666	1.922	1.93	1.776	1.4533333333333334	1.254	1.2026666666666668	1.2573333333333334	1.0826666666666667	0.94	0.892	0.9413333333333334	0.9666666666666667	1.2233333333333334	1.238	1.2686666666666666	1.344	1.2906666666666666	1.2913333333333334	1.3673333333333333	1.3533333333333333	1.3626666666666667	1.3566666666666667	1.388	1.4153333333333333	1.506	1.8986666666666667	1.9753333333333334	2.014	2.084	1.954	1.7626666666666666	1.8026666666666666	1.7366666666666666	1.7806666666666666	1.6453333333333333	1.7306666666666666	1.6893333333333334	1.598	1.2546666666666666	1.012	0.9506666666666667	0.9513333333333334	0.9433333333333334	0.8733333333333333	0.8506666666666667	0.854	0.8446666666666667	0.8826666666666667	0.784	0.784	0.8553333333333333	0.8346666666666667	0.76	0.8346666666666667	0.808	0.7666666666666667	0.7253333333333334	
1.6906666666666668	1.4106666666666667	1.2933333333333332	1.2226666666666666	1.2273333333333334	1.2286666666666666	2.1373333333333333	3.4153333333333333	3.4466666666666668	3.5393333333333334	3.116	2.985333333333333	2.048	1.9953333333333334	1.954	1.9806666666666666	2.0313333333333334	1.854	1.7066666666666668	1.4033333333333333	1.4113333333333333	1.4126666666666667	1.4026666666666667	1.3673333333333333	1.272	1.2513333333333334	1.2726666666666666	1.158	1.16	1.1086666666666667	1.116	1.302	2.096	2.322	2.291333333333333	2.2986666666666666	2.3366666666666664	2.4506666666666668	2.3933333333333335	2.316	2.236666666666667	1.8826666666666667	1.7386666666666666	1.84	1.6466666666666667	1.33	1.1033333333333333	1.186	1.1193333333333333	1.0126666666666666	0.8406666666666667	0.796	0.862	0.9506666666666667	1.1366666666666667	1.1993333333333334	1.188	1.2166666666666666	1.214	1.2253333333333334	1.2493333333333334	1.242	1.2673333333333334	1.2886666666666666	1.2966666666666666	1.2933333333333332	1.37	1.7053333333333334	1.8933333333333333	1.9133333333333333	1.7933333333333332	1.7426666666666666	1.632	1.5986666666666667	1.664	1.6233333333333333	1.5566666666666666	1.5246666666666666	1.572	1.4466666666666668	1.1206666666666667	0.9086666666666666	0.8966666666666666	0.8606666666666667	0.8306666666666667	0.774	0.756	0.7986666666666666	0.7753333333333333	0.7746666666666666	0.7453333333333333	0.7446666666666667	0.7386666666666667	0.7366666666666667	0.754	0.7126666666666667	0.7166666666666667	0.706	0.6626666666666666	
1.524	1.37	1.1713333333333333	1.1953333333333334	1.114	1.174	2.010666666666667	3.4153333333333333	3.239333333333333	3.2493333333333334	2.8293333333333335	2.75	1.9146666666666667	1.8686666666666667	1.84	1.8193333333333332	1.816	1.7146666666666666	1.6053333333333333	1.31	1.3293333333333333	1.3393333333333333	1.2753333333333334	1.2046666666666668	1.19	1.154	1.172	1.0633333333333332	1.0206666666666666	1.002	0.9986666666666667	1.2086666666666666	1.9566666666666668	2.146	2.124	2.1626666666666665	2.194	2.2426666666666666	2.212666666666667	2.171333333333333	2.042	1.674	1.638	1.666	1.56	1.2413333333333334	1.0333333333333334	1.0933333333333333	1.0246666666666666	0.8906666666666667	0.764	0.7873333333333333	0.7693333333333333	0.872	1.0553333333333332	1.112	1.0626666666666666	1.136	1.098	1.0866666666666667	1.072	1.1386666666666667	1.1433333333333333	1.178	1.168	1.1913333333333334	1.3226666666666667	1.6493333333333333	1.7493333333333334	1.806	1.736	1.6686666666666667	1.5206666666666666	1.5573333333333332	1.5326666666666666	1.464	1.5113333333333334	1.4813333333333334	1.468	1.3593333333333333	1.0666666666666667	0.8533333333333334	0.844	0.808	0.7953333333333333	0.7013333333333334	0.7146666666666667	0.7173333333333334	0.7186666666666667	0.722	0.7153333333333334	0.728	0.7466666666666667	0.7	0.682	0.7006666666666667	0.68	0.61	0.6213333333333333	
1.4253333333333333	1.258	1.092	1.1366666666666667	1.048	1.066	1.878	3.0893333333333333	3.1006666666666667	3.0593333333333335	2.764666666666667	2.678	1.81	1.6933333333333334	1.702	1.7326666666666666	1.7293333333333334	1.6233333333333333	1.4573333333333334	1.242	1.2073333333333334	1.2186666666666666	1.1326666666666667	1.1386666666666667	1.1106666666666667	1.1066666666666667	1.0786666666666667	1.0226666666666666	0.938	0.956	0.9746666666666667	1.1066666666666667	1.866	2.004	1.9986666666666666	2.0766666666666667	2.048	2.0886666666666667	2.038666666666667	2.064	1.9133333333333333	1.604	1.534	1.538	1.476	1.1286666666666667	0.948	0.9666666666666667	1.0053333333333334	0.8473333333333334	0.7473333333333333	0.7653333333333333	0.714	0.7786666666666666	0.958	0.9966666666666667	0.982	1.04	1.0446666666666666	1.068	1.0453333333333332	1.064	1.04	1.124	1.15	1.172	1.212	1.56	1.694	1.7286666666666666	1.6333333333333333	1.5666666666666667	1.4373333333333334	1.422	1.4226666666666667	1.3866666666666667	1.3993333333333333	1.346	1.408	1.2313333333333334	0.9993333333333333	0.8253333333333334	0.736	0.7466666666666667	0.7633333333333333	0.6593333333333333	0.666	0.626	0.6286666666666667	0.6293333333333333	0.6686666666666666	0.676	0.6426666666666667	0.6373333333333333	0.6286666666666667	0.6186666666666667	0.6693333333333333	0.5853333333333334	0.5693333333333334	
1.3066666666666666	1.154	1.09	0.958	0.97	0.926	1.8153333333333332	2.969333333333333	2.894	2.8693333333333335	2.5686666666666667	2.4833333333333334	1.7	1.592	1.5966666666666667	1.65	1.576	1.4733333333333334	1.3866666666666667	1.1466666666666667	1.1413333333333333	1.1273333333333333	1.1346666666666667	1.022	1.002	1.0033333333333334	1.0133333333333334	0.9633333333333334	0.8546666666666667	0.8766666666666667	0.8313333333333334	1.0533333333333332	1.7293333333333334	1.8713333333333333	1.876	1.9373333333333334	1.9086666666666667	1.978	1.8973333333333333	1.9613333333333334	1.822	1.5473333333333332	1.4986666666666666	1.442	1.4046666666666667	1.1033333333333333	0.932	0.8953333333333333	0.8693333333333333	0.76	0.72	0.6613333333333333	0.68	0.7366666666666667	0.8886666666666667	1.0186666666666666	0.9613333333333334	0.9806666666666667	0.9486666666666667	1.0153333333333334	0.9906666666666667	1.0313333333333334	1.0546666666666666	1.0433333333333332	1.0446666666666666	1.0446666666666666	1.1153333333333333	1.448	1.5913333333333333	1.5606666666666666	1.5346666666666666	1.506	1.314	1.3346666666666667	1.3053333333333332	1.328	1.238	1.3413333333333333	1.2986666666666666	1.176	0.9113333333333333	0.7226666666666667	0.7	0.7126666666666667	0.68	0.6393333333333333	0.642	0.66	0.5893333333333334	0.612	0.6526666666666666	0.5813333333333334	0.6066666666666667	0.6146666666666667	0.5966666666666667	0.5786666666666667	0.5753333333333334	0.5646666666666667	0.5533333333333333	
1.2493333333333334	1.0833333333333333	0.9526666666666667	0.91	0.9146666666666666	0.902	1.692	2.766	2.7373333333333334	2.716666666666667	2.425333333333333	2.344	1.5846666666666667	1.4953333333333334	1.5266666666666666	1.4966666666666666	1.508	1.3833333333333333	1.2993333333333332	1.03	0.9953333333333333	1.0733333333333333	1.0806666666666667	0.9486666666666667	0.952	0.9486666666666667	0.928	0.9146666666666666	0.856	0.8046666666666666	0.7886666666666666	0.9773333333333334	1.626	1.7646666666666666	1.824	1.788	1.854	1.9226666666666667	1.884	1.8933333333333333	1.7086666666666666	1.3726666666666667	1.3093333333333332	1.364	1.324	1.044	0.8626666666666667	0.872	0.8726666666666667	0.7893333333333333	0.6033333333333334	0.6053333333333333	0.606	0.6886666666666666	0.778	0.908	0.8713333333333333	0.894	0.93	0.984	0.9366666666666666	0.9033333333333333	0.972	0.9886666666666667	0.9773333333333334	0.9793333333333333	1.0553333333333332	1.2706666666666666	1.48	1.5286666666666666	1.4633333333333334	1.336	1.2433333333333334	1.2286666666666666	1.236	1.228	1.2033333333333334	1.204	1.1573333333333333	1.1193333333333333	0.8853333333333333	0.678	0.7053333333333334	0.666	0.6113333333333333	0.6453333333333333	0.5833333333333334	0.576	0.58	0.5773333333333334	0.5906666666666667	0.5853333333333334	0.56	0.546	0.5546666666666666	0.5706666666666667	0.5693333333333334	0.5206666666666667	0.5053333333333333	
1.1813333333333333	1.042	0.8966666666666666	0.892	0.87	0.8426666666666667	1.6246666666666667	2.556	2.5633333333333335	2.5906666666666665	2.274	2.2093333333333334	1.5106666666666666	1.44	1.43	1.416	1.4126666666666667	1.3206666666666667	1.2233333333333334	0.9986666666666667	0.968	0.972	0.972	0.9126666666666666	0.9193333333333333	0.9086666666666666	0.868	0.8626666666666667	0.762	0.7953333333333333	0.776	0.886	1.608	1.7646666666666666	1.688	1.6813333333333333	1.7146666666666666	1.784	1.768	1.782	1.6166666666666667	1.3593333333333333	1.2926666666666666	1.2686666666666666	1.208	0.9846666666666667	0.7626666666666667	0.838	0.8013333333333333	0.714	0.5706666666666667	0.5686666666666667	0.5886666666666667	0.654	0.8033333333333333	0.8693333333333333	0.8313333333333334	0.8066666666666666	0.8473333333333334	0.8733333333333333	0.8426666666666667	0.8926666666666667	0.9093333333333333	0.9326666666666666	0.8913333333333333	0.904	1.0386666666666666	1.2466666666666666	1.3926666666666667	1.4766666666666666	1.3806666666666667	1.2506666666666666	1.2453333333333334	1.1793333333333333	1.15	1.1446666666666667	1.1453333333333333	1.1786666666666668	1.12	1.046	0.8386666666666667	0.6526666666666666	0.642	0.5933333333333334	0.6193333333333333	0.5833333333333334	0.542	0.5566666666666666	0.548	0.5726666666666667	0.5286666666666666	0.5133333333333333	0.5486666666666666	0.49933333333333335	0.5153333333333333	0.558	0.5333333333333333	0.5153333333333333	0.4686666666666667	
1.0993333333333333	0.966	0.8293333333333334	0.8586666666666667	0.822	0.784	1.4893333333333334	2.478666666666667	2.482666666666667	2.4386666666666668	2.216	2.162	1.3793333333333333	1.3086666666666666	1.336	1.3066666666666666	1.3986666666666667	1.2546666666666666	1.136	0.8986666666666666	0.934	0.9226666666666666	0.868	0.86	0.8093333333333333	0.8413333333333334	0.8046666666666666	0.7893333333333333	0.732	0.722	0.716	0.8406666666666667	1.4633333333333334	1.6166666666666667	1.6406666666666667	1.638	1.658	1.6273333333333333	1.596	1.6313333333333333	1.5266666666666666	1.242	1.2273333333333334	1.222	1.1653333333333333	0.8933333333333333	0.7613333333333333	0.7746666666666666	0.736	0.708	0.5806666666666667	0.5213333333333333	0.566	0.6046666666666667	0.7446666666666667	0.808	0.7746666666666666	0.7866666666666666	0.8286666666666667	0.828	0.8646666666666667	0.862	0.8306666666666667	0.8826666666666667	0.8866666666666667	0.8746666666666667	0.9753333333333334	1.1953333333333334	1.34	1.3093333333333332	1.3686666666666667	1.19	1.2113333333333334	1.198	1.1193333333333333	1.0993333333333333	1.0413333333333334	1.0846666666666667	1.0753333333333333	1.02	0.8073333333333333	0.616	0.6026666666666667	0.5986666666666667	0.5813333333333334	0.5186666666666667	0.47933333333333333	0.5266666666666666	0.52	0.506	0.522	0.502	0.49866666666666665	0.506	0.4686666666666667	0.48733333333333334	0.504	0.454	0.45466666666666666	
1.038	0.902	0.7766666666666666	0.8266666666666667	0.768	0.784	1.412	2.3613333333333335	2.33	2.243333333333333	2.0933333333333333	2.0406666666666666	1.2986666666666666	1.2946666666666666	1.2953333333333332	1.2466666666666666	1.2173333333333334	1.144	1.0746666666666667	0.878	0.8926666666666667	0.8993333333333333	0.8426666666666667	0.7986666666666666	0.804	0.7686666666666667	0.7973333333333333	0.7173333333333334	0.686	0.6393333333333333	0.662	0.842	1.366	1.5266666666666666	1.558	1.5486666666666666	1.478	1.5906666666666667	1.582	1.5713333333333332	1.4373333333333334	1.196	1.1753333333333333	1.1706666666666667	1.0973333333333333	0.8506666666666667	0.7286666666666667	0.7473333333333333	0.678	0.63	0.534	0.492	0.494	0.5393333333333333	0.7126666666666667	0.7426666666666667	0.7566666666666667	0.7346666666666667	0.784	0.7973333333333333	0.8186666666666667	0.808	0.7606666666666667	0.8453333333333334	0.8333333333333334	0.8246666666666667	0.9133333333333333	1.1226666666666667	1.246	1.2106666666666666	1.2266666666666666	1.1213333333333333	1.0826666666666667	1.054	1.074	1.088	1.046	0.9913333333333333	1.0466666666666666	0.9633333333333334	0.7786666666666666	0.6206666666666667	0.564	0.5726666666666667	0.5426666666666666	0.488	0.488	0.49	0.444	0.47333333333333333	0.48133333333333334	0.45266666666666666	0.48333333333333334	0.49	0.4646666666666667	0.488	0.4846666666666667	0.44733333333333336	0.4246666666666667	
0.97	0.8893333333333333	0.7533333333333333	0.7473333333333333	0.7273333333333334	0.7526666666666667	1.3806666666666667	2.298	2.32	2.235333333333333	1.9886666666666666	1.9406666666666668	1.248	1.1873333333333334	1.242	1.2006666666666668	1.204	1.1513333333333333	1.0206666666666666	0.8193333333333334	0.8333333333333334	0.838	0.7953333333333333	0.7913333333333333	0.7226666666666667	0.7726666666666666	0.7573333333333333	0.7373333333333333	0.6233333333333333	0.6686666666666666	0.6566666666666666	0.77	1.258	1.4533333333333334	1.4426666666666668	1.4453333333333334	1.462	1.5213333333333334	1.5033333333333334	1.5366666666666666	1.3846666666666667	1.168	1.1053333333333333	1.1286666666666667	1.0766666666666667	0.814	0.7133333333333334	0.6973333333333334	0.686	0.5926666666666667	0.508	0.526	0.492	0.5453333333333333	0.6893333333333334	0.708	0.7033333333333334	0.766	0.7473333333333333	0.77	0.746	0.7293333333333333	0.788	0.812	0.7846666666666666	0.8206666666666667	0.9013333333333333	1.0433333333333332	1.228	1.2073333333333334	1.1606666666666667	1.1233333333333333	1.0053333333333334	1.0113333333333334	1.03	0.992	0.9813333333333333	0.9833333333333333	0.968	0.8986666666666666	0.7233333333333334	0.532	0.54	0.5373333333333333	0.5013333333333333	0.4713333333333333	0.4846666666666667	0.46066666666666667	0.48933333333333334	0.4513333333333333	0.5013333333333333	0.4633333333333333	0.422	0.45	0.4206666666666667	0.43	0.444	0.44866666666666666	0.4166666666666667	
0.9013333333333333	0.826	0.7366666666666667	0.7086666666666667	0.7106666666666667	0.722	1.312	2.176	2.1846666666666668	2.136	2.002666666666667	1.8766666666666667	1.2133333333333334	1.172	1.132	1.15	1.116	1.096	0.982	0.7906666666666666	0.826	0.7766666666666666	0.8266666666666667	0.744	0.6986666666666667	0.728	0.746	0.6726666666666666	0.5573333333333333	0.6053333333333333	0.6	0.712	1.2386666666666666	1.4006666666666667	1.4273333333333333	1.378	1.4013333333333333	1.426	1.4013333333333333	1.4153333333333333	1.328	1.0753333333333333	1.068	1.0386666666666666	1.0473333333333332	0.7813333333333333	0.6386666666666667	0.624	0.642	0.5766666666666667	0.476	0.44466666666666665	0.476	0.508	0.6313333333333333	0.696	0.698	0.6993333333333334	0.6893333333333334	0.7313333333333333	0.7146666666666667	0.7153333333333334	0.7533333333333333	0.752	0.7526666666666667	0.7933333333333333	0.8146666666666667	1.022	1.1493333333333333	1.1406666666666667	1.126	1.0506666666666666	0.994	0.9693333333333334	0.9513333333333334	0.952	0.9433333333333334	0.916	0.9026666666666666	0.8726666666666667	0.706	0.5333333333333333	0.508	0.486	0.4666666666666667	0.412	0.44733333333333336	0.478	0.422	0.44533333333333336	0.4513333333333333	0.44866666666666666	0.4533333333333333	0.438	0.446	0.452	0.3933333333333333	0.3913333333333333	0.39066666666666666	
0.8626666666666667	0.8026666666666666	0.6933333333333334	0.672	0.6613333333333333	0.6726666666666666	1.2673333333333334	2.066	1.9873333333333334	2.03	1.896	1.7853333333333334	1.106	1.07	1.0886666666666667	1.1426666666666667	1.138	1.0006666666666666	0.9326666666666666	0.7633333333333333	0.7573333333333333	0.7806666666666666	0.7606666666666667	0.652	0.6726666666666666	0.7046666666666667	0.66	0.6326666666666667	0.5686666666666667	0.5753333333333334	0.5846666666666667	0.71	1.2146666666666666	1.3633333333333333	1.3533333333333333	1.3953333333333333	1.392	1.3513333333333333	1.346	1.3853333333333333	1.3093333333333332	1.056	0.9446666666666667	1.0006666666666666	1.004	0.7426666666666667	0.612	0.616	0.6113333333333333	0.5366666666666666	0.4686666666666667	0.446	0.4533333333333333	0.494	0.6486666666666666	0.734	0.6593333333333333	0.624	0.694	0.6766666666666666	0.716	0.6746666666666666	0.6766666666666666	0.7086666666666667	0.7193333333333334	0.7613333333333333	0.7846666666666666	1.036	1.1093333333333333	1.1226666666666667	1.08	1.0586666666666666	1.006	0.9246666666666666	0.954	0.896	0.9226666666666666	0.882	0.8873333333333333	0.8333333333333334	0.654	0.502	0.5073333333333333	0.4726666666666667	0.4666666666666667	0.4146666666666667	0.43066666666666664	0.43933333333333335	0.404	0.39866666666666667	0.4266666666666667	0.438	0.434	0.3893333333333333	0.392	0.3873333333333333	0.37466666666666665	0.394	0.36466666666666664	
0.8913333333333333	0.7893333333333333	0.6873333333333334	0.652	0.622	0.654	1.2086666666666666	1.9993333333333334	1.99	2.04	1.7413333333333334	1.714	1.0886666666666667	1.002	1.026	1.0406666666666666	1.0773333333333333	0.9733333333333334	0.928	0.698	0.732	0.696	0.6973333333333334	0.6566666666666666	0.6326666666666667	0.6673333333333333	0.6053333333333333	0.5913333333333334	0.5586666666666666	0.5586666666666666	0.57	0.6886666666666666	1.1753333333333333	1.2733333333333334	1.3426666666666667	1.2966666666666666	1.314	1.352	1.3406666666666667	1.3466666666666667	1.24	1.0386666666666666	0.9493333333333334	0.9366666666666666	0.9206666666666666	0.678	0.5666666666666667	0.5926666666666667	0.5746666666666667	0.492	0.448	0.43533333333333335	0.46066666666666667	0.4533333333333333	0.638	0.62	0.65	0.6326666666666667	0.6333333333333333	0.6453333333333333	0.6546666666666666	0.6633333333333333	0.65	0.7053333333333334	0.7106666666666667	0.674	0.7793333333333333	0.9573333333333334	1.0953333333333333	1.0906666666666667	1.0133333333333334	1.0053333333333334	0.9213333333333333	0.8973333333333333	0.882	0.8973333333333333	0.8653333333333333	0.8433333333333334	0.8573333333333333	0.804	0.638	0.4613333333333333	0.4593333333333333	0.468	0.44	0.418	0.3993333333333333	0.39266666666666666	0.412	0.396	0.38333333333333336	0.388	0.4106666666666667	0.4086666666666667	0.396	0.426	0.396	0.37533333333333335	0.352	
0.8266666666666667	0.706	0.6586666666666666	0.656	0.616	0.624	1.1246666666666667	1.888	1.9193333333333333	1.892	1.6633333333333333	1.562	1.0526666666666666	1.0213333333333334	1.0273333333333334	0.988	1.0133333333333334	0.9846666666666667	0.8453333333333334	0.6726666666666666	0.678	0.6446666666666667	0.688	0.624	0.5766666666666667	0.618	0.64	0.6146666666666667	0.5606666666666666	0.52	0.5486666666666666	0.6213333333333333	1.068	1.1986666666666668	1.2986666666666666	1.2326666666666666	1.2553333333333334	1.314	1.282	1.274	1.1793333333333333	0.9753333333333334	0.9266666666666666	0.9066666666666666	0.8866666666666667	0.6746666666666666	0.5913333333333334	0.5586666666666666	0.5693333333333334	0.5026666666666667	0.4266666666666667	0.4126666666666667	0.39866666666666667	0.44666666666666666	0.5653333333333334	0.604	0.6013333333333334	0.6213333333333333	0.604	0.6626666666666666	0.684	0.6153333333333333	0.6126666666666667	0.662	0.6886666666666666	0.6566666666666666	0.7126666666666667	0.946	0.9793333333333333	0.9966666666666667	1.0013333333333334	0.988	0.9186666666666666	0.86	0.838	0.8033333333333333	0.8346666666666667	0.8186666666666667	0.8146666666666667	0.7686666666666667	0.622	0.49466666666666664	0.434	0.452	0.4146666666666667	0.37066666666666664	0.4073333333333333	0.39	0.38133333333333336	0.37066666666666664	0.37866666666666665	0.38666666666666666	0.37666666666666665	0.368	0.39866666666666667	0.35933333333333334	0.3606666666666667	0.3353333333333333	0.33466666666666667	
0.79	0.686	0.6486666666666666	0.6013333333333334	0.56	0.5926666666666667	1.198	1.862	1.812	1.8493333333333333	1.608	1.5613333333333332	1.0013333333333334	0.946	0.9586666666666667	0.9466666666666667	0.9726666666666667	0.8626666666666667	0.8206666666666667	0.6493333333333333	0.674	0.618	0.6526666666666666	0.6053333333333333	0.5913333333333334	0.5713333333333334	0.6113333333333333	0.546	0.556	0.49666666666666665	0.5253333333333333	0.604	1.0946666666666667	1.25	1.174	1.234	1.218	1.2366666666666666	1.2466666666666666	1.188	1.1333333333333333	0.9533333333333334	0.9	0.8873333333333333	0.8486666666666667	0.656	0.536	0.5413333333333333	0.5713333333333334	0.4633333333333333	0.41133333333333333	0.386	0.35733333333333334	0.42533333333333334	0.5373333333333333	0.586	0.5966666666666667	0.5886666666666667	0.578	0.586	0.6153333333333333	0.574	0.6166666666666667	0.6253333333333333	0.6373333333333333	0.6386666666666667	0.668	0.8806666666666667	0.996	0.9986666666666667	0.95	0.8833333333333333	0.8393333333333334	0.8073333333333333	0.78	0.8146666666666667	0.826	0.812	0.84	0.7406666666666667	0.5813333333333334	0.422	0.432	0.4126666666666667	0.44066666666666665	0.386	0.37333333333333335	0.414	0.35533333333333333	0.37266666666666665	0.39666666666666667	0.36733333333333335	0.36666666666666664	0.3626666666666667	0.378	0.342	0.3393333333333333	0.3446666666666667	0.306	
0.7866666666666666	0.6593333333333333	0.5833333333333334	0.5686666666666667	0.5826666666666667	0.5686666666666667	1.052	1.8153333333333332	1.7753333333333334	1.7093333333333334	1.5606666666666666	1.4766666666666666	0.9706666666666667	0.936	0.8886666666666667	0.9106666666666666	0.9286666666666666	0.8613333333333333	0.764	0.6173333333333333	0.6486666666666666	0.5973333333333334	0.6193333333333333	0.574	0.5633333333333334	0.5653333333333334	0.5786666666666667	0.5366666666666666	0.5033333333333333	0.48133333333333334	0.4826666666666667	0.594	1.0266666666666666	1.156	1.152	1.118	1.2046666666666668	1.236	1.1533333333333333	1.1353333333333333	1.122	0.9226666666666666	0.8453333333333334	0.8133333333333334	0.792	0.6186666666666667	0.5553333333333333	0.5	0.5153333333333333	0.45	0.37	0.37333333333333335	0.35133333333333333	0.416	0.546	0.5586666666666666	0.546	0.55	0.5753333333333334	0.5793333333333334	0.604	0.5573333333333333	0.6233333333333333	0.5873333333333334	0.5886666666666667	0.5993333333333334	0.652	0.842	0.8953333333333333	0.9493333333333334	0.9593333333333334	0.9593333333333334	0.762	0.8133333333333334	0.7673333333333333	0.7653333333333333	0.738	0.7453333333333333	0.764	0.7346666666666667	0.5333333333333333	0.434	0.37933333333333336	0.41	0.3913333333333333	0.37933333333333336	0.37	0.35733333333333334	0.3606666666666667	0.36	0.352	0.372	0.35533333333333333	0.36866666666666664	0.3473333333333333	0.31666666666666665	0.3446666666666667	0.29933333333333334	0.3006666666666667	
0.7	0.6646666666666666	0.5866666666666667	0.5406666666666666	0.5526666666666666	0.574	1.0113333333333334	1.812	1.726	1.7233333333333334	1.506	1.4513333333333334	0.9173333333333333	0.9473333333333334	0.8893333333333333	0.9013333333333333	0.8806666666666667	0.86	0.7913333333333333	0.6273333333333333	0.624	0.5926666666666667	0.5813333333333334	0.564	0.5113333333333333	0.5213333333333333	0.5366666666666666	0.51	0.446	0.498	0.43733333333333335	0.5506666666666666	1.012	1.0813333333333333	1.1253333333333333	1.13	1.156	1.1093333333333333	1.096	1.106	1.076	0.8993333333333333	0.81	0.8586666666666667	0.8206666666666667	0.5913333333333334	0.5006666666666667	0.48133333333333334	0.4653333333333333	0.4633333333333333	0.37466666666666665	0.36533333333333334	0.3273333333333333	0.392	0.4826666666666667	0.5326666666666666	0.5493333333333333	0.566	0.5333333333333333	0.5586666666666666	0.536	0.5733333333333334	0.564	0.586	0.6053333333333333	0.602	0.6666666666666666	0.7606666666666667	0.89	0.9113333333333333	0.8833333333333333	0.8626666666666667	0.7946666666666666	0.804	0.73	0.7106666666666667	0.7346666666666667	0.704	0.7313333333333333	0.7026666666666667	0.5166666666666667	0.424	0.394	0.4093333333333333	0.382	0.2966666666666667	0.35133333333333333	0.36466666666666664	0.33266666666666667	0.32466666666666666	0.32466666666666666	0.31933333333333336	0.32266666666666666	0.344	0.32066666666666666	0.35333333333333333	0.3313333333333333	0.32666666666666666	0.33	
0.7066666666666667	0.628	0.5506666666666666	0.5273333333333333	0.5286666666666666	0.512	1.0106666666666666	1.6493333333333333	1.674	1.6633333333333333	1.4166666666666667	1.4393333333333334	0.9	0.9	0.872	0.8973333333333333	0.8613333333333333	0.7886666666666666	0.7213333333333334	0.5733333333333334	0.582	0.588	0.5773333333333334	0.552	0.5073333333333333	0.48533333333333334	0.5313333333333333	0.5153333333333333	0.4593333333333333	0.4673333333333333	0.43333333333333335	0.5413333333333333	0.9193333333333333	1.0866666666666667	1.0513333333333332	1.088	1.1086666666666667	1.0846666666666667	1.1093333333333333	1.1186666666666667	1.014	0.838	0.8	0.7766666666666666	0.7226666666666667	0.5653333333333334	0.47	0.49266666666666664	0.45866666666666667	0.41733333333333333	0.342	0.36933333333333335	0.3406666666666667	0.36133333333333334	0.48133333333333334	0.5306666666666666	0.5006666666666667	0.5213333333333333	0.524	0.5286666666666666	0.5133333333333333	0.55	0.5466666666666666	0.5646666666666667	0.5593333333333333	0.5473333333333333	0.612	0.7906666666666666	0.9166666666666666	0.9386666666666666	0.934	0.8253333333333334	0.7313333333333333	0.73	0.7326666666666667	0.686	0.702	0.696	0.694	0.6946666666666667	0.5213333333333333	0.39	0.4046666666666667	0.41933333333333334	0.36466666666666664	0.31266666666666665	0.336	0.3473333333333333	0.332	0.2886666666666667	0.32133333333333336	0.3313333333333333	0.3406666666666667	0.3293333333333333	0.31933333333333336	0.352	0.31333333333333335	0.29933333333333334	0.2733333333333333	
0.6633333333333333	0.626	0.5493333333333333	0.54	0.5313333333333333	0.4726666666666667	0.9913333333333333	1.6793333333333333	1.6133333333333333	1.614	1.418	1.3766666666666667	0.9093333333333333	0.876	0.88	0.842	0.8333333333333334	0.7993333333333333	0.726	0.5873333333333334	0.5726666666666667	0.5493333333333333	0.6026666666666667	0.51	0.47933333333333333	0.5053333333333333	0.5086666666666667	0.4826666666666667	0.46	0.418	0.44133333333333336	0.5406666666666666	0.9673333333333334	1.07	1.004	1.0746666666666667	1.052	1.064	1.0493333333333332	1.0806666666666667	1.0086666666666666	0.808	0.758	0.722	0.7306666666666667	0.5586666666666666	0.47333333333333333	0.44666666666666666	0.4653333333333333	0.388	0.33266666666666667	0.31733333333333336	0.33066666666666666	0.374	0.49	0.49733333333333335	0.5026666666666667	0.5073333333333333	0.508	0.5053333333333333	0.5366666666666666	0.49933333333333335	0.5346666666666666	0.564	0.526	0.5486666666666666	0.6073333333333333	0.7933333333333333	0.844	0.844	0.8653333333333333	0.8033333333333333	0.7146666666666667	0.6953333333333334	0.726	0.688	0.6826666666666666	0.6486666666666666	0.6953333333333334	0.68	0.498	0.39	0.36333333333333334	0.398	0.35133333333333333	0.3413333333333333	0.326	0.31666666666666665	0.32133333333333336	0.312	0.30133333333333334	0.338	0.30466666666666664	0.32666666666666666	0.28733333333333333	0.30133333333333334	0.2866666666666667	0.316	0.27266666666666667	
0.6513333333333333	0.6233333333333333	0.5266666666666666	0.5073333333333333	0.4706666666666667	0.48933333333333334	0.9433333333333334	1.5293333333333334	1.526	1.5726666666666667	1.394	1.3226666666666667	0.8233333333333334	0.8213333333333334	0.8266666666666667	0.856	0.7906666666666666	0.7573333333333333	0.7666666666666667	0.5286666666666666	0.5513333333333333	0.5686666666666667	0.5566666666666666	0.5213333333333333	0.49666666666666665	0.4806666666666667	0.5153333333333333	0.47933333333333333	0.43	0.4513333333333333	0.40066666666666667	0.5293333333333333	0.9	1.0466666666666666	0.9653333333333334	0.968	0.976	1.058	1.0193333333333334	1.0613333333333332	0.9766666666666667	0.784	0.7666666666666667	0.7866666666666666	0.6973333333333334	0.52	0.43266666666666664	0.4573333333333333	0.41333333333333333	0.402	0.3406666666666667	0.37133333333333335	0.33266666666666667	0.36733333333333335	0.45	0.4886666666666667	0.5006666666666667	0.4806666666666667	0.524	0.5206666666666667	0.4886666666666667	0.534	0.5373333333333333	0.5593333333333333	0.5313333333333333	0.54	0.63	0.764	0.8446666666666667	0.878	0.8093333333333333	0.8286666666666667	0.6766666666666666	0.6946666666666667	0.6493333333333333	0.6566666666666666	0.67	0.636	0.66	0.6586666666666666	0.49533333333333335	0.386	0.38133333333333336	0.3453333333333333	0.336	0.31666666666666665	0.31333333333333335	0.30666666666666664	0.31733333333333336	0.30466666666666664	0.288	0.31133333333333335	0.2753333333333333	0.29333333333333333	0.31266666666666665	0.316	0.31666666666666665	0.29333333333333333	0.2826666666666667	
0.6193333333333333	0.596	0.5166666666666667	0.46066666666666667	0.472	0.48133333333333334	0.9426666666666667	1.5653333333333332	1.6106666666666667	1.5	1.3073333333333332	1.2773333333333334	0.8466666666666667	0.8053333333333333	0.7806666666666666	0.784	0.7906666666666666	0.716	0.7033333333333334	0.5226666666666666	0.5386666666666666	0.5313333333333333	0.5066666666666667	0.5166666666666667	0.47	0.4726666666666667	0.45666666666666667	0.43466666666666665	0.424	0.414	0.3993333333333333	0.5166666666666667	0.91	0.972	0.9573333333333334	0.9813333333333333	0.9846666666666667	1.0306666666666666	1.048	0.9886666666666667	0.926	0.782	0.7333333333333333	0.74	0.7046666666666667	0.502	0.41733333333333333	0.444	0.43133333333333335	0.372	0.3473333333333333	0.33466666666666667	0.3253333333333333	0.344	0.44866666666666666	0.4673333333333333	0.4826666666666667	0.46	0.49133333333333334	0.4706666666666667	0.5093333333333333	0.49666666666666665	0.5086666666666667	0.5153333333333333	0.564	0.5366666666666666	0.5906666666666667	0.744	0.8086666666666666	0.7626666666666667	0.8006666666666666	0.7646666666666667	0.7306666666666667	0.678	0.684	0.6606666666666666	0.6653333333333333	0.66	0.64	0.6046666666666667	0.4846666666666667	0.37	0.33866666666666667	0.3413333333333333	0.352	0.30266666666666664	0.316	0.29733333333333334	0.32266666666666666	0.31066666666666665	0.2786666666666667	0.30133333333333334	0.30266666666666664	0.30333333333333334	0.2833333333333333	0.29533333333333334	0.2806666666666667	0.264	0.258	
0.6353333333333333	0.5513333333333333	0.49866666666666665	0.47	0.49933333333333335	0.456	0.982	1.5413333333333334	1.5146666666666666	1.5	1.266	1.2973333333333332	0.7913333333333333	0.7993333333333333	0.7606666666666667	0.808	0.7953333333333333	0.7226666666666667	0.6706666666666666	0.5353333333333333	0.528	0.5286666666666666	0.518	0.464	0.44733333333333336	0.45666666666666667	0.426	0.43733333333333335	0.406	0.38333333333333336	0.3993333333333333	0.49266666666666664	0.8706666666666667	0.968	0.954	0.9653333333333334	1.014	1.0306666666666666	1.0193333333333334	1.0073333333333334	0.8866666666666667	0.7326666666666667	0.7366666666666667	0.76	0.662	0.52	0.4206666666666667	0.436	0.444	0.372	0.302	0.30266666666666664	0.3006666666666667	0.354	0.4093333333333333	0.46	0.47333333333333333	0.464	0.482	0.49066666666666664	0.46066666666666667	0.49466666666666664	0.5086666666666667	0.5066666666666667	0.526	0.5126666666666667	0.5673333333333334	0.684	0.806	0.7713333333333333	0.8073333333333333	0.7186666666666667	0.6566666666666666	0.6526666666666666	0.6413333333333333	0.6346666666666667	0.6526666666666666	0.6626666666666666	0.6466666666666666	0.5766666666666667	0.456	0.362	0.3473333333333333	0.33466666666666667	0.31266666666666665	0.3253333333333333	0.32133333333333336	0.30533333333333335	0.30666666666666664	0.30466666666666664	0.2966666666666667	0.29333333333333333	0.29733333333333334	0.3	0.278	0.2946666666666667	0.29333333333333333	0.2826666666666667	0.21933333333333332	
0.5946666666666667	0.5046666666666667	0.5046666666666667	0.496	0.464	0.466	0.9366666666666666	1.446	1.4366666666666668	1.4813333333333334	1.2333333333333334	1.294	0.8106666666666666	0.8113333333333334	0.7813333333333333	0.7626666666666667	0.7493333333333333	0.65	0.6793333333333333	0.5213333333333333	0.5146666666666667	0.5613333333333334	0.5186666666666667	0.492	0.47533333333333333	0.44533333333333336	0.442	0.454	0.3893333333333333	0.41733333333333333	0.408	0.49866666666666665	0.788	0.9493333333333334	0.9326666666666666	0.972	0.9593333333333334	0.964	1.0226666666666666	1.0106666666666666	0.8866666666666667	0.7246666666666667	0.6766666666666666	0.704	0.678	0.48733333333333334	0.3913333333333333	0.45266666666666666	0.4013333333333333	0.3486666666666667	0.30733333333333335	0.28933333333333333	0.2886666666666667	0.318	0.428	0.4686666666666667	0.44266666666666665	0.43466666666666665	0.47733333333333333	0.44533333333333336	0.48533333333333334	0.4846666666666667	0.488	0.492	0.5073333333333333	0.5106666666666667	0.5186666666666667	0.7026666666666667	0.7733333333333333	0.8186666666666667	0.778	0.7273333333333334	0.638	0.62	0.6806666666666666	0.6506666666666666	0.6266666666666667	0.6273333333333333	0.64	0.5753333333333334	0.438	0.3273333333333333	0.32466666666666666	0.3526666666666667	0.29733333333333334	0.31733333333333336	0.3253333333333333	0.30333333333333334	0.2826666666666667	0.296	0.29333333333333333	0.2986666666666667	0.288	0.2773333333333333	0.2713333333333333	0.27666666666666667	0.282	0.25666666666666665	0.24066666666666667	
0.5813333333333334	0.542	0.45066666666666666	0.4786666666666667	0.466	0.446	0.862	1.4453333333333334	1.4113333333333333	1.3926666666666667	1.244	1.1966666666666668	0.7646666666666667	0.7466666666666667	0.718	0.7713333333333333	0.7533333333333333	0.704	0.6253333333333333	0.49533333333333335	0.494	0.5173333333333333	0.5053333333333333	0.45066666666666666	0.44733333333333336	0.39866666666666667	0.44266666666666665	0.43133333333333335	0.402	0.38333333333333336	0.36333333333333334	0.49733333333333335	0.8433333333333334	0.92	0.9366666666666666	0.9466666666666667	0.9453333333333334	0.9406666666666667	0.952	0.8853333333333333	0.8673333333333333	0.7186666666666667	0.6986666666666667	0.6753333333333333	0.6186666666666667	0.47733333333333333	0.422	0.3953333333333333	0.41333333333333333	0.3586666666666667	0.30533333333333335	0.2906666666666667	0.2673333333333333	0.314	0.414	0.4493333333333333	0.422	0.48133333333333334	0.452	0.458	0.46066666666666667	0.4653333333333333	0.4646666666666667	0.48733333333333334	0.488	0.47533333333333333	0.538	0.7213333333333334	0.7386666666666667	0.7526666666666667	0.7793333333333333	0.688	0.65	0.6226666666666667	0.6106666666666667	0.6253333333333333	0.612	0.598	0.5706666666666667	0.5933333333333334	0.44066666666666665	0.3333333333333333	0.30466666666666664	0.31466666666666665	0.2946666666666667	0.284	0.3	0.24533333333333332	0.24866666666666667	0.2806666666666667	0.274	0.248	0.2866666666666667	0.2653333333333333	0.256	0.26466666666666666	0.23866666666666667	0.26866666666666666	0.24733333333333332	
0.606	0.482	0.444	0.42533333333333334	0.422	0.45466666666666666	0.8366666666666667	1.4566666666666668	1.36	1.3206666666666667	1.2546666666666666	1.1833333333333333	0.77	0.7473333333333333	0.7506666666666667	0.73	0.684	0.6886666666666666	0.604	0.49533333333333335	0.4593333333333333	0.4666666666666667	0.5033333333333333	0.43333333333333335	0.3873333333333333	0.4226666666666667	0.3873333333333333	0.43133333333333335	0.376	0.38533333333333336	0.38533333333333336	0.45666666666666667	0.7673333333333333	0.9366666666666666	0.9413333333333334	0.888	0.9146666666666666	0.9033333333333333	0.914	0.9373333333333334	0.8493333333333334	0.6766666666666666	0.6513333333333333	0.6466666666666666	0.6306666666666667	0.49266666666666664	0.4073333333333333	0.37733333333333335	0.3993333333333333	0.326	0.316	0.30133333333333334	0.292	0.32666666666666666	0.422	0.44133333333333336	0.4226666666666667	0.45866666666666667	0.42733333333333334	0.4786666666666667	0.43266666666666664	0.4513333333333333	0.47533333333333333	0.48	0.484	0.4653333333333333	0.5326666666666666	0.64	0.7333333333333333	0.7633333333333333	0.754	0.7066666666666667	0.602	0.6006666666666667	0.6413333333333333	0.61	0.576	0.6173333333333333	0.6153333333333333	0.5906666666666667	0.44533333333333336	0.34	0.29733333333333334	0.318	0.2733333333333333	0.2833333333333333	0.2673333333333333	0.2846666666666667	0.284	0.2786666666666667	0.26866666666666666	0.264	0.25066666666666665	0.26866666666666666	0.27666666666666667	0.256	0.2906666666666667	0.24933333333333332	0.22333333333333333	
0.554	0.5086666666666667	0.44733333333333336	0.4246666666666667	0.42133333333333334	0.41333333333333333	0.838	1.406	1.38	1.3426666666666667	1.2593333333333334	1.1273333333333333	0.7293333333333333	0.72	0.7026666666666667	0.706	0.6953333333333334	0.662	0.608	0.45266666666666666	0.4613333333333333	0.48	0.476	0.4226666666666667	0.4146666666666667	0.43	0.418	0.402	0.364	0.35333333333333333	0.36466666666666664	0.41533333333333333	0.7973333333333333	0.8906666666666667	0.8806666666666667	0.9073333333333333	0.8886666666666667	0.8886666666666667	0.904	0.9166666666666666	0.8466666666666667	0.6773333333333333	0.6686666666666666	0.6333333333333333	0.6066666666666667	0.438	0.36466666666666664	0.414	0.43333333333333335	0.3446666666666667	0.27	0.266	0.25866666666666666	0.31466666666666665	0.3993333333333333	0.4246666666666667	0.4013333333333333	0.4146666666666667	0.4146666666666667	0.4226666666666667	0.44733333333333336	0.45666666666666667	0.47	0.4726666666666667	0.4693333333333333	0.4726666666666667	0.5166666666666667	0.6613333333333333	0.648	0.7373333333333333	0.7033333333333334	0.6606666666666666	0.6446666666666667	0.5873333333333334	0.6126666666666667	0.6013333333333334	0.5513333333333333	0.57	0.604	0.5413333333333333	0.408	0.31466666666666665	0.31066666666666665	0.3233333333333333	0.29333333333333333	0.29	0.26066666666666666	0.24666666666666667	0.284	0.264	0.262	0.24933333333333332	0.25933333333333336	0.26466666666666666	0.2673333333333333	0.25733333333333336	0.266	0.262	0.23666666666666666	
0.586	0.47333333333333333	0.4653333333333333	0.4086666666666667	0.39266666666666666	0.42933333333333334	0.84	1.44	1.35	1.2833333333333334	1.1733333333333333	1.158	0.7133333333333334	0.7406666666666667	0.7233333333333334	0.7513333333333333	0.6606666666666666	0.6466666666666666	0.6086666666666667	0.476	0.4553333333333333	0.4246666666666667	0.466	0.418	0.404	0.42866666666666664	0.408	0.39866666666666667	0.3426666666666667	0.35533333333333333	0.3546666666666667	0.43733333333333335	0.7933333333333333	0.8693333333333333	0.8853333333333333	0.884	0.876	0.896	0.8733333333333333	0.9273333333333333	0.7906666666666666	0.682	0.616	0.636	0.634	0.442	0.37333333333333335	0.402	0.37333333333333335	0.3433333333333333	0.272	0.262	0.30533333333333335	0.328	0.3953333333333333	0.39866666666666667	0.394	0.44066666666666665	0.43266666666666664	0.42866666666666664	0.4186666666666667	0.4046666666666667	0.44466666666666665	0.488	0.43666666666666665	0.4553333333333333	0.506	0.658	0.7206666666666667	0.7173333333333334	0.702	0.6526666666666666	0.604	0.5866666666666667	0.5926666666666667	0.5906666666666667	0.58	0.5606666666666666	0.606	0.5333333333333333	0.424	0.3433333333333333	0.27466666666666667	0.328	0.2906666666666667	0.272	0.25933333333333336	0.2613333333333333	0.264	0.2786666666666667	0.2806666666666667	0.25933333333333336	0.26466666666666666	0.24	0.274	0.234	0.24533333333333332	0.26066666666666666	0.222	
0.522	0.4706666666666667	0.4166666666666667	0.3913333333333333	0.41733333333333333	0.406	0.7806666666666666	1.3413333333333333	1.3653333333333333	1.332	1.1326666666666667	1.1233333333333333	0.7433333333333333	0.7146666666666667	0.6826666666666666	0.6706666666666666	0.6626666666666666	0.6606666666666666	0.568	0.42866666666666664	0.44066666666666665	0.47	0.42733333333333334	0.4086666666666667	0.404	0.436	0.4053333333333333	0.366	0.334	0.3506666666666667	0.3466666666666667	0.44266666666666665	0.7646666666666667	0.7866666666666666	0.8853333333333333	0.8453333333333334	0.88	0.856	0.888	0.8566666666666667	0.8266666666666667	0.6446666666666667	0.6206666666666667	0.652	0.608	0.4613333333333333	0.37133333333333335	0.37	0.33666666666666667	0.31533333333333335	0.288	0.286	0.276	0.2753333333333333	0.37666666666666665	0.43066666666666664	0.43466666666666665	0.37266666666666665	0.4106666666666667	0.388	0.428	0.426	0.43133333333333335	0.452	0.44666666666666666	0.47933333333333333	0.5	0.6466666666666666	0.7	0.6873333333333334	0.682	0.654	0.6093333333333333	0.6106666666666667	0.5673333333333334	0.5853333333333334	0.5386666666666666	0.5366666666666666	0.5673333333333334	0.5526666666666666	0.40066666666666667	0.32066666666666666	0.298	0.3	0.2793333333333333	0.25533333333333336	0.24466666666666667	0.25466666666666665	0.24066666666666667	0.266	0.24066666666666667	0.256	0.26266666666666666	0.25066666666666665	0.23933333333333334	0.24333333333333335	0.256	0.236	0.20533333333333334	
0.5093333333333333	0.478	0.404	0.4026666666666667	0.406	0.3973333333333333	0.7733333333333333	1.3313333333333333	1.314	1.2786666666666666	1.126	1.072	0.7006666666666667	0.6713333333333333	0.6626666666666666	0.6653333333333333	0.672	0.6493333333333333	0.57	0.45266666666666666	0.44333333333333336	0.4533333333333333	0.42333333333333334	0.41	0.38066666666666665	0.37666666666666665	0.38333333333333336	0.382	0.332	0.3566666666666667	0.3413333333333333	0.4186666666666667	0.756	0.8266666666666667	0.8253333333333334	0.8086666666666666	0.8206666666666667	0.862	0.8833333333333333	0.888	0.7793333333333333	0.6293333333333333	0.5753333333333334	0.608	0.5746666666666667	0.43066666666666664	0.36333333333333334	0.356	0.3526666666666667	0.304	0.2846666666666667	0.26466666666666666	0.25333333333333335	0.274	0.40066666666666667	0.388	0.39266666666666666	0.3973333333333333	0.42333333333333334	0.43933333333333335	0.4013333333333333	0.4086666666666667	0.44533333333333336	0.44533333333333336	0.448	0.4026666666666667	0.5206666666666667	0.612	0.6833333333333333	0.6906666666666667	0.6706666666666666	0.622	0.562	0.5933333333333334	0.6	0.5706666666666667	0.5626666666666666	0.5473333333333333	0.5266666666666666	0.49666666666666665	0.4053333333333333	0.322	0.314	0.2866666666666667	0.244	0.24266666666666667	0.24666666666666667	0.25133333333333335	0.226	0.254	0.258	0.24133333333333334	0.23466666666666666	0.236	0.234	0.23133333333333334	0.21866666666666668	0.234	0.20266666666666666	
0.528	0.452	0.4146666666666667	0.3626666666666667	0.37933333333333336	0.368	0.728	1.284	1.2633333333333334	1.2813333333333334	1.08	1.0613333333333332	0.6986666666666667	0.6546666666666666	0.666	0.6486666666666666	0.6826666666666666	0.5753333333333334	0.5626666666666666	0.42866666666666664	0.458	0.406	0.45	0.39466666666666667	0.36866666666666664	0.36533333333333334	0.372	0.36466666666666664	0.3233333333333333	0.36733333333333335	0.3233333333333333	0.422	0.738	0.8493333333333334	0.8166666666666667	0.8306666666666667	0.82	0.86	0.844	0.8633333333333333	0.7533333333333333	0.6346666666666667	0.6106666666666667	0.5893333333333334	0.572	0.392	0.36933333333333335	0.35733333333333334	0.332	0.2966666666666667	0.27266666666666667	0.26266666666666666	0.2633333333333333	0.2986666666666667	0.36533333333333334	0.38866666666666666	0.366	0.37933333333333336	0.4126666666666667	0.4166666666666667	0.398	0.408	0.446	0.414	0.4086666666666667	0.47333333333333333	0.46066666666666667	0.636	0.6706666666666666	0.6873333333333334	0.6286666666666667	0.6093333333333333	0.5906666666666667	0.544	0.5993333333333334	0.572	0.5573333333333333	0.492	0.5453333333333333	0.49533333333333335	0.39666666666666667	0.31133333333333335	0.306	0.272	0.27466666666666667	0.2786666666666667	0.24066666666666667	0.27	0.27	0.248	0.24666666666666667	0.258	0.224	0.22466666666666665	0.226	0.22133333333333333	0.23866666666666667	0.23466666666666666	0.20533333333333334	
0.4633333333333333	0.462	0.4066666666666667	0.37866666666666665	0.3893333333333333	0.38466666666666666	0.7153333333333334	1.2933333333333332	1.286	1.238	1.11	1.0593333333333332	0.6733333333333333	0.6786666666666666	0.6686666666666666	0.6526666666666666	0.6626666666666666	0.5933333333333334	0.5446666666666666	0.424	0.418	0.44533333333333336	0.4126666666666667	0.4026666666666667	0.39866666666666667	0.3393333333333333	0.37733333333333335	0.3606666666666667	0.32466666666666666	0.324	0.3393333333333333	0.3973333333333333	0.692	0.8193333333333334	0.7773333333333333	0.756	0.7893333333333333	0.8066666666666666	0.8306666666666667	0.8226666666666667	0.7613333333333333	0.62	0.6086666666666667	0.57	0.5766666666666667	0.434	0.32	0.356	0.3273333333333333	0.3333333333333333	0.26466666666666666	0.25733333333333336	0.24333333333333335	0.30466666666666664	0.362	0.4	0.3953333333333333	0.388	0.4026666666666667	0.41333333333333333	0.36333333333333334	0.4186666666666667	0.37933333333333336	0.41933333333333334	0.45	0.412	0.43933333333333335	0.5766666666666667	0.6446666666666667	0.6746666666666666	0.6566666666666666	0.6053333333333333	0.576	0.5673333333333334	0.5493333333333333	0.524	0.5146666666666667	0.49933333333333335	0.5253333333333333	0.5046666666666667	0.3873333333333333	0.30533333333333335	0.312	0.264	0.26866666666666666	0.23533333333333334	0.25133333333333335	0.24666666666666667	0.236	0.23	0.23466666666666666	0.24133333333333334	0.232	0.21866666666666668	0.23866666666666667	0.222	0.21533333333333332	0.22866666666666666	0.19533333333333333	
0.5086666666666667	0.444	0.37133333333333335	0.36133333333333334	0.37133333333333335	0.37933333333333336	0.728	1.214	1.2706666666666666	1.2153333333333334	1.0713333333333332	1.0006666666666666	0.6853333333333333	0.6526666666666666	0.634	0.636	0.63	0.6	0.5653333333333334	0.416	0.4166666666666667	0.412	0.432	0.37	0.37	0.3913333333333333	0.37733333333333335	0.33866666666666667	0.338	0.32666666666666666	0.326	0.404	0.6833333333333333	0.772	0.7826666666666666	0.8033333333333333	0.8246666666666667	0.7726666666666666	0.822	0.7853333333333333	0.7093333333333334	0.6046666666666667	0.566	0.5926666666666667	0.576	0.41733333333333333	0.332	0.346	0.3293333333333333	0.31466666666666665	0.25533333333333336	0.21733333333333332	0.236	0.2753333333333333	0.3233333333333333	0.3933333333333333	0.40066666666666667	0.372	0.38466666666666666	0.38133333333333336	0.39866666666666667	0.3933333333333333	0.4073333333333333	0.43866666666666665	0.444	0.43866666666666665	0.466	0.564	0.6406666666666667	0.6433333333333333	0.596	0.5853333333333334	0.5426666666666666	0.532	0.5393333333333333	0.552	0.5306666666666666	0.5233333333333333	0.5306666666666666	0.45866666666666667	0.374	0.2753333333333333	0.25466666666666665	0.266	0.25733333333333336	0.25	0.25133333333333335	0.23533333333333334	0.21666666666666667	0.246	0.20333333333333334	0.224	0.244	0.23	0.25133333333333335	0.24266666666666667	0.24266666666666667	0.23533333333333334	0.204	
