0.01	0.5149494949494949	1.0198989898989899	1.5248484848484847	2.0297979797979795	2.5347474747474745	3.039696969696969	3.544646464646464	4.049595959595959	4.554545454545454	5.059494949494949	5.564444444444444	6.0693939393939385	6.574343434343434	7.0792929292929285	7.584242424242424	8.089191919191919	8.594141414141413	9.099090909090908	9.604040404040404	10.108989898989899	10.613939393939393	11.118888888888888	11.623838383838383	12.128787878787877	12.633737373737373	13.138686868686868	13.643636363636363	14.148585858585857	14.653535353535352	15.158484848484848	15.663434343434343	16.16838383838384	16.673333333333336	17.17828282828283	17.683232323232325	18.188181818181818	18.693131313131314	19.19808080808081	19.703030303030303	20.2079797979798	20.712929292929292	21.21787878787879	21.722828282828285	22.227777777777778	22.732727272727274	23.237676767676767	23.742626262626263	24.247575757575756	24.752525252525253	25.25747474747475	25.762424242424242	26.267373737373738	26.77232323232323	27.277272727272727	27.782222222222224	28.287171717171717	28.792121212121213	29.297070707070706	29.802020202020202	30.3069696969697	30.81191919191919	31.316868686868688	31.82181818181818	32.32676767676767	32.831717171717166	33.336666666666666	33.84161616161616	34.34656565656565	34.851515151515144	35.356464646464644	35.86141414141414	36.36636363636363	36.87131313131313	37.37626262626262	37.881212121212116	38.386161616161615	38.89111111111111	39.3960606060606	39.901010101010094	40.405959595959594	40.91090909090909	41.41585858585858	41.92080808080808	42.42575757575757	42.930707070707065	43.435656565656565	43.94060606060606	44.44555555555555	44.95050505050504	45.45545454545454	45.960404040404036	46.46535353535353	46.97030303030303	47.47525252525252	47.980202020202015	48.48515151515151	48.99010101010101	49.4950505050505	50.0	
3.5613333333333332	2.404	1.8466666666666667	1.98	3.334	3.3806666666666665	3.2586666666666666	3.24	3.175333333333333	3.2306666666666666	3.1186666666666665	2.9433333333333334	2.8333333333333335	1.868	1.6026666666666667	1.98	2.316666666666667	2.246	2.1853333333333333	1.9866666666666666	2.0573333333333332	2.0366666666666666	2.066666666666667	1.8553333333333333	1.7633333333333334	1.732	1.7473333333333334	1.802	1.8653333333333333	1.8533333333333333	1.8486666666666667	1.7886666666666666	1.504	1.354	1.368	1.3273333333333333	1.1686666666666667	1.04	1.0466666666666666	1.0633333333333332	0.9766666666666667	0.936	0.9733333333333334	0.9706666666666667	0.9206666666666666	0.9066666666666666	0.8526666666666667	0.8906666666666667	0.874	0.8413333333333334	0.8	0.7773333333333333	0.7793333333333333	0.7626666666666667	0.686	0.694	0.6666666666666666	0.6753333333333333	0.6586666666666666	0.69	0.646	0.626	0.5573333333333333	0.4806666666666667	0.41533333333333333	0.4026666666666667	0.3933333333333333	0.296	0.268	0.28733333333333333	0.278	0.25266666666666665	0.23066666666666666	0.2733333333333333	0.25933333333333336	0.24933333333333332	0.24066666666666667	0.258	0.24333333333333335	0.24666666666666667	0.24866666666666667	0.24133333333333334	0.218	0.21866666666666668	0.21666666666666667	0.19666666666666666	0.19133333333333333	0.20533333333333334	0.186	0.182	0.202	0.17866666666666667	0.194	0.20333333333333334	0.178	0.18266666666666667	0.18666666666666668	0.17066666666666666	0.17	
3.496	2.376	1.8806666666666667	1.9466666666666668	3.2173333333333334	3.334	3.2093333333333334	3.2466666666666666	3.1853333333333333	3.058666666666667	3.1346666666666665	2.986666666666667	2.808	1.9113333333333333	1.6393333333333333	1.92	2.31	2.216	2.1173333333333333	2.048	1.9886666666666666	2.0526666666666666	2.0753333333333335	1.8486666666666667	1.6826666666666668	1.7133333333333334	1.7353333333333334	1.8133333333333332	1.8693333333333333	1.8253333333333333	1.846	1.7666666666666666	1.4786666666666666	1.3406666666666667	1.3826666666666667	1.364	1.124	1.058	1.046	0.998	1.0286666666666666	0.958	0.8766666666666667	0.946	0.8986666666666666	0.904	0.882	0.8706666666666667	0.8746666666666667	0.8993333333333333	0.8006666666666666	0.786	0.796	0.7786666666666666	0.6753333333333333	0.6513333333333333	0.6766666666666666	0.6613333333333333	0.696	0.6506666666666666	0.66	0.638	0.568	0.45866666666666667	0.4073333333333333	0.45466666666666666	0.4053333333333333	0.33066666666666666	0.25533333333333336	0.2946666666666667	0.2946666666666667	0.25933333333333336	0.28733333333333333	0.25333333333333335	0.238	0.25266666666666665	0.24	0.252	0.25933333333333336	0.23866666666666667	0.228	0.22466666666666665	0.216	0.23266666666666666	0.19266666666666668	0.19066666666666668	0.18933333333333333	0.19866666666666666	0.21266666666666667	0.19066666666666668	0.18666666666666668	0.18466666666666667	0.192	0.188	0.16533333333333333	0.182	0.194	0.17866666666666667	0.15333333333333332	
3.518	2.334	1.814	1.9933333333333334	3.198	3.288	3.204	3.243333333333333	3.0886666666666667	3.0366666666666666	3.0933333333333333	2.9833333333333334	2.695333333333333	1.7826666666666666	1.602	1.9113333333333333	2.308	2.182	2.1633333333333336	2.026666666666667	2.001333333333333	1.9673333333333334	1.98	1.8733333333333333	1.752	1.7513333333333334	1.7533333333333334	1.7646666666666666	1.7793333333333334	1.8286666666666667	1.8093333333333332	1.752	1.398	1.35	1.3226666666666667	1.35	1.1646666666666667	1.022	0.9913333333333333	0.9946666666666667	1.0033333333333334	0.9473333333333334	0.9006666666666666	0.8813333333333333	0.9393333333333334	0.902	0.896	0.8546666666666667	0.876	0.8813333333333333	0.8026666666666666	0.8006666666666666	0.828	0.776	0.68	0.6453333333333333	0.6426666666666667	0.6373333333333333	0.6533333333333333	0.638	0.5993333333333334	0.6633333333333333	0.5566666666666666	0.4613333333333333	0.44133333333333336	0.4186666666666667	0.3993333333333333	0.31733333333333336	0.26066666666666666	0.248	0.23066666666666666	0.25266666666666665	0.2733333333333333	0.236	0.2613333333333333	0.254	0.2633333333333333	0.22	0.212	0.23133333333333334	0.224	0.21933333333333332	0.21533333333333332	0.22266666666666668	0.204	0.204	0.17333333333333334	0.20333333333333334	0.19266666666666668	0.17066666666666666	0.162	0.18133333333333335	0.17733333333333334	0.17866666666666667	0.17133333333333334	0.17733333333333334	0.19266666666666668	0.16533333333333333	0.15333333333333332	
3.4953333333333334	2.328	1.8406666666666667	1.9253333333333333	3.13	3.2173333333333334	3.0733333333333333	3.216666666666667	3.0493333333333332	3.0433333333333334	3.0286666666666666	2.856	2.726	1.812	1.524	1.8773333333333333	2.256666666666667	2.2106666666666666	2.1346666666666665	1.952	1.9386666666666668	2.0153333333333334	1.8993333333333333	1.7313333333333334	1.7393333333333334	1.6873333333333334	1.6786666666666668	1.7446666666666666	1.844	1.84	1.8273333333333333	1.728	1.4686666666666666	1.2693333333333334	1.33	1.3186666666666667	1.1526666666666667	1.0366666666666666	0.9893333333333333	1.0326666666666666	0.9446666666666667	0.924	0.9046666666666666	0.8966666666666666	0.8973333333333333	0.8786666666666667	0.8826666666666667	0.8993333333333333	0.8713333333333333	0.8293333333333334	0.772	0.7953333333333333	0.7753333333333333	0.752	0.692	0.6273333333333333	0.6793333333333333	0.694	0.6266666666666667	0.6606666666666666	0.608	0.616	0.5326666666666666	0.44133333333333336	0.43666666666666665	0.41933333333333334	0.386	0.31066666666666665	0.2673333333333333	0.25333333333333335	0.27666666666666667	0.244	0.25533333333333336	0.24933333333333332	0.24533333333333332	0.264	0.24466666666666667	0.228	0.288	0.24066666666666667	0.21866666666666668	0.23666666666666666	0.23333333333333334	0.208	0.20066666666666666	0.19	0.19866666666666666	0.17533333333333334	0.19	0.17533333333333334	0.18733333333333332	0.16533333333333333	0.18266666666666667	0.17133333333333334	0.19466666666666665	0.184	0.19066666666666668	0.184	0.158	
3.546666666666667	2.3586666666666667	1.7926666666666666	1.8833333333333333	3.1746666666666665	3.1526666666666667	2.986666666666667	3.167333333333333	3.086	2.9913333333333334	3.034	2.8346666666666667	2.762	1.8313333333333333	1.542	1.8326666666666667	2.166	2.1486666666666667	2.1266666666666665	1.936	1.9786666666666666	1.9793333333333334	1.954	1.7686666666666666	1.676	1.7673333333333334	1.7146666666666666	1.718	1.8146666666666667	1.8026666666666666	1.8113333333333332	1.7493333333333334	1.418	1.3406666666666667	1.2786666666666666	1.2713333333333334	1.1546666666666667	1.0093333333333334	0.9966666666666667	0.9553333333333334	0.92	0.8966666666666666	0.9126666666666666	0.8686666666666667	0.8753333333333333	0.8693333333333333	0.8613333333333333	0.83	0.862	0.8273333333333334	0.808	0.7346666666666667	0.7873333333333333	0.7346666666666667	0.6906666666666667	0.6293333333333333	0.6573333333333333	0.6533333333333333	0.6253333333333333	0.6153333333333333	0.586	0.6146666666666667	0.528	0.42866666666666664	0.422	0.402	0.382	0.2926666666666667	0.246	0.286	0.2806666666666667	0.272	0.2673333333333333	0.25066666666666665	0.23866666666666667	0.25066666666666665	0.258	0.24133333333333334	0.21133333333333335	0.22133333333333333	0.22666666666666666	0.21066666666666667	0.218	0.188	0.19733333333333333	0.19	0.18	0.184	0.18266666666666667	0.18	0.178	0.198	0.186	0.17	0.172	0.17533333333333334	0.16733333333333333	0.15733333333333333	0.13866666666666666	
3.4146666666666667	2.2586666666666666	1.7773333333333334	1.8433333333333333	3.0473333333333334	3.1373333333333333	3.1213333333333333	3.1393333333333335	3.0726666666666667	2.972	2.953333333333333	2.824666666666667	2.718	1.83	1.4933333333333334	1.8486666666666667	2.1146666666666665	2.1306666666666665	2.026666666666667	1.9786666666666666	2.002	1.8973333333333333	1.938	1.7866666666666666	1.67	1.688	1.6706666666666667	1.7646666666666666	1.772	1.7353333333333334	1.8173333333333332	1.7546666666666666	1.3753333333333333	1.2946666666666666	1.308	1.2766666666666666	1.1246666666666667	1.006	1.0093333333333334	0.9526666666666667	0.9806666666666667	0.9413333333333334	0.9353333333333333	0.8466666666666667	0.9026666666666666	0.8526666666666667	0.8706666666666667	0.818	0.8266666666666667	0.774	0.802	0.7366666666666667	0.7613333333333333	0.7626666666666667	0.686	0.6186666666666667	0.6246666666666667	0.6413333333333333	0.616	0.6026666666666667	0.608	0.562	0.5626666666666666	0.422	0.398	0.39866666666666667	0.3466666666666667	0.29133333333333333	0.24133333333333334	0.256	0.26666666666666666	0.25133333333333335	0.248	0.256	0.244	0.22866666666666666	0.24133333333333334	0.24133333333333334	0.238	0.224	0.20666666666666667	0.21	0.21066666666666667	0.24	0.22333333333333333	0.18933333333333333	0.18666666666666668	0.19733333333333333	0.17866666666666667	0.18533333333333332	0.182	0.16	0.18	0.16066666666666668	0.17	0.17266666666666666	0.16733333333333333	0.146	0.16133333333333333	
3.3806666666666665	2.268	1.788	1.818	3.0753333333333335	3.220666666666667	3.0433333333333334	3.1066666666666665	2.985333333333333	3.002666666666667	2.998	2.783333333333333	2.6853333333333333	1.7466666666666666	1.5306666666666666	1.7626666666666666	2.1293333333333333	2.1066666666666665	2.0726666666666667	1.91	1.92	1.8993333333333333	1.918	1.7606666666666666	1.662	1.7	1.6746666666666667	1.7426666666666666	1.7306666666666666	1.7246666666666666	1.8546666666666667	1.6906666666666668	1.3493333333333333	1.3253333333333333	1.304	1.244	1.12	0.9833333333333333	1.0106666666666666	0.9706666666666667	0.982	0.9153333333333333	0.8926666666666667	0.8733333333333333	0.8633333333333333	0.8113333333333334	0.8346666666666667	0.7746666666666666	0.8153333333333334	0.8486666666666667	0.776	0.7606666666666667	0.7906666666666666	0.714	0.6746666666666666	0.614	0.6373333333333333	0.6026666666666667	0.5986666666666667	0.6013333333333334	0.5793333333333334	0.576	0.5293333333333333	0.4493333333333333	0.4026666666666667	0.39466666666666667	0.37733333333333335	0.2773333333333333	0.22866666666666666	0.23466666666666666	0.248	0.258	0.25266666666666665	0.24333333333333335	0.2673333333333333	0.234	0.23	0.24533333333333332	0.23333333333333334	0.22866666666666666	0.214	0.20733333333333334	0.22533333333333333	0.216	0.20133333333333334	0.20533333333333334	0.19066666666666668	0.19866666666666666	0.18266666666666667	0.196	0.19	0.18533333333333332	0.18	0.16333333333333333	0.192	0.156	0.15333333333333332	0.16666666666666666	0.13133333333333333	
3.302	2.1906666666666665	1.798	1.8293333333333333	3.1113333333333335	3.0846666666666667	3.008	3.042	3.0473333333333334	2.965333333333333	2.9033333333333333	2.808666666666667	2.6533333333333333	1.7386666666666666	1.5666666666666667	1.8226666666666667	2.142	2.0886666666666667	2.0833333333333335	1.914	1.9326666666666668	1.9073333333333333	1.8933333333333333	1.658	1.6206666666666667	1.6946666666666668	1.676	1.68	1.776	1.748	1.7306666666666666	1.684	1.4033333333333333	1.2773333333333334	1.278	1.2153333333333334	1.0766666666666667	0.9946666666666667	0.9593333333333334	0.9533333333333334	0.942	0.9013333333333333	0.8346666666666667	0.8853333333333333	0.9033333333333333	0.8533333333333334	0.8893333333333333	0.8466666666666667	0.818	0.8126666666666666	0.7926666666666666	0.738	0.7386666666666667	0.7473333333333333	0.604	0.6653333333333333	0.62	0.6293333333333333	0.588	0.6173333333333333	0.5853333333333334	0.5653333333333334	0.5553333333333333	0.4206666666666667	0.4046666666666667	0.39866666666666667	0.372	0.2946666666666667	0.22866666666666666	0.24666666666666667	0.26266666666666666	0.24	0.254	0.254	0.21533333333333332	0.226	0.24	0.23533333333333334	0.22133333333333333	0.22666666666666666	0.22666666666666666	0.22333333333333333	0.20866666666666667	0.20266666666666666	0.21133333333333335	0.17533333333333334	0.18333333333333332	0.18933333333333333	0.20933333333333334	0.16466666666666666	0.18466666666666667	0.16666666666666666	0.17066666666666666	0.164	0.18066666666666667	0.15333333333333332	0.17	0.168	0.14933333333333335	
3.2953333333333332	2.1553333333333335	1.7393333333333334	1.8113333333333332	3.0673333333333335	3.0793333333333335	2.96	3.050666666666667	2.964	2.9506666666666668	2.8806666666666665	2.744666666666667	2.6066666666666665	1.768	1.504	1.7366666666666666	2.0813333333333333	2.1006666666666667	2.026	1.852	1.9013333333333333	1.9386666666666668	1.8506666666666667	1.6953333333333334	1.61	1.62	1.5566666666666666	1.65	1.7293333333333334	1.734	1.7193333333333334	1.676	1.3753333333333333	1.2133333333333334	1.2906666666666666	1.242	1.086	0.9933333333333333	0.954	0.926	0.942	0.8493333333333334	0.868	0.896	0.836	0.836	0.8306666666666667	0.8513333333333334	0.8446666666666667	0.7993333333333333	0.7533333333333333	0.698	0.7353333333333333	0.714	0.6713333333333333	0.628	0.6246666666666667	0.6113333333333333	0.558	0.6206666666666667	0.6	0.5553333333333333	0.5226666666666666	0.42533333333333334	0.3473333333333333	0.37933333333333336	0.36533333333333334	0.32	0.27666666666666667	0.23466666666666666	0.24933333333333332	0.24133333333333334	0.24866666666666667	0.226	0.24933333333333332	0.248	0.21466666666666667	0.23133333333333334	0.22266666666666668	0.22133333333333333	0.218	0.20533333333333334	0.19466666666666665	0.214	0.204	0.168	0.16866666666666666	0.19133333333333333	0.172	0.174	0.16533333333333333	0.16733333333333333	0.16733333333333333	0.18266666666666667	0.17133333333333334	0.17666666666666667	0.18	0.162	0.14466666666666667	
3.248	2.198	1.7	1.7693333333333334	3.0446666666666666	3.0866666666666664	2.9186666666666667	2.922	2.9873333333333334	2.8853333333333335	2.912	2.768	2.596	1.756	1.5006666666666666	1.7613333333333334	2.06	2.0593333333333335	2.024	1.852	1.852	1.8826666666666667	1.9253333333333333	1.676	1.6113333333333333	1.6266666666666667	1.59	1.69	1.7766666666666666	1.676	1.7346666666666666	1.616	1.334	1.268	1.2166666666666666	1.248	1.08	1.0	0.95	1.0213333333333334	0.9313333333333333	0.8293333333333334	0.8366666666666667	0.8466666666666667	0.8226666666666667	0.8453333333333334	0.834	0.8266666666666667	0.8013333333333333	0.7766666666666666	0.7293333333333333	0.75	0.7273333333333334	0.7486666666666667	0.6786666666666666	0.6086666666666667	0.62	0.5946666666666667	0.6386666666666667	0.5893333333333334	0.562	0.5806666666666667	0.5293333333333333	0.3993333333333333	0.3526666666666667	0.37666666666666665	0.376	0.30733333333333335	0.2613333333333333	0.228	0.22733333333333333	0.24066666666666667	0.244	0.22	0.23733333333333334	0.222	0.238	0.232	0.224	0.20666666666666667	0.218	0.21066666666666667	0.20066666666666666	0.19733333333333333	0.198	0.192	0.18266666666666667	0.174	0.18	0.18666666666666668	0.18333333333333332	0.178	0.16733333333333333	0.17466666666666666	0.17733333333333334	0.16333333333333333	0.19	0.164	0.14266666666666666	
3.2586666666666666	2.198	1.7513333333333334	1.7733333333333334	2.9266666666666667	3.037333333333333	2.958666666666667	3.0353333333333334	2.928	2.8726666666666665	2.84	2.724	2.5406666666666666	1.7246666666666666	1.4793333333333334	1.7733333333333334	2.1213333333333333	2.0513333333333335	1.964	1.8926666666666667	1.9026666666666667	1.8526666666666667	1.8453333333333333	1.6833333333333333	1.6166666666666667	1.6573333333333333	1.5986666666666667	1.6053333333333333	1.6906666666666668	1.724	1.6853333333333333	1.5546666666666666	1.3533333333333333	1.2086666666666666	1.2326666666666666	1.2246666666666666	1.0966666666666667	0.946	0.958	0.9333333333333333	0.9	0.8653333333333333	0.8733333333333333	0.8606666666666667	0.8606666666666667	0.8086666666666666	0.8506666666666667	0.7946666666666666	0.7826666666666666	0.808	0.756	0.7513333333333333	0.758	0.714	0.62	0.588	0.5806666666666667	0.6233333333333333	0.586	0.5593333333333333	0.5793333333333334	0.582	0.5013333333333333	0.3873333333333333	0.4086666666666667	0.398	0.3333333333333333	0.2986666666666667	0.25333333333333335	0.25933333333333336	0.26066666666666666	0.23266666666666666	0.25866666666666666	0.2613333333333333	0.25733333333333336	0.23733333333333334	0.20466666666666666	0.202	0.23	0.19533333333333333	0.212	0.18933333333333333	0.212	0.202	0.18733333333333332	0.17266666666666666	0.17066666666666666	0.156	0.16933333333333334	0.19666666666666666	0.18066666666666667	0.18	0.16866666666666666	0.18266666666666667	0.15133333333333332	0.16466666666666666	0.17133333333333334	0.14	0.14066666666666666	
3.2013333333333334	2.06	1.692	1.834	2.9326666666666665	2.990666666666667	2.932	2.9686666666666666	3.025333333333333	2.884	2.7706666666666666	2.7013333333333334	2.4486666666666665	1.742	1.42	1.7713333333333334	2.056	2.002666666666667	1.958	1.8673333333333333	1.7953333333333332	1.8793333333333333	1.8746666666666667	1.678	1.5746666666666667	1.5533333333333332	1.558	1.6113333333333333	1.6586666666666667	1.668	1.6946666666666668	1.6513333333333333	1.292	1.2246666666666666	1.2473333333333334	1.22	1.076	0.986	0.9166666666666666	0.9206666666666666	0.8966666666666666	0.8786666666666667	0.8346666666666667	0.8286666666666667	0.8173333333333334	0.7866666666666666	0.8	0.7873333333333333	0.79	0.7766666666666666	0.7013333333333334	0.6846666666666666	0.7133333333333334	0.6786666666666666	0.6246666666666667	0.5926666666666667	0.6273333333333333	0.6113333333333333	0.604	0.5586666666666666	0.5426666666666666	0.56	0.504	0.4026666666666667	0.39466666666666667	0.3893333333333333	0.37933333333333336	0.31066666666666665	0.24666666666666667	0.246	0.238	0.24	0.214	0.24133333333333334	0.23333333333333334	0.234	0.22933333333333333	0.2	0.216	0.23066666666666666	0.20333333333333334	0.21866666666666668	0.198	0.218	0.19733333333333333	0.176	0.18	0.17666666666666667	0.17533333333333334	0.16466666666666666	0.16066666666666668	0.19533333333333333	0.17066666666666666	0.16	0.162	0.148	0.17	0.17066666666666666	0.152	
3.2053333333333334	2.1546666666666665	1.6426666666666667	1.7366666666666666	2.9386666666666668	3.037333333333333	2.8906666666666667	2.8806666666666665	2.984	2.8133333333333335	2.8153333333333332	2.7306666666666666	2.5453333333333332	1.6973333333333334	1.4626666666666666	1.7313333333333334	1.996	1.974	1.934	1.8233333333333333	1.8326666666666667	1.8166666666666667	1.8466666666666667	1.6886666666666668	1.536	1.5753333333333333	1.5813333333333333	1.5633333333333332	1.702	1.6693333333333333	1.6433333333333333	1.542	1.3106666666666666	1.2273333333333334	1.1853333333333333	1.2246666666666666	1.0273333333333334	0.89	0.94	0.9246666666666666	0.8673333333333333	0.8206666666666667	0.864	0.802	0.8373333333333334	0.7986666666666666	0.792	0.7966666666666666	0.8066666666666666	0.7786666666666666	0.7513333333333333	0.7593333333333333	0.7733333333333333	0.7066666666666667	0.6366666666666667	0.5853333333333334	0.5953333333333334	0.6093333333333333	0.6113333333333333	0.5646666666666667	0.5833333333333334	0.5486666666666666	0.5073333333333333	0.406	0.386	0.36666666666666664	0.36133333333333334	0.25	0.22466666666666665	0.23	0.24133333333333334	0.21733333333333332	0.206	0.22533333333333333	0.22933333333333333	0.21866666666666668	0.20266666666666666	0.22066666666666668	0.216	0.208	0.214	0.192	0.21266666666666667	0.19533333333333333	0.21866666666666668	0.17733333333333334	0.18066666666666667	0.17933333333333334	0.18066666666666667	0.16666666666666666	0.16466666666666666	0.17733333333333334	0.16133333333333333	0.16733333333333333	0.176	0.16533333333333333	0.156	0.146	0.14533333333333334	
3.162	2.0946666666666665	1.69	1.698	2.933333333333333	2.9433333333333334	2.8486666666666665	2.969333333333333	2.856	2.8233333333333333	2.782	2.7	2.542	1.608	1.416	1.704	2.038666666666667	1.9733333333333334	1.9493333333333334	1.832	1.8113333333333332	1.7973333333333332	1.8126666666666666	1.6546666666666667	1.5006666666666666	1.556	1.5093333333333334	1.5893333333333333	1.6833333333333333	1.694	1.7133333333333334	1.6206666666666667	1.2766666666666666	1.2193333333333334	1.232	1.1893333333333334	1.06	0.9133333333333333	0.884	0.9133333333333333	0.908	0.8346666666666667	0.8066666666666666	0.8206666666666667	0.7933333333333333	0.8046666666666666	0.778	0.808	0.7733333333333333	0.8066666666666666	0.756	0.754	0.7026666666666667	0.7286666666666667	0.582	0.584	0.6346666666666667	0.5873333333333334	0.5266666666666666	0.5953333333333334	0.578	0.5566666666666666	0.5106666666666667	0.4046666666666667	0.41733333333333333	0.37666666666666665	0.3526666666666667	0.2866666666666667	0.226	0.228	0.23333333333333334	0.23266666666666666	0.24666666666666667	0.23533333333333334	0.25466666666666665	0.21533333333333332	0.21933333333333332	0.19333333333333333	0.216	0.19	0.20066666666666666	0.192	0.19466666666666665	0.19466666666666665	0.19866666666666666	0.166	0.16266666666666665	0.15733333333333333	0.152	0.166	0.16266666666666665	0.15533333333333332	0.168	0.15466666666666667	0.162	0.148	0.16133333333333333	0.142	0.138	
3.072	2.0193333333333334	1.6253333333333333	1.6886666666666668	2.896	2.8746666666666667	2.808666666666667	2.8413333333333335	2.9053333333333335	2.719333333333333	2.791333333333333	2.6573333333333333	2.3973333333333335	1.6906666666666668	1.374	1.7166666666666666	2.0233333333333334	1.942	1.89	1.8546666666666667	1.8446666666666667	1.8753333333333333	1.7573333333333334	1.632	1.492	1.5926666666666667	1.566	1.6093333333333333	1.6293333333333333	1.6593333333333333	1.666	1.6086666666666667	1.246	1.1913333333333334	1.1973333333333334	1.1606666666666667	1.0326666666666666	0.966	0.888	0.916	0.9253333333333333	0.8193333333333334	0.7786666666666666	0.8166666666666667	0.862	0.7646666666666667	0.7846666666666666	0.8213333333333334	0.804	0.752	0.7066666666666667	0.668	0.6706666666666666	0.6846666666666666	0.61	0.614	0.5773333333333334	0.6253333333333333	0.5753333333333334	0.558	0.5686666666666667	0.574	0.512	0.38333333333333336	0.35533333333333333	0.35	0.3433333333333333	0.2653333333333333	0.24733333333333332	0.23533333333333334	0.23266666666666666	0.23333333333333334	0.232	0.24133333333333334	0.228	0.22066666666666668	0.21466666666666667	0.216	0.19933333333333333	0.19333333333333333	0.21666666666666667	0.19866666666666666	0.232	0.202	0.184	0.16666666666666666	0.15733333333333333	0.174	0.176	0.14866666666666667	0.16333333333333333	0.16266666666666665	0.16133333333333333	0.142	0.15533333333333332	0.154	0.15666666666666668	0.15333333333333332	0.12466666666666666	
3.224666666666667	2.058	1.666	1.7086666666666666	2.89	2.9313333333333333	2.8753333333333333	2.8353333333333333	2.802	2.8193333333333332	2.7773333333333334	2.6333333333333333	2.5493333333333332	1.604	1.3646666666666667	1.656	1.9633333333333334	1.9946666666666666	1.8893333333333333	1.7846666666666666	1.796	1.784	1.7166666666666666	1.5626666666666666	1.5413333333333334	1.5466666666666666	1.5373333333333334	1.606	1.596	1.608	1.7026666666666668	1.6293333333333333	1.272	1.1106666666666667	1.1906666666666668	1.1833333333333333	1.0913333333333333	0.8753333333333333	0.9286666666666666	0.9193333333333333	0.8706666666666667	0.8446666666666667	0.782	0.824	0.806	0.7546666666666667	0.744	0.8013333333333333	0.7573333333333333	0.716	0.728	0.6933333333333334	0.7113333333333334	0.6726666666666666	0.6133333333333333	0.57	0.576	0.5713333333333334	0.5573333333333333	0.588	0.56	0.5353333333333333	0.49133333333333334	0.37666666666666665	0.374	0.38133333333333336	0.36	0.2773333333333333	0.23	0.23533333333333334	0.228	0.22733333333333333	0.21133333333333335	0.22266666666666668	0.23466666666666666	0.22066666666666668	0.18666666666666668	0.20866666666666667	0.23	0.21533333333333332	0.196	0.20933333333333334	0.214	0.18466666666666667	0.18266666666666667	0.16933333333333334	0.18533333333333332	0.182	0.17333333333333334	0.15333333333333332	0.164	0.17	0.15533333333333332	0.168	0.15466666666666667	0.148	0.14533333333333334	0.13666666666666666	0.13266666666666665	
3.1473333333333335	2.0566666666666666	1.5453333333333332	1.708	2.8546666666666667	2.8666666666666667	2.760666666666667	2.8546666666666667	2.7773333333333334	2.7466666666666666	2.744	2.6233333333333335	2.4646666666666666	1.628	1.4393333333333334	1.6686666666666667	1.9973333333333334	1.908	1.86	1.774	1.768	1.7593333333333334	1.77	1.6173333333333333	1.554	1.478	1.586	1.5306666666666666	1.6	1.6633333333333333	1.6733333333333333	1.578	1.2146666666666666	1.144	1.1446666666666667	1.1746666666666667	1.0593333333333332	0.9	0.9113333333333333	0.8493333333333334	0.9053333333333333	0.8466666666666667	0.794	0.8413333333333334	0.7826666666666666	0.7813333333333333	0.752	0.7673333333333333	0.7453333333333333	0.7126666666666667	0.6486666666666666	0.724	0.7233333333333334	0.7033333333333334	0.562	0.5766666666666667	0.56	0.5653333333333334	0.5593333333333333	0.5613333333333334	0.556	0.55	0.4573333333333333	0.39266666666666666	0.36733333333333335	0.35	0.33066666666666666	0.24466666666666667	0.262	0.22466666666666665	0.23866666666666667	0.24	0.22466666666666665	0.21666666666666667	0.24066666666666667	0.21933333333333332	0.212	0.202	0.21666666666666667	0.20266666666666666	0.208	0.18866666666666668	0.19	0.20733333333333334	0.188	0.164	0.164	0.162	0.162	0.186	0.15933333333333333	0.156	0.15533333333333332	0.13733333333333334	0.17533333333333334	0.17066666666666666	0.16066666666666668	0.14466666666666667	0.14333333333333334	
3.1693333333333333	2.0353333333333334	1.588	1.6446666666666667	2.8333333333333335	2.882	2.8426666666666667	2.735333333333333	2.7746666666666666	2.7953333333333332	2.692	2.548	2.428	1.6733333333333333	1.3993333333333333	1.704	1.9786666666666666	1.9326666666666668	1.7713333333333334	1.742	1.7773333333333334	1.826	1.7126666666666666	1.554	1.4973333333333334	1.5193333333333334	1.4853333333333334	1.5486666666666666	1.6	1.662	1.594	1.5566666666666666	1.2526666666666666	1.146	1.1813333333333333	1.18	1.0093333333333334	0.874	0.8866666666666667	0.9233333333333333	0.8353333333333334	0.7926666666666666	0.798	0.814	0.8193333333333334	0.7706666666666667	0.774	0.76	0.7813333333333333	0.7013333333333334	0.7213333333333334	0.7246666666666667	0.7146666666666667	0.6853333333333333	0.5706666666666667	0.5586666666666666	0.5406666666666666	0.6	0.5586666666666666	0.568	0.5346666666666666	0.5393333333333333	0.464	0.366	0.36133333333333334	0.326	0.342	0.28	0.21	0.22866666666666666	0.218	0.21466666666666667	0.236	0.228	0.21666666666666667	0.21266666666666667	0.20933333333333334	0.23	0.20333333333333334	0.21066666666666667	0.18066666666666667	0.20066666666666666	0.20066666666666666	0.196	0.17933333333333334	0.19733333333333333	0.15333333333333332	0.17066666666666666	0.14866666666666667	0.16733333333333333	0.16066666666666668	0.16333333333333333	0.15666666666666668	0.158	0.14266666666666666	0.16266666666666665	0.16	0.14133333333333334	0.12466666666666666	
3.0653333333333332	1.9613333333333334	1.6033333333333333	1.6633333333333333	2.8253333333333335	2.8806666666666665	2.6766666666666667	2.7693333333333334	2.724666666666667	2.775333333333333	2.72	2.5246666666666666	2.3726666666666665	1.5886666666666667	1.3133333333333332	1.5886666666666667	1.9866666666666666	1.9126666666666667	1.9233333333333333	1.7133333333333334	1.6986666666666668	1.7526666666666666	1.7513333333333334	1.5526666666666666	1.4886666666666666	1.4733333333333334	1.5373333333333334	1.602	1.594	1.63	1.6373333333333333	1.504	1.2113333333333334	1.1346666666666667	1.1906666666666668	1.118	1.0033333333333334	0.8733333333333333	0.8873333333333333	0.8673333333333333	0.854	0.7953333333333333	0.7953333333333333	0.8033333333333333	0.7686666666666667	0.712	0.7893333333333333	0.7486666666666667	0.7413333333333333	0.7206666666666667	0.6666666666666666	0.6326666666666667	0.6833333333333333	0.676	0.592	0.5973333333333334	0.5826666666666667	0.6093333333333333	0.5533333333333333	0.504	0.544	0.514	0.4666666666666667	0.3626666666666667	0.376	0.3566666666666667	0.3526666666666667	0.282	0.24533333333333332	0.21933333333333332	0.21	0.23133333333333334	0.20066666666666666	0.236	0.22733333333333333	0.228	0.196	0.21533333333333332	0.222	0.19933333333333333	0.208	0.19	0.21	0.17333333333333334	0.196	0.17533333333333334	0.15933333333333333	0.16466666666666666	0.16466666666666666	0.15533333333333332	0.17	0.17066666666666666	0.17466666666666666	0.158	0.146	0.15333333333333332	0.14466666666666667	0.14	0.13133333333333333	
3.082666666666667	1.9466666666666668	1.584	1.6313333333333333	2.7546666666666666	2.8106666666666666	2.676	2.834	2.6613333333333333	2.6573333333333333	2.6626666666666665	2.505333333333333	2.3513333333333333	1.5666666666666667	1.2806666666666666	1.648	1.9126666666666667	1.8586666666666667	1.828	1.6833333333333333	1.732	1.7266666666666666	1.7013333333333334	1.592	1.462	1.4973333333333334	1.5193333333333334	1.482	1.5926666666666667	1.5713333333333332	1.55	1.512	1.2273333333333334	1.202	1.1726666666666667	1.152	1.0146666666666666	0.832	0.8553333333333333	0.8973333333333333	0.86	0.7673333333333333	0.762	0.7593333333333333	0.772	0.7593333333333333	0.7733333333333333	0.746	0.73	0.6926666666666667	0.684	0.6593333333333333	0.6306666666666667	0.656	0.5966666666666667	0.5353333333333333	0.5966666666666667	0.562	0.54	0.544	0.5353333333333333	0.5346666666666666	0.4826666666666667	0.388	0.36533333333333334	0.356	0.35333333333333333	0.2673333333333333	0.22666666666666666	0.22266666666666668	0.228	0.21733333333333332	0.22266666666666668	0.226	0.23266666666666666	0.212	0.22066666666666668	0.21266666666666667	0.20733333333333334	0.18	0.20266666666666666	0.17266666666666666	0.182	0.19733333333333333	0.17666666666666667	0.16066666666666668	0.15666666666666668	0.15	0.158	0.18266666666666667	0.16533333333333333	0.16333333333333333	0.17066666666666666	0.13933333333333334	0.158	0.16533333333333333	0.17	0.12933333333333333	0.14533333333333334	
3.0393333333333334	1.9933333333333334	1.6093333333333333	1.5993333333333333	2.7693333333333334	2.7813333333333334	2.6966666666666668	2.7106666666666666	2.6746666666666665	2.687333333333333	2.618	2.490666666666667	2.342	1.5826666666666667	1.2933333333333332	1.6066666666666667	1.888	1.8486666666666667	1.8653333333333333	1.7046666666666668	1.7033333333333334	1.7	1.6613333333333333	1.5506666666666666	1.4826666666666666	1.3986666666666667	1.5013333333333334	1.4773333333333334	1.5346666666666666	1.5526666666666666	1.5673333333333332	1.5213333333333334	1.2406666666666666	1.1273333333333333	1.1	1.1073333333333333	0.956	0.8753333333333333	0.82	0.886	0.832	0.794	0.8173333333333334	0.7506666666666667	0.7666666666666667	0.738	0.7293333333333333	0.722	0.7526666666666667	0.7126666666666667	0.684	0.696	0.6873333333333334	0.6426666666666667	0.582	0.548	0.5773333333333334	0.5653333333333334	0.5686666666666667	0.5186666666666667	0.516	0.5053333333333333	0.4686666666666667	0.388	0.31533333333333335	0.338	0.3426666666666667	0.24666666666666667	0.22466666666666665	0.216	0.20066666666666666	0.19666666666666666	0.214	0.20866666666666667	0.22133333333333333	0.19933333333333333	0.21666666666666667	0.19666666666666666	0.21066666666666667	0.20066666666666666	0.18933333333333333	0.18466666666666667	0.17933333333333334	0.18933333333333333	0.17866666666666667	0.17133333333333334	0.16466666666666666	0.15333333333333332	0.14866666666666667	0.16133333333333333	0.14733333333333334	0.15066666666666667	0.158	0.16133333333333333	0.15066666666666667	0.14133333333333334	0.13866666666666666	0.13066666666666665	0.13733333333333334	
3.0566666666666666	1.9666666666666666	1.4873333333333334	1.6473333333333333	2.7133333333333334	2.720666666666667	2.66	2.7133333333333334	2.6806666666666668	2.67	2.5873333333333335	2.536	2.328666666666667	1.554	1.2933333333333332	1.6093333333333333	1.9593333333333334	1.868	1.7973333333333332	1.7346666666666666	1.6826666666666668	1.778	1.7113333333333334	1.5466666666666666	1.5026666666666666	1.5393333333333334	1.4333333333333333	1.5426666666666666	1.5273333333333334	1.52	1.5673333333333332	1.5506666666666666	1.2173333333333334	1.1466666666666667	1.0926666666666667	1.0906666666666667	0.9706666666666667	0.8593333333333333	0.8346666666666667	0.8666666666666667	0.848	0.7966666666666666	0.7653333333333333	0.758	0.7826666666666666	0.7306666666666667	0.7033333333333334	0.72	0.748	0.7	0.698	0.6426666666666667	0.704	0.6133333333333333	0.5846666666666667	0.5206666666666667	0.562	0.544	0.5966666666666667	0.5553333333333333	0.4826666666666667	0.5306666666666666	0.4766666666666667	0.38	0.3546666666666667	0.3506666666666667	0.33866666666666667	0.266	0.23066666666666666	0.21866666666666668	0.208	0.19533333333333333	0.20266666666666666	0.208	0.23133333333333334	0.22066666666666668	0.19333333333333333	0.20066666666666666	0.19933333333333333	0.21	0.176	0.19933333333333333	0.184	0.16266666666666665	0.18	0.16866666666666666	0.16866666666666666	0.14733333333333334	0.14866666666666667	0.17866666666666667	0.15466666666666667	0.16066666666666668	0.16466666666666666	0.144	0.14266666666666666	0.14466666666666667	0.152	0.13933333333333334	0.118	
2.8966666666666665	1.9853333333333334	1.532	1.5706666666666667	2.7626666666666666	2.77	2.6513333333333335	2.7266666666666666	2.7493333333333334	2.618	2.5553333333333335	2.5553333333333335	2.336	1.548	1.3013333333333332	1.516	1.82	1.8273333333333333	1.7906666666666666	1.674	1.6413333333333333	1.6306666666666667	1.656	1.596	1.4913333333333334	1.4313333333333333	1.3613333333333333	1.5133333333333334	1.566	1.5526666666666666	1.512	1.494	1.226	1.0953333333333333	1.094	1.1226666666666667	0.9726666666666667	0.8606666666666667	0.8246666666666667	0.8666666666666667	0.8406666666666667	0.7733333333333333	0.808	0.8046666666666666	0.7473333333333333	0.7686666666666667	0.76	0.7693333333333333	0.738	0.7	0.6606666666666666	0.6793333333333333	0.6513333333333333	0.6386666666666667	0.5646666666666667	0.5653333333333334	0.58	0.5606666666666666	0.5193333333333333	0.5353333333333333	0.5233333333333333	0.524	0.48	0.372	0.35733333333333334	0.33266666666666667	0.31	0.27266666666666667	0.232	0.22066666666666668	0.21666666666666667	0.22533333333333333	0.21266666666666667	0.21	0.228	0.194	0.17066666666666666	0.18666666666666668	0.20266666666666666	0.19733333333333333	0.20933333333333334	0.176	0.18133333333333335	0.198	0.16066666666666668	0.16066666666666668	0.18266666666666667	0.14866666666666667	0.13466666666666666	0.16	0.146	0.16666666666666666	0.14733333333333334	0.14266666666666666	0.15066666666666667	0.15466666666666667	0.15133333333333332	0.13666666666666666	0.13133333333333333	
2.9526666666666666	1.9013333333333333	1.5273333333333334	1.6126666666666667	2.7453333333333334	2.708	2.5886666666666667	2.6646666666666667	2.644	2.6186666666666665	2.4966666666666666	2.437333333333333	2.324	1.5526666666666666	1.3226666666666667	1.57	1.9473333333333334	1.8386666666666667	1.8153333333333332	1.6926666666666668	1.706	1.682	1.638	1.5346666666666666	1.4266666666666667	1.458	1.4826666666666666	1.4466666666666668	1.4606666666666666	1.578	1.564	1.4673333333333334	1.212	1.1253333333333333	1.1133333333333333	1.144	0.9553333333333334	0.8453333333333334	0.834	0.836	0.84	0.7526666666666667	0.7453333333333333	0.7493333333333333	0.7406666666666667	0.718	0.7173333333333334	0.71	0.7133333333333334	0.7086666666666667	0.676	0.648	0.7333333333333333	0.6126666666666667	0.5586666666666666	0.558	0.538	0.558	0.5513333333333333	0.5006666666666667	0.5373333333333333	0.5133333333333333	0.462	0.36866666666666664	0.3353333333333333	0.30866666666666664	0.32066666666666666	0.24	0.24333333333333335	0.21133333333333335	0.20466666666666666	0.19533333333333333	0.20933333333333334	0.198	0.218	0.20866666666666667	0.202	0.18066666666666667	0.206	0.20866666666666667	0.19533333333333333	0.18133333333333335	0.18733333333333332	0.17533333333333334	0.18	0.16866666666666666	0.15533333333333332	0.15133333333333332	0.16466666666666666	0.164	0.172	0.14066666666666666	0.16466666666666666	0.152	0.16133333333333333	0.15	0.138	0.13733333333333334	0.12733333333333333	
2.8853333333333335	1.9473333333333334	1.4973333333333334	1.5753333333333333	2.6266666666666665	2.6653333333333333	2.6486666666666667	2.5726666666666667	2.5606666666666666	2.542666666666667	2.5813333333333333	2.4646666666666666	2.332666666666667	1.4986666666666666	1.3293333333333333	1.5526666666666666	1.8366666666666667	1.8133333333333332	1.752	1.672	1.65	1.6253333333333333	1.6246666666666667	1.472	1.4206666666666667	1.4266666666666667	1.4066666666666667	1.4606666666666666	1.4673333333333334	1.5426666666666666	1.53	1.4206666666666667	1.192	1.0673333333333332	1.0886666666666667	1.0946666666666667	0.956	0.816	0.8306666666666667	0.8606666666666667	0.8426666666666667	0.7373333333333333	0.7313333333333333	0.79	0.768	0.7306666666666667	0.734	0.7413333333333333	0.7413333333333333	0.7086666666666667	0.6566666666666666	0.6433333333333333	0.6313333333333333	0.6773333333333333	0.532	0.56	0.5566666666666666	0.5233333333333333	0.5153333333333333	0.4666666666666667	0.502	0.48933333333333334	0.42	0.3546666666666667	0.31933333333333336	0.35533333333333333	0.3413333333333333	0.248	0.19933333333333333	0.214	0.20866666666666667	0.204	0.20466666666666666	0.21933333333333332	0.21866666666666668	0.208	0.186	0.20933333333333334	0.178	0.17733333333333334	0.18933333333333333	0.19733333333333333	0.17333333333333334	0.182	0.174	0.15466666666666667	0.14266666666666666	0.15533333333333332	0.14133333333333334	0.15333333333333332	0.152	0.13066666666666665	0.158	0.13733333333333334	0.15	0.15133333333333332	0.15066666666666667	0.12466666666666666	0.12866666666666668	
2.8986666666666667	1.8886666666666667	1.544	1.578	2.6393333333333335	2.6633333333333336	2.6773333333333333	2.626	2.6006666666666667	2.5473333333333334	2.558	2.4026666666666667	2.3233333333333333	1.5033333333333334	1.288	1.5626666666666666	1.784	1.7733333333333334	1.7593333333333334	1.664	1.6353333333333333	1.6526666666666667	1.644	1.4666666666666666	1.424	1.4646666666666666	1.386	1.4653333333333334	1.5326666666666666	1.4793333333333334	1.5353333333333334	1.4633333333333334	1.146	1.1166666666666667	1.132	1.054	0.93	0.8526666666666667	0.8273333333333334	0.7686666666666667	0.82	0.7693333333333333	0.81	0.7626666666666667	0.738	0.75	0.6993333333333334	0.69	0.7393333333333333	0.672	0.676	0.644	0.638	0.6166666666666667	0.5413333333333333	0.5453333333333333	0.5193333333333333	0.5073333333333333	0.5006666666666667	0.5233333333333333	0.49533333333333335	0.47533333333333333	0.43533333333333335	0.37666666666666665	0.366	0.31466666666666665	0.30333333333333334	0.25133333333333335	0.214	0.204	0.20666666666666667	0.17933333333333334	0.216	0.224	0.222	0.204	0.192	0.194	0.19733333333333333	0.174	0.20733333333333334	0.16533333333333333	0.19333333333333333	0.18133333333333335	0.17466666666666666	0.138	0.14533333333333334	0.148	0.15	0.13066666666666665	0.14733333333333334	0.14866666666666667	0.14333333333333334	0.13933333333333334	0.14533333333333334	0.14133333333333334	0.14466666666666667	0.144	0.12333333333333334	
2.896	1.9026666666666667	1.5246666666666666	1.482	2.688	2.695333333333333	2.6686666666666667	2.6626666666666665	2.5646666666666667	2.529333333333333	2.489333333333333	2.3986666666666667	2.2733333333333334	1.47	1.2753333333333334	1.558	1.8113333333333332	1.7713333333333334	1.7866666666666666	1.6473333333333333	1.6	1.6486666666666667	1.6366666666666667	1.5253333333333334	1.432	1.3706666666666667	1.3986666666666667	1.474	1.4433333333333334	1.5006666666666666	1.466	1.4406666666666668	1.142	1.0433333333333332	1.086	1.0646666666666667	0.948	0.8313333333333334	0.7953333333333333	0.8833333333333333	0.776	0.746	0.7373333333333333	0.7506666666666667	0.7293333333333333	0.7153333333333334	0.732	0.674	0.6926666666666667	0.634	0.6413333333333333	0.6586666666666666	0.6126666666666667	0.606	0.5633333333333334	0.538	0.542	0.5493333333333333	0.5093333333333333	0.4846666666666667	0.5206666666666667	0.4686666666666667	0.44	0.38266666666666665	0.34	0.35933333333333334	0.31	0.238	0.22933333333333333	0.22866666666666666	0.20533333333333334	0.21933333333333332	0.18533333333333332	0.20266666666666666	0.22	0.21133333333333335	0.17066666666666666	0.164	0.19733333333333333	0.196	0.16733333333333333	0.172	0.16866666666666666	0.18266666666666667	0.15666666666666668	0.16333333333333333	0.134	0.17066666666666666	0.146	0.14666666666666667	0.15266666666666667	0.13733333333333334	0.138	0.11666666666666667	0.14066666666666666	0.12866666666666668	0.12933333333333333	0.148	0.12733333333333333	
2.7613333333333334	1.8	1.416	1.5306666666666666	2.6473333333333335	2.644	2.46	2.5033333333333334	2.5513333333333335	2.4133333333333336	2.432	2.322	2.203333333333333	1.482	1.2373333333333334	1.5173333333333334	1.6986666666666668	1.786	1.7573333333333334	1.6073333333333333	1.586	1.5806666666666667	1.5813333333333333	1.3906666666666667	1.3373333333333333	1.326	1.3653333333333333	1.438	1.45	1.4266666666666667	1.4766666666666666	1.368	1.1086666666666667	1.0226666666666666	1.0373333333333334	1.0386666666666666	0.8886666666666667	0.754	0.802	0.8313333333333334	0.7733333333333333	0.6953333333333334	0.726	0.6926666666666667	0.7073333333333334	0.6513333333333333	0.6666666666666666	0.662	0.6806666666666666	0.6253333333333333	0.6126666666666667	0.6426666666666667	0.672	0.6086666666666667	0.558	0.49466666666666664	0.5246666666666666	0.49666666666666665	0.48	0.506	0.49866666666666665	0.484	0.43466666666666665	0.336	0.334	0.3253333333333333	0.3253333333333333	0.25	0.19866666666666666	0.196	0.19666666666666666	0.18866666666666668	0.208	0.21533333333333332	0.212	0.192	0.20066666666666666	0.17866666666666667	0.17666666666666667	0.17666666666666667	0.19666666666666666	0.168	0.166	0.186	0.16266666666666665	0.14933333333333335	0.15066666666666667	0.17066666666666666	0.15066666666666667	0.124	0.158	0.138	0.142	0.14466666666666667	0.138	0.14666666666666667	0.142	0.13466666666666666	0.11333333333333333	
2.7666666666666666	1.7453333333333334	1.3746666666666667	1.4633333333333334	2.4473333333333334	2.517333333333333	2.453333333333333	2.474666666666667	2.4273333333333333	2.354	2.2613333333333334	2.267333333333333	2.1186666666666665	1.4226666666666667	1.204	1.438	1.6913333333333334	1.6406666666666667	1.668	1.4953333333333334	1.526	1.5513333333333332	1.5573333333333332	1.3986666666666667	1.3786666666666667	1.318	1.322	1.3406666666666667	1.45	1.3586666666666667	1.3793333333333333	1.362	1.092	1.0086666666666666	0.9713333333333334	0.9646666666666667	0.892	0.754	0.7033333333333334	0.7526666666666667	0.7666666666666667	0.6926666666666667	0.678	0.6626666666666666	0.7166666666666667	0.6746666666666666	0.6373333333333333	0.67	0.6753333333333333	0.6646666666666666	0.5793333333333334	0.6113333333333333	0.5953333333333334	0.5986666666666667	0.5466666666666666	0.496	0.46	0.484	0.4593333333333333	0.4573333333333333	0.49866666666666665	0.43533333333333335	0.382	0.31666666666666665	0.30133333333333334	0.2926666666666667	0.3006666666666667	0.26466666666666666	0.206	0.21466666666666667	0.2	0.198	0.19266666666666668	0.19866666666666666	0.18933333333333333	0.178	0.192	0.18666666666666668	0.17533333333333334	0.176	0.176	0.15866666666666668	0.18266666666666667	0.142	0.13866666666666666	0.146	0.15933333333333333	0.15333333333333332	0.14933333333333335	0.13066666666666665	0.138	0.13533333333333333	0.13666666666666666	0.13266666666666665	0.14866666666666667	0.13066666666666665	0.144	0.132	0.12666666666666668	
2.5486666666666666	1.7053333333333334	1.3786666666666667	1.38	2.384	2.3973333333333335	2.3713333333333333	2.3646666666666665	2.3513333333333333	2.3473333333333333	2.302	2.1853333333333333	2.030666666666667	1.3793333333333333	1.1773333333333333	1.4366666666666668	1.656	1.5846666666666667	1.5973333333333333	1.4606666666666666	1.4746666666666666	1.476	1.4713333333333334	1.3213333333333332	1.3073333333333332	1.298	1.29	1.3046666666666666	1.318	1.324	1.352	1.2686666666666666	1.0326666666666666	0.9546666666666667	0.9626666666666667	0.9926666666666667	0.8753333333333333	0.7446666666666667	0.7666666666666667	0.7213333333333334	0.7006666666666667	0.67	0.66	0.6873333333333334	0.634	0.6286666666666667	0.6446666666666667	0.634	0.592	0.602	0.5753333333333334	0.566	0.582	0.5506666666666666	0.49133333333333334	0.49666666666666665	0.476	0.4573333333333333	0.47	0.4633333333333333	0.4653333333333333	0.4646666666666667	0.414	0.30933333333333335	0.31266666666666665	0.2866666666666667	0.2853333333333333	0.238	0.202	0.21666666666666667	0.20666666666666667	0.17933333333333334	0.18933333333333333	0.194	0.19133333333333333	0.19	0.186	0.16333333333333333	0.182	0.176	0.168	0.164	0.15733333333333333	0.16733333333333333	0.16866666666666666	0.14266666666666666	0.13866666666666666	0.12533333333333332	0.146	0.12	0.124	0.124	0.13	0.12333333333333334	0.12466666666666666	0.12333333333333334	0.12866666666666668	0.12533333333333332	0.11	
2.498	1.648	1.278	1.32	2.332666666666667	2.3373333333333335	2.2493333333333334	2.3406666666666665	2.2226666666666666	2.252	2.1453333333333333	2.1326666666666667	1.9726666666666666	1.3666666666666667	1.098	1.3853333333333333	1.5833333333333333	1.558	1.5386666666666666	1.3953333333333333	1.3986666666666667	1.39	1.4266666666666667	1.222	1.21	1.1586666666666667	1.2246666666666666	1.264	1.3626666666666667	1.2826666666666666	1.3073333333333332	1.278	1.0193333333333334	0.9606666666666667	0.9453333333333334	0.926	0.8073333333333333	0.702	0.6906666666666667	0.7333333333333333	0.7033333333333334	0.688	0.6486666666666666	0.634	0.6053333333333333	0.6446666666666667	0.6306666666666667	0.628	0.6426666666666667	0.622	0.5593333333333333	0.568	0.5173333333333333	0.5226666666666666	0.4693333333333333	0.48333333333333334	0.4266666666666667	0.44533333333333336	0.4533333333333333	0.43133333333333335	0.46066666666666667	0.45666666666666667	0.39266666666666666	0.31266666666666665	0.29733333333333334	0.2793333333333333	0.27	0.194	0.19133333333333333	0.178	0.18266666666666667	0.17866666666666667	0.18133333333333335	0.16466666666666666	0.17866666666666667	0.17333333333333334	0.17466666666666666	0.174	0.154	0.15733333333333333	0.16066666666666668	0.14866666666666667	0.14533333333333334	0.15066666666666667	0.15666666666666668	0.12	0.14533333333333334	0.12733333333333333	0.12266666666666666	0.128	0.14133333333333334	0.11666666666666667	0.10666666666666667	0.124	0.122	0.12333333333333334	0.116	0.11	0.104	
2.4446666666666665	1.544	1.2226666666666666	1.3126666666666666	2.2413333333333334	2.268666666666667	2.2253333333333334	2.1926666666666668	2.204	2.1453333333333333	2.0953333333333335	2.0113333333333334	1.9566666666666668	1.2526666666666666	1.0733333333333333	1.2526666666666666	1.576	1.5433333333333332	1.4606666666666666	1.402	1.356	1.3626666666666667	1.4093333333333333	1.2466666666666666	1.2186666666666666	1.1453333333333333	1.1826666666666668	1.2206666666666666	1.2866666666666666	1.23	1.244	1.2133333333333334	1.0273333333333334	0.932	0.898	0.9053333333333333	0.7493333333333333	0.6826666666666666	0.7046666666666667	0.7033333333333334	0.6653333333333333	0.626	0.6313333333333333	0.6213333333333333	0.646	0.6133333333333333	0.618	0.5886666666666667	0.586	0.586	0.5153333333333333	0.5486666666666666	0.552	0.49133333333333334	0.5006666666666667	0.46	0.4553333333333333	0.43333333333333335	0.458	0.4573333333333333	0.4093333333333333	0.426	0.34933333333333333	0.316	0.27	0.26266666666666666	0.24066666666666667	0.20066666666666666	0.186	0.19266666666666668	0.18266666666666667	0.18	0.176	0.17066666666666666	0.16266666666666665	0.18466666666666667	0.15266666666666667	0.16066666666666668	0.16	0.166	0.14133333333333334	0.15466666666666667	0.12866666666666668	0.15466666666666667	0.138	0.12333333333333334	0.11933333333333333	0.13	0.11266666666666666	0.104	0.128	0.12266666666666666	0.098	0.126	0.12	0.10866666666666666	0.12533333333333332	0.11133333333333334	0.11	
2.417333333333333	1.55	1.224	1.282	2.199333333333333	2.184	2.128	2.199333333333333	2.14	2.0613333333333332	2.048	1.9646666666666666	1.8593333333333333	1.1713333333333333	1.0426666666666666	1.2966666666666666	1.4653333333333334	1.46	1.4286666666666668	1.352	1.3086666666666666	1.368	1.356	1.2166666666666666	1.1553333333333333	1.1493333333333333	1.1266666666666667	1.2153333333333334	1.262	1.212	1.2413333333333334	1.1353333333333333	0.942	0.8826666666666667	0.888	0.9006666666666666	0.7446666666666667	0.6646666666666666	0.672	0.6873333333333334	0.6426666666666667	0.624	0.5873333333333334	0.622	0.6333333333333333	0.5973333333333334	0.568	0.5826666666666667	0.5733333333333334	0.5513333333333333	0.5413333333333333	0.5406666666666666	0.5226666666666666	0.5166666666666667	0.446	0.45266666666666666	0.43066666666666664	0.4086666666666667	0.422	0.4013333333333333	0.402	0.41533333333333333	0.358	0.294	0.2986666666666667	0.26866666666666666	0.26066666666666666	0.20866666666666667	0.17466666666666666	0.17533333333333334	0.14933333333333335	0.174	0.178	0.168	0.17266666666666666	0.146	0.14333333333333334	0.15733333333333333	0.14933333333333335	0.15533333333333332	0.17666666666666667	0.13933333333333334	0.12666666666666668	0.13133333333333333	0.136	0.124	0.09933333333333333	0.13266666666666665	0.12	0.11	0.11466666666666667	0.09733333333333333	0.11666666666666667	0.118	0.112	0.12466666666666666	0.092	0.092	0.1	
2.2993333333333332	1.4226666666666667	1.1813333333333333	1.196	2.12	2.1353333333333335	2.0686666666666667	2.14	2.0353333333333334	2.0393333333333334	2.03	1.91	1.7693333333333334	1.196	1.0466666666666666	1.1846666666666668	1.386	1.4413333333333334	1.3726666666666667	1.3313333333333333	1.3326666666666667	1.3113333333333332	1.2953333333333332	1.2013333333333334	1.1333333333333333	1.0866666666666667	1.1126666666666667	1.1586666666666667	1.194	1.1873333333333334	1.142	1.1426666666666667	0.9526666666666667	0.8946666666666667	0.808	0.8753333333333333	0.748	0.6593333333333333	0.664	0.634	0.6426666666666667	0.5926666666666667	0.574	0.5566666666666666	0.57	0.5653333333333334	0.5666666666666667	0.5546666666666666	0.5306666666666666	0.5313333333333333	0.5213333333333333	0.526	0.5173333333333333	0.49733333333333335	0.44066666666666665	0.42866666666666664	0.4026666666666667	0.41133333333333333	0.3953333333333333	0.39	0.4013333333333333	0.3873333333333333	0.374	0.29	0.25866666666666666	0.24133333333333334	0.25133333333333335	0.20733333333333334	0.16266666666666665	0.15133333333333332	0.15733333333333333	0.162	0.15866666666666668	0.164	0.16533333333333333	0.15466666666666667	0.14533333333333334	0.16133333333333333	0.148	0.15066666666666667	0.13733333333333334	0.13133333333333333	0.12933333333333333	0.138	0.13066666666666665	0.14333333333333334	0.11666666666666667	0.09466666666666666	0.11266666666666666	0.116	0.11933333333333333	0.12	0.11133333333333334	0.1	0.11466666666666667	0.104	0.11133333333333334	0.10666666666666667	0.09466666666666666	
2.247333333333333	1.4886666666666666	1.1053333333333333	1.158	2.0533333333333332	2.0753333333333335	2.014666666666667	2.0313333333333334	2.0	1.9466666666666668	1.9233333333333333	1.822	1.6713333333333333	1.168	0.9653333333333334	1.2013333333333334	1.4413333333333334	1.388	1.29	1.2306666666666666	1.3	1.286	1.252	1.1513333333333333	1.0993333333333333	1.11	1.0413333333333334	1.1073333333333333	1.122	1.1386666666666667	1.1233333333333333	1.086	0.8673333333333333	0.824	0.844	0.848	0.7033333333333334	0.6353333333333333	0.626	0.6466666666666666	0.6093333333333333	0.572	0.5893333333333334	0.5366666666666666	0.556	0.5413333333333333	0.5446666666666666	0.556	0.5386666666666666	0.5313333333333333	0.5286666666666666	0.4806666666666667	0.5273333333333333	0.49133333333333334	0.43066666666666664	0.38866666666666666	0.42866666666666664	0.4013333333333333	0.3953333333333333	0.3873333333333333	0.37733333333333335	0.3873333333333333	0.31466666666666665	0.25266666666666665	0.268	0.24266666666666667	0.246	0.222	0.17866666666666667	0.15666666666666668	0.14866666666666667	0.15	0.154	0.16533333333333333	0.16	0.178	0.14266666666666666	0.15	0.14533333333333334	0.14866666666666667	0.14533333333333334	0.14733333333333334	0.13266666666666665	0.146	0.13266666666666665	0.116	0.108	0.10733333333333334	0.12333333333333334	0.10266666666666667	0.10466666666666667	0.114	0.11	0.12266666666666666	0.10133333333333333	0.09533333333333334	0.10733333333333334	0.10466666666666667	0.09866666666666667	
2.1986666666666665	1.4	1.0773333333333333	1.1553333333333333	1.984	2.006666666666667	1.9066666666666667	2.022	1.8733333333333333	1.9046666666666667	1.9133333333333333	1.8213333333333332	1.7426666666666666	1.124	0.96	1.1286666666666667	1.3726666666666667	1.3166666666666667	1.3093333333333332	1.256	1.17	1.198	1.2426666666666666	1.1006666666666667	1.054	1.0993333333333333	1.054	1.1166666666666667	1.1193333333333333	1.1006666666666667	1.0946666666666667	1.0846666666666667	0.864	0.8066666666666666	0.8253333333333334	0.8253333333333334	0.694	0.6113333333333333	0.6246666666666667	0.606	0.5933333333333334	0.5666666666666667	0.582	0.5553333333333333	0.562	0.5106666666666667	0.5193333333333333	0.516	0.528	0.5186666666666667	0.454	0.452	0.4766666666666667	0.46266666666666667	0.4073333333333333	0.426	0.4033333333333333	0.4	0.4206666666666667	0.3913333333333333	0.38466666666666666	0.37266666666666665	0.342	0.2633333333333333	0.224	0.25733333333333336	0.212	0.18733333333333332	0.16333333333333333	0.17733333333333334	0.14466666666666667	0.15466666666666667	0.14666666666666667	0.15133333333333332	0.154	0.13666666666666666	0.156	0.146	0.148	0.12933333333333333	0.126	0.12933333333333333	0.12333333333333334	0.13066666666666665	0.12666666666666668	0.108	0.11133333333333334	0.09333333333333334	0.116	0.10733333333333334	0.12533333333333332	0.12933333333333333	0.11066666666666666	0.092	0.11266666666666666	0.116	0.08666666666666667	0.10466666666666667	0.09866666666666667	
2.178	1.374	1.0913333333333333	1.1406666666666667	1.852	1.9813333333333334	1.8646666666666667	1.9173333333333333	1.9033333333333333	1.9046666666666667	1.8646666666666667	1.7546666666666666	1.68	1.0993333333333333	0.9693333333333334	1.1953333333333334	1.3106666666666666	1.3126666666666666	1.248	1.2133333333333334	1.1713333333333333	1.1946666666666668	1.2313333333333334	1.0966666666666667	0.9873333333333333	1.038	1.022	1.0553333333333332	1.078	1.0953333333333333	1.0866666666666667	1.0726666666666667	0.8373333333333334	0.8066666666666666	0.7906666666666666	0.7766666666666666	0.666	0.6106666666666667	0.5733333333333334	0.5766666666666667	0.6093333333333333	0.5253333333333333	0.5506666666666666	0.5106666666666667	0.544	0.5146666666666667	0.4693333333333333	0.5366666666666666	0.5153333333333333	0.47933333333333333	0.5006666666666667	0.45466666666666666	0.478	0.4493333333333333	0.3933333333333333	0.376	0.36733333333333335	0.36666666666666664	0.3873333333333333	0.37133333333333335	0.36733333333333335	0.38466666666666666	0.32266666666666666	0.232	0.24733333333333332	0.246	0.228	0.18866666666666668	0.14533333333333334	0.15066666666666667	0.14333333333333334	0.158	0.15266666666666667	0.14933333333333335	0.14733333333333334	0.14	0.142	0.14	0.13933333333333334	0.13	0.142	0.134	0.11333333333333333	0.12666666666666668	0.128	0.114	0.10666666666666667	0.11733333333333333	0.11466666666666667	0.112	0.10933333333333334	0.11733333333333333	0.108	0.108	0.10933333333333334	0.09733333333333333	0.10066666666666667	0.07866666666666666	0.08733333333333333	
2.0513333333333335	1.3246666666666667	1.0213333333333334	1.0806666666666667	1.8093333333333332	1.9286666666666668	1.844	1.9306666666666668	1.8753333333333333	1.8253333333333333	1.83	1.746	1.636	1.0806666666666667	0.9386666666666666	1.068	1.3086666666666666	1.326	1.2926666666666666	1.1466666666666667	1.168	1.182	1.1653333333333333	1.01	0.9893333333333333	1.012	1.0326666666666666	1.0166666666666666	1.014	1.0833333333333333	1.0513333333333332	0.9866666666666667	0.836	0.7833333333333333	0.774	0.728	0.6873333333333334	0.58	0.5886666666666667	0.584	0.58	0.5353333333333333	0.54	0.5086666666666667	0.5366666666666666	0.5126666666666667	0.5066666666666667	0.49533333333333335	0.48733333333333334	0.474	0.43933333333333335	0.44133333333333336	0.4593333333333333	0.42333333333333334	0.3566666666666667	0.39266666666666666	0.35733333333333334	0.37	0.356	0.354	0.3586666666666667	0.354	0.31533333333333335	0.24933333333333332	0.21933333333333332	0.236	0.18866666666666668	0.18533333333333332	0.16	0.154	0.14733333333333334	0.14333333333333334	0.13666666666666666	0.14266666666666666	0.14	0.14866666666666667	0.11533333333333333	0.132	0.14733333333333334	0.11733333333333333	0.11466666666666667	0.11733333333333333	0.12333333333333334	0.12266666666666666	0.112	0.10466666666666667	0.112	0.11066666666666666	0.106	0.11533333333333333	0.09733333333333333	0.09	0.11333333333333333	0.104	0.086	0.08733333333333333	0.09666666666666666	0.09466666666666666	0.08266666666666667	
2.064	1.292	1.004	0.9806666666666667	1.8153333333333332	1.8453333333333333	1.824	1.896	1.7933333333333332	1.7873333333333334	1.7433333333333334	1.6866666666666668	1.5893333333333333	1.054	0.8846666666666667	1.0093333333333334	1.264	1.2733333333333334	1.192	1.1406666666666667	1.1473333333333333	1.1346666666666667	1.072	1.004	0.9226666666666666	0.9306666666666666	0.9706666666666667	1.0213333333333334	1.018	1.034	0.9706666666666667	0.9653333333333334	0.8226666666666667	0.786	0.7246666666666667	0.7826666666666666	0.6013333333333334	0.57	0.546	0.5593333333333333	0.5666666666666667	0.522	0.5033333333333333	0.5206666666666667	0.49266666666666664	0.4826666666666667	0.4866666666666667	0.5286666666666666	0.4826666666666667	0.48133333333333334	0.436	0.4226666666666667	0.44133333333333336	0.45	0.394	0.36666666666666664	0.36533333333333334	0.374	0.34933333333333333	0.3566666666666667	0.3526666666666667	0.3566666666666667	0.3006666666666667	0.21	0.214	0.218	0.22933333333333333	0.184	0.15133333333333332	0.14933333333333335	0.14933333333333335	0.14733333333333334	0.13266666666666665	0.12866666666666668	0.14	0.12933333333333333	0.12266666666666666	0.134	0.14466666666666667	0.124	0.11666666666666667	0.11266666666666666	0.138	0.11533333333333333	0.112	0.11066666666666666	0.102	0.09733333333333333	0.098	0.104	0.09866666666666667	0.09533333333333334	0.10066666666666667	0.09133333333333334	0.098	0.08733333333333333	0.08666666666666667	0.08866666666666667	0.08333333333333333	
1.948	1.2726666666666666	0.9386666666666666	1.0826666666666667	1.78	1.8466666666666667	1.73	1.7793333333333334	1.748	1.7446666666666666	1.7406666666666666	1.7	1.5553333333333332	1.024	0.8606666666666667	1.0446666666666666	1.276	1.2373333333333334	1.168	1.088	1.1573333333333333	1.1066666666666667	1.1346666666666667	0.9833333333333333	0.9106666666666666	0.9533333333333334	0.9493333333333334	1.0046666666666666	1.01	1.0473333333333332	1.0286666666666666	0.9853333333333333	0.78	0.7153333333333334	0.734	0.7046666666666667	0.6526666666666666	0.5646666666666667	0.5866666666666667	0.556	0.546	0.5206666666666667	0.506	0.4846666666666667	0.5266666666666666	0.48933333333333334	0.43133333333333335	0.49733333333333335	0.472	0.43866666666666665	0.44333333333333336	0.4106666666666667	0.4653333333333333	0.4186666666666667	0.364	0.3413333333333333	0.36	0.342	0.3446666666666667	0.33	0.3446666666666667	0.31666666666666665	0.294	0.21866666666666668	0.20533333333333334	0.212	0.20266666666666666	0.15866666666666668	0.13533333333333333	0.164	0.134	0.13466666666666666	0.13	0.12866666666666668	0.138	0.12533333333333332	0.12333333333333334	0.11266666666666666	0.12133333333333333	0.12733333333333333	0.12066666666666667	0.098	0.11066666666666666	0.116	0.098	0.104	0.104	0.10866666666666666	0.08266666666666667	0.08866666666666667	0.09533333333333334	0.104	0.09533333333333334	0.09533333333333334	0.09133333333333334	0.09933333333333333	0.09333333333333334	0.09066666666666667	0.08466666666666667	
1.9826666666666666	1.236	0.9786666666666667	0.9746666666666667	1.7133333333333334	1.716	1.6893333333333334	1.744	1.7146666666666666	1.7053333333333334	1.6726666666666667	1.6093333333333333	1.4806666666666666	0.9673333333333334	0.874	1.0606666666666666	1.2066666666666668	1.2306666666666666	1.0973333333333333	1.1026666666666667	1.0846666666666667	1.0946666666666667	1.0506666666666666	0.9386666666666666	0.94	0.9553333333333334	0.876	0.928	0.9173333333333333	1.0053333333333334	0.97	0.9286666666666666	0.7313333333333333	0.7433333333333333	0.7193333333333334	0.6973333333333334	0.598	0.5566666666666666	0.5746666666666667	0.5326666666666666	0.532	0.496	0.47533333333333333	0.4806666666666667	0.43333333333333335	0.464	0.4633333333333333	0.43333333333333335	0.462	0.4533333333333333	0.43266666666666664	0.4146666666666667	0.44866666666666666	0.43133333333333335	0.3546666666666667	0.346	0.35533333333333333	0.3446666666666667	0.3253333333333333	0.314	0.32066666666666666	0.316	0.2853333333333333	0.21733333333333332	0.216	0.21733333333333332	0.20933333333333334	0.15533333333333332	0.14266666666666666	0.11533333333333333	0.14333333333333334	0.13333333333333333	0.138	0.142	0.122	0.13266666666666665	0.13066666666666665	0.124	0.11866666666666667	0.114	0.11466666666666667	0.11933333333333333	0.11933333333333333	0.11666666666666667	0.102	0.098	0.09266666666666666	0.102	0.09333333333333334	0.09533333333333334	0.10133333333333333	0.06933333333333333	0.10133333333333333	0.07533333333333334	0.08933333333333333	0.10266666666666667	0.10866666666666666	0.08466666666666667	0.06866666666666667	
1.828	1.27	0.9426666666666667	0.95	1.6826666666666668	1.7566666666666666	1.6773333333333333	1.7473333333333334	1.6926666666666668	1.6953333333333334	1.6353333333333333	1.5666666666666667	1.49	0.9513333333333334	0.7726666666666666	1.0106666666666666	1.1826666666666668	1.1786666666666668	1.0986666666666667	1.076	1.07	1.062	1.0473333333333332	0.9626666666666667	0.92	0.9126666666666666	0.8993333333333333	0.8753333333333333	0.9353333333333333	0.948	0.956	0.9453333333333334	0.744	0.698	0.688	0.6693333333333333	0.604	0.54	0.486	0.526	0.5246666666666666	0.51	0.48533333333333334	0.492	0.4726666666666667	0.4673333333333333	0.458	0.44733333333333336	0.43333333333333335	0.42333333333333334	0.3873333333333333	0.4046666666666667	0.406	0.396	0.32266666666666666	0.33666666666666667	0.374	0.31133333333333335	0.32133333333333336	0.32466666666666666	0.3	0.32133333333333336	0.2673333333333333	0.218	0.21133333333333335	0.208	0.19333333333333333	0.16333333333333333	0.12333333333333334	0.12933333333333333	0.13733333333333334	0.13733333333333334	0.12533333333333332	0.12533333333333332	0.12666666666666668	0.11	0.11466666666666667	0.118	0.12533333333333332	0.12066666666666667	0.11866666666666667	0.11333333333333333	0.116	0.126	0.108	0.094	0.08533333333333333	0.08933333333333333	0.10333333333333333	0.09266666666666666	0.09333333333333334	0.08533333333333333	0.09533333333333334	0.08133333333333333	0.078	0.088	0.1	0.094	0.082	
1.866	1.1626666666666667	0.9346666666666666	0.9526666666666667	1.6833333333333333	1.6873333333333334	1.5833333333333333	1.664	1.6366666666666667	1.6506666666666667	1.6226666666666667	1.5646666666666667	1.4253333333333333	0.9733333333333334	0.778	0.892	1.1033333333333333	1.1386666666666667	1.0773333333333333	1.0626666666666666	1.036	1.0406666666666666	1.0326666666666666	0.9193333333333333	0.864	0.8766666666666667	0.9073333333333333	0.8933333333333333	0.9253333333333333	0.9493333333333334	0.9246666666666666	0.89	0.7213333333333334	0.6786666666666666	0.69	0.6446666666666667	0.586	0.5433333333333333	0.5133333333333333	0.5386666666666666	0.49133333333333334	0.44133333333333336	0.45666666666666667	0.45666666666666667	0.49733333333333335	0.442	0.44133333333333336	0.44733333333333336	0.4533333333333333	0.404	0.38333333333333336	0.386	0.404	0.36733333333333335	0.336	0.32133333333333336	0.33066666666666666	0.31933333333333336	0.31666666666666665	0.322	0.322	0.2986666666666667	0.292	0.20733333333333334	0.21266666666666667	0.20666666666666667	0.18266666666666667	0.17	0.142	0.12466666666666666	0.13333333333333333	0.12733333333333333	0.13266666666666665	0.11466666666666667	0.112	0.11733333333333333	0.10466666666666667	0.11266666666666666	0.114	0.108	0.10133333333333333	0.10466666666666667	0.10333333333333333	0.10733333333333334	0.10066666666666667	0.09133333333333334	0.07533333333333334	0.08933333333333333	0.09533333333333334	0.07933333333333334	0.09466666666666666	0.08933333333333333	0.086	0.08	0.08066666666666666	0.07133333333333333	0.07733333333333334	0.08666666666666667	0.06866666666666667	
1.8193333333333332	1.182	0.888	0.9	1.626	1.644	1.5886666666666667	1.6373333333333333	1.6073333333333333	1.6133333333333333	1.6386666666666667	1.5086666666666666	1.462	0.9246666666666666	0.7993333333333333	0.948	1.1373333333333333	1.112	1.124	0.9913333333333333	1.0073333333333334	1.0306666666666666	0.952	0.8833333333333333	0.8286666666666667	0.8253333333333334	0.844	0.844	0.92	0.9046666666666666	0.924	0.9013333333333333	0.6726666666666666	0.684	0.642	0.6586666666666666	0.572	0.5066666666666667	0.5133333333333333	0.472	0.4806666666666667	0.43133333333333335	0.4573333333333333	0.452	0.428	0.412	0.434	0.3933333333333333	0.422	0.4246666666666667	0.39	0.37533333333333335	0.37933333333333336	0.35333333333333333	0.3453333333333333	0.32666666666666666	0.32666666666666666	0.314	0.28733333333333333	0.31933333333333336	0.30666666666666664	0.296	0.25666666666666665	0.212	0.212	0.20333333333333334	0.18666666666666668	0.16133333333333333	0.11933333333333333	0.114	0.13	0.122	0.11466666666666667	0.11133333333333334	0.11066666666666666	0.12466666666666666	0.122	0.108	0.10666666666666667	0.12533333333333332	0.108	0.10866666666666666	0.09333333333333334	0.09733333333333333	0.10466666666666667	0.09866666666666667	0.08933333333333333	0.086	0.08666666666666667	0.08133333333333333	0.08	0.08066666666666666	0.082	0.08533333333333333	0.082	0.07333333333333333	0.08266666666666667	0.08933333333333333	0.07	
1.83	1.164	0.8333333333333334	0.9326666666666666	1.5793333333333333	1.564	1.5693333333333332	1.6653333333333333	1.556	1.5593333333333332	1.5413333333333334	1.478	1.4013333333333333	0.8866666666666667	0.766	0.8913333333333333	1.154	1.0473333333333332	1.0506666666666666	0.9753333333333334	0.9513333333333334	0.986	0.9826666666666667	0.9046666666666666	0.8186666666666667	0.8113333333333334	0.854	0.8873333333333333	0.9153333333333333	0.8713333333333333	0.896	0.8293333333333334	0.724	0.626	0.6273333333333333	0.6113333333333333	0.5466666666666666	0.4593333333333333	0.4766666666666667	0.504	0.48933333333333334	0.44066666666666665	0.44133333333333336	0.46266666666666667	0.41733333333333333	0.42733333333333334	0.4226666666666667	0.44666666666666666	0.4033333333333333	0.38	0.38666666666666666	0.38466666666666666	0.3626666666666667	0.3893333333333333	0.32866666666666666	0.3233333333333333	0.3233333333333333	0.31266666666666665	0.2673333333333333	0.2793333333333333	0.31533333333333335	0.306	0.27666666666666667	0.20933333333333334	0.19333333333333333	0.18066666666666667	0.182	0.148	0.10333333333333333	0.13066666666666665	0.11333333333333333	0.13133333333333333	0.12866666666666668	0.124	0.118	0.108	0.13066666666666665	0.12733333333333333	0.10666666666666667	0.11066666666666666	0.11266666666666666	0.11266666666666666	0.11	0.1	0.08933333333333333	0.09266666666666666	0.07266666666666667	0.09666666666666666	0.09266666666666666	0.08133333333333333	0.08266666666666667	0.09666666666666666	0.07466666666666667	0.08866666666666667	0.07533333333333334	0.076	0.09333333333333334	0.06933333333333333	0.06133333333333333	
1.7966666666666666	1.0953333333333333	0.8673333333333333	0.898	1.5866666666666667	1.5253333333333334	1.56	1.524	1.5586666666666666	1.582	1.5586666666666666	1.432	1.3793333333333333	0.8786666666666667	0.7893333333333333	0.8953333333333333	1.0893333333333333	1.058	1.0373333333333334	0.9426666666666667	0.9393333333333334	0.93	0.9506666666666667	0.858	0.8073333333333333	0.8033333333333333	0.8113333333333334	0.8426666666666667	0.9053333333333333	0.8706666666666667	0.8433333333333334	0.8526666666666667	0.6486666666666666	0.6386666666666667	0.6526666666666666	0.6393333333333333	0.5193333333333333	0.5053333333333333	0.49	0.492	0.4593333333333333	0.43866666666666665	0.43133333333333335	0.41933333333333334	0.42866666666666664	0.434	0.396	0.4033333333333333	0.374	0.4013333333333333	0.388	0.37733333333333335	0.37533333333333335	0.334	0.32666666666666666	0.32066666666666666	0.31866666666666665	0.30733333333333335	0.2886666666666667	0.27666666666666667	0.29133333333333333	0.29733333333333334	0.262	0.19933333333333333	0.17466666666666666	0.19466666666666665	0.15466666666666667	0.12533333333333332	0.128	0.12733333333333333	0.12666666666666668	0.10933333333333334	0.126	0.12933333333333333	0.12333333333333334	0.12333333333333334	0.09533333333333334	0.11133333333333334	0.10533333333333333	0.09866666666666667	0.11	0.09533333333333334	0.10066666666666667	0.084	0.09666666666666666	0.086	0.08466666666666667	0.08466666666666667	0.08333333333333333	0.08466666666666667	0.08333333333333333	0.07733333333333334	0.07466666666666667	0.07866666666666666	0.07733333333333334	0.08466666666666667	0.08533333333333333	0.07466666666666667	0.06933333333333333	
1.7273333333333334	1.0813333333333333	0.7793333333333333	0.864	1.5226666666666666	1.4933333333333334	1.5126666666666666	1.4853333333333334	1.5353333333333334	1.522	1.468	1.4226666666666667	1.3146666666666667	0.8406666666666667	0.7113333333333334	0.8433333333333334	0.9993333333333333	1.0413333333333334	0.966	0.948	0.9	0.934	0.9226666666666666	0.8293333333333334	0.8073333333333333	0.824	0.7886666666666666	0.8293333333333334	0.862	0.874	0.8666666666666667	0.8193333333333334	0.6693333333333333	0.6213333333333333	0.6293333333333333	0.598	0.5613333333333334	0.45266666666666666	0.49666666666666665	0.44333333333333336	0.45	0.4013333333333333	0.3973333333333333	0.3953333333333333	0.4086666666666667	0.422	0.3873333333333333	0.394	0.392	0.4013333333333333	0.37266666666666665	0.37866666666666665	0.3313333333333333	0.3526666666666667	0.32066666666666666	0.2826666666666667	0.30666666666666664	0.2733333333333333	0.30933333333333335	0.29	0.2866666666666667	0.2846666666666667	0.25733333333333336	0.18733333333333332	0.174	0.19466666666666665	0.18133333333333335	0.13	0.10266666666666667	0.10333333333333333	0.12066666666666667	0.112	0.114	0.122	0.096	0.11733333333333333	0.098	0.09733333333333333	0.104	0.09266666666666666	0.102	0.10066666666666667	0.09733333333333333	0.11066666666666666	0.08933333333333333	0.08733333333333333	0.07333333333333333	0.09	0.08933333333333333	0.086	0.08266666666666667	0.08466666666666667	0.07866666666666666	0.07933333333333334	0.08466666666666667	0.078	0.076	0.08266666666666667	0.066	
1.678	1.0513333333333332	0.774	0.8293333333333334	1.46	1.4893333333333334	1.4746666666666666	1.542	1.468	1.4786666666666666	1.4726666666666666	1.3313333333333333	1.3113333333333332	0.858	0.6673333333333333	0.876	1.0153333333333334	1.0186666666666666	0.9606666666666667	0.8946666666666667	0.9833333333333333	0.916	0.928	0.8026666666666666	0.8173333333333334	0.7833333333333333	0.7846666666666666	0.8153333333333334	0.8246666666666667	0.8313333333333334	0.8173333333333334	0.8366666666666667	0.628	0.5733333333333334	0.628	0.5766666666666667	0.49733333333333335	0.47	0.47733333333333333	0.4826666666666667	0.424	0.4033333333333333	0.394	0.3913333333333333	0.3913333333333333	0.38	0.402	0.392	0.38	0.37533333333333335	0.37133333333333335	0.3453333333333333	0.3433333333333333	0.3626666666666667	0.294	0.264	0.2693333333333333	0.28	0.26866666666666666	0.26	0.27	0.2826666666666667	0.21666666666666667	0.2	0.158	0.17333333333333334	0.158	0.13666666666666666	0.10866666666666666	0.10066666666666667	0.10733333333333334	0.11333333333333333	0.11866666666666667	0.11733333333333333	0.11733333333333333	0.10866666666666666	0.09066666666666667	0.1	0.10333333333333333	0.098	0.09	0.09466666666666666	0.10466666666666667	0.10133333333333333	0.08666666666666667	0.08266666666666667	0.07333333333333333	0.07466666666666667	0.07266666666666667	0.08333333333333333	0.08533333333333333	0.08466666666666667	0.08333333333333333	0.08466666666666667	0.07466666666666667	0.07866666666666666	0.07133333333333333	0.07933333333333334	0.066	
1.6446666666666667	1.0026666666666666	0.7986666666666666	0.8513333333333334	1.4333333333333333	1.5173333333333334	1.5073333333333334	1.4353333333333333	1.4566666666666668	1.3913333333333333	1.4086666666666667	1.3533333333333333	1.256	0.8446666666666667	0.6986666666666667	0.85	1.0133333333333334	0.956	1.0266666666666666	0.8913333333333333	0.8966666666666666	0.9273333333333333	0.9	0.806	0.7513333333333333	0.7593333333333333	0.7786666666666666	0.8026666666666666	0.8306666666666667	0.8393333333333334	0.8493333333333334	0.7953333333333333	0.6173333333333333	0.5926666666666667	0.588	0.608	0.5113333333333333	0.47533333333333333	0.45466666666666666	0.452	0.44533333333333336	0.4093333333333333	0.39866666666666667	0.4026666666666667	0.39866666666666667	0.38466666666666666	0.388	0.3873333333333333	0.37933333333333336	0.37733333333333335	0.3466666666666667	0.358	0.3313333333333333	0.33266666666666667	0.3	0.286	0.2793333333333333	0.2773333333333333	0.28933333333333333	0.26	0.2753333333333333	0.2773333333333333	0.23933333333333334	0.15933333333333333	0.202	0.17733333333333334	0.154	0.13866666666666666	0.11	0.124	0.11066666666666666	0.10466666666666667	0.09666666666666666	0.10933333333333334	0.12	0.10333333333333333	0.09333333333333334	0.09266666666666666	0.08	0.104	0.09533333333333334	0.108	0.07466666666666667	0.09466666666666666	0.08266666666666667	0.08	0.06933333333333333	0.07333333333333333	0.066	0.06333333333333334	0.076	0.08466666666666667	0.07866666666666666	0.07533333333333334	0.072	0.07466666666666667	0.07133333333333333	0.07533333333333334	0.058	
1.5726666666666667	0.96	0.7413333333333333	0.7513333333333333	1.4313333333333333	1.4366666666666668	1.4386666666666668	1.4206666666666667	1.4433333333333334	1.376	1.4206666666666667	1.314	1.2926666666666666	0.7853333333333333	0.6873333333333334	0.8193333333333334	0.99	0.97	0.9473333333333334	0.882	0.9153333333333333	0.8793333333333333	0.8633333333333333	0.7646666666666667	0.78	0.764	0.7553333333333333	0.7733333333333333	0.808	0.748	0.7793333333333333	0.802	0.6046666666666667	0.5953333333333334	0.5766666666666667	0.5833333333333334	0.5213333333333333	0.478	0.4226666666666667	0.44066666666666665	0.414	0.4166666666666667	0.39666666666666667	0.382	0.3913333333333333	0.38466666666666666	0.358	0.372	0.374	0.35933333333333334	0.354	0.3506666666666667	0.3586666666666667	0.3586666666666667	0.272	0.28933333333333333	0.256	0.282	0.276	0.25866666666666666	0.2693333333333333	0.25466666666666665	0.234	0.17733333333333334	0.184	0.168	0.15066666666666667	0.11866666666666667	0.12333333333333334	0.11133333333333334	0.102	0.102	0.11266666666666666	0.09133333333333334	0.10933333333333334	0.10466666666666667	0.082	0.09333333333333334	0.08466666666666667	0.088	0.09533333333333334	0.082	0.074	0.08133333333333333	0.09333333333333334	0.07066666666666667	0.07266666666666667	0.07866666666666666	0.07066666666666667	0.07333333333333333	0.08333333333333333	0.06733333333333333	0.07333333333333333	0.08	0.064	0.06466666666666666	0.06933333333333333	0.08733333333333333	0.06333333333333334	
1.586	1.0566666666666666	0.6773333333333333	0.816	1.392	1.4053333333333333	1.3613333333333333	1.398	1.3846666666666667	1.3466666666666667	1.3333333333333333	1.2746666666666666	1.3153333333333332	0.752	0.69	0.7813333333333333	0.9453333333333334	1.0086666666666666	0.8886666666666667	0.834	0.834	0.884	0.854	0.7266666666666667	0.736	0.7846666666666666	0.7726666666666666	0.7406666666666667	0.8486666666666667	0.7933333333333333	0.7733333333333333	0.7906666666666666	0.61	0.5773333333333334	0.5686666666666667	0.5326666666666666	0.5086666666666667	0.44533333333333336	0.42333333333333334	0.4166666666666667	0.418	0.3873333333333333	0.41	0.4033333333333333	0.39666666666666667	0.35133333333333333	0.36733333333333335	0.3486666666666667	0.372	0.35333333333333333	0.33866666666666667	0.32066666666666666	0.3546666666666667	0.3293333333333333	0.29	0.24866666666666667	0.2806666666666667	0.25666666666666665	0.24333333333333335	0.23533333333333334	0.242	0.248	0.21066666666666667	0.2	0.16133333333333333	0.17333333333333334	0.15266666666666667	0.118	0.11266666666666666	0.11333333333333333	0.09666666666666666	0.09533333333333334	0.11066666666666666	0.11133333333333334	0.108	0.10066666666666667	0.092	0.10333333333333333	0.092	0.094	0.10733333333333334	0.084	0.09	0.088	0.07733333333333334	0.07533333333333334	0.068	0.088	0.07533333333333334	0.06866666666666667	0.08	0.07066666666666667	0.06733333333333333	0.07266666666666667	0.06133333333333333	0.07466666666666667	0.06066666666666667	0.06066666666666667	0.058	
1.5053333333333334	0.97	0.6966666666666667	0.7866666666666666	1.3513333333333333	1.3633333333333333	1.3013333333333332	1.374	1.366	1.3786666666666667	1.3766666666666667	1.2713333333333334	1.204	0.792	0.6553333333333333	0.8073333333333333	0.908	0.9486666666666667	0.8913333333333333	0.8446666666666667	0.8386666666666667	0.8346666666666667	0.7986666666666666	0.7666666666666667	0.7013333333333334	0.7353333333333333	0.7406666666666667	0.742	0.7866666666666666	0.7426666666666667	0.7713333333333333	0.7293333333333333	0.5586666666666666	0.558	0.5453333333333333	0.528	0.5	0.42866666666666664	0.4186666666666667	0.4053333333333333	0.404	0.36866666666666664	0.39266666666666666	0.37266666666666665	0.4046666666666667	0.37933333333333336	0.35933333333333334	0.36133333333333334	0.3566666666666667	0.344	0.32133333333333336	0.2833333333333333	0.2966666666666667	0.32133333333333336	0.2806666666666667	0.24533333333333332	0.25866666666666666	0.2633333333333333	0.252	0.25666666666666665	0.25266666666666665	0.24933333333333332	0.22466666666666665	0.14066666666666666	0.15266666666666667	0.16266666666666665	0.12533333333333332	0.13066666666666665	0.088	0.10133333333333333	0.11666666666666667	0.09933333333333333	0.11333333333333333	0.10533333333333333	0.10533333333333333	0.096	0.08866666666666667	0.08933333333333333	0.082	0.08466666666666667	0.098	0.08133333333333333	0.09066666666666667	0.07466666666666667	0.064	0.06866666666666667	0.06133333333333333	0.076	0.07133333333333333	0.06866666666666667	0.07333333333333333	0.06333333333333334	0.06066666666666667	0.068	0.048666666666666664	0.086	0.062	0.056	0.056666666666666664	
1.5006666666666666	0.9486666666666667	0.6873333333333334	0.7426666666666667	1.288	1.3486666666666667	1.3193333333333332	1.3626666666666667	1.3713333333333333	1.2926666666666666	1.2326666666666666	1.24	1.1793333333333333	0.746	0.664	0.748	0.9346666666666666	0.896	0.882	0.836	0.8546666666666667	0.8086666666666666	0.8206666666666667	0.7233333333333334	0.6946666666666667	0.7133333333333334	0.6986666666666667	0.7333333333333333	0.7166666666666667	0.7606666666666667	0.7626666666666667	0.78	0.5626666666666666	0.5386666666666666	0.544	0.5226666666666666	0.4713333333333333	0.39666666666666667	0.422	0.4093333333333333	0.38666666666666666	0.366	0.3426666666666667	0.35933333333333334	0.364	0.3626666666666667	0.316	0.33866666666666667	0.33866666666666667	0.346	0.30933333333333335	0.3233333333333333	0.31066666666666665	0.30666666666666664	0.25666666666666665	0.29133333333333333	0.264	0.27066666666666667	0.25866666666666666	0.24333333333333335	0.25733333333333336	0.25	0.218	0.16066666666666668	0.14866666666666667	0.17533333333333334	0.15	0.13266666666666665	0.1	0.09	0.09933333333333333	0.09866666666666667	0.1	0.088	0.1	0.11133333333333334	0.098	0.07933333333333334	0.07933333333333334	0.11066666666666666	0.076	0.07866666666666666	0.09333333333333334	0.07666666666666666	0.074	0.07866666666666666	0.08133333333333333	0.068	0.05533333333333333	0.06333333333333334	0.06	0.059333333333333335	0.06933333333333333	0.05333333333333334	0.072	0.058666666666666666	0.06933333333333333	0.058666666666666666	0.06	
1.4993333333333334	0.9706666666666667	0.6746666666666666	0.746	1.318	1.3046666666666666	1.3133333333333332	1.3766666666666667	1.2713333333333334	1.3166666666666667	1.2653333333333334	1.2206666666666666	1.1306666666666667	0.7433333333333333	0.62	0.756	0.9086666666666666	0.9026666666666666	0.852	0.812	0.8166666666666667	0.816	0.7773333333333333	0.7026666666666667	0.68	0.6646666666666666	0.6553333333333333	0.6986666666666667	0.7073333333333334	0.73	0.686	0.7153333333333334	0.566	0.52	0.5566666666666666	0.5373333333333333	0.46066666666666667	0.4146666666666667	0.4046666666666667	0.374	0.38666666666666666	0.34	0.328	0.368	0.33466666666666667	0.364	0.3313333333333333	0.35	0.3353333333333333	0.33666666666666667	0.32266666666666666	0.32466666666666666	0.33066666666666666	0.25933333333333336	0.27266666666666667	0.25933333333333336	0.25666666666666665	0.25733333333333336	0.266	0.242	0.228	0.24733333333333332	0.21	0.17066666666666666	0.17333333333333334	0.18066666666666667	0.12066666666666667	0.12466666666666666	0.10533333333333333	0.098	0.08266666666666667	0.096	0.08733333333333333	0.09733333333333333	0.09133333333333334	0.07666666666666666	0.08666666666666667	0.096	0.09133333333333334	0.094	0.07933333333333334	0.08066666666666666	0.07466666666666667	0.08466666666666667	0.074	0.062	0.078	0.07133333333333333	0.076	0.082	0.066	0.06	0.06466666666666666	0.064	0.06866666666666667	0.072	0.06933333333333333	0.05	0.056666666666666664	
1.4426666666666668	0.8626666666666667	0.6486666666666666	0.6993333333333334	1.326	1.3473333333333333	1.2873333333333334	1.2593333333333334	1.2933333333333332	1.2433333333333334	1.2426666666666666	1.2513333333333334	1.1986666666666668	0.7286666666666667	0.6113333333333333	0.756	0.8806666666666667	0.8853333333333333	0.8333333333333334	0.7893333333333333	0.8066666666666666	0.8333333333333334	0.7873333333333333	0.7246666666666667	0.698	0.674	0.6433333333333333	0.6813333333333333	0.6906666666666667	0.732	0.7046666666666667	0.6713333333333333	0.554	0.49733333333333335	0.54	0.5173333333333333	0.4706666666666667	0.416	0.388	0.4053333333333333	0.4053333333333333	0.342	0.332	0.344	0.3413333333333333	0.34	0.3426666666666667	0.3353333333333333	0.31066666666666665	0.33666666666666667	0.3006666666666667	0.2926666666666667	0.286	0.2866666666666667	0.2713333333333333	0.2633333333333333	0.25466666666666665	0.22466666666666665	0.228	0.244	0.22666666666666666	0.23266666666666666	0.22133333333333333	0.14933333333333335	0.166	0.15	0.13533333333333333	0.112	0.116	0.08533333333333333	0.10066666666666667	0.09133333333333334	0.08066666666666666	0.09	0.09333333333333334	0.09133333333333334	0.08666666666666667	0.086	0.08466666666666667	0.082	0.07466666666666667	0.09333333333333334	0.078	0.082	0.07	0.06533333333333333	0.09	0.06266666666666666	0.062	0.066	0.06866666666666667	0.06266666666666666	0.06666666666666667	0.056	0.06333333333333334	0.066	0.07333333333333333	0.062	0.06466666666666666	
1.406	0.8973333333333333	0.6726666666666666	0.6833333333333333	1.2033333333333334	1.3013333333333332	1.25	1.2766666666666666	1.2966666666666666	1.236	1.246	1.1586666666666667	1.0986666666666667	0.6926666666666667	0.6046666666666667	0.7426666666666667	0.8946666666666667	0.886	0.8326666666666667	0.7786666666666666	0.774	0.7873333333333333	0.7466666666666667	0.68	0.652	0.6813333333333333	0.6586666666666666	0.6866666666666666	0.6966666666666667	0.694	0.6973333333333334	0.6813333333333333	0.5693333333333334	0.4866666666666667	0.48533333333333334	0.49666666666666665	0.436	0.38466666666666666	0.364	0.39	0.38266666666666665	0.358	0.3293333333333333	0.3253333333333333	0.336	0.36533333333333334	0.3273333333333333	0.32	0.32133333333333336	0.296	0.30733333333333335	0.2826666666666667	0.29933333333333334	0.298	0.242	0.23866666666666667	0.24266666666666667	0.258	0.252	0.21866666666666668	0.224	0.23066666666666666	0.21666666666666667	0.15466666666666667	0.15	0.16266666666666665	0.13733333333333334	0.096	0.09933333333333333	0.10266666666666667	0.09266666666666666	0.09266666666666666	0.09533333333333334	0.092	0.10866666666666666	0.08733333333333333	0.08866666666666667	0.08533333333333333	0.09	0.09	0.08133333333333333	0.07666666666666666	0.086	0.07466666666666667	0.06933333333333333	0.06933333333333333	0.06333333333333334	0.07533333333333334	0.059333333333333335	0.06133333333333333	0.06733333333333333	0.06866666666666667	0.05533333333333333	0.056666666666666664	0.05466666666666667	0.056	0.056666666666666664	0.06066666666666667	0.05466666666666667	
