0.01	0.5149494949494949	1.0198989898989899	1.5248484848484847	2.0297979797979795	2.5347474747474745	3.039696969696969	3.544646464646464	4.049595959595959	4.554545454545454	5.059494949494949	5.564444444444444	6.0693939393939385	6.574343434343434	7.0792929292929285	7.584242424242424	8.089191919191919	8.594141414141413	9.099090909090908	9.604040404040404	10.108989898989899	10.613939393939393	11.118888888888888	11.623838383838383	12.128787878787877	12.633737373737373	13.138686868686868	13.643636363636363	14.148585858585857	14.653535353535352	15.158484848484848	15.663434343434343	16.16838383838384	16.673333333333336	17.17828282828283	17.683232323232325	18.188181818181818	18.693131313131314	19.19808080808081	19.703030303030303	20.2079797979798	20.712929292929292	21.21787878787879	21.722828282828285	22.227777777777778	22.732727272727274	23.237676767676767	23.742626262626263	24.247575757575756	24.752525252525253	25.25747474747475	25.762424242424242	26.267373737373738	26.77232323232323	27.277272727272727	27.782222222222224	28.287171717171717	28.792121212121213	29.297070707070706	29.802020202020202	30.3069696969697	30.81191919191919	31.316868686868688	31.82181818181818	32.32676767676767	32.831717171717166	33.336666666666666	33.84161616161616	34.34656565656565	34.851515151515144	35.356464646464644	35.86141414141414	36.36636363636363	36.87131313131313	37.37626262626262	37.881212121212116	38.386161616161615	38.89111111111111	39.3960606060606	39.901010101010094	40.405959595959594	40.91090909090909	41.41585858585858	41.92080808080808	42.42575757575757	42.930707070707065	43.435656565656565	43.94060606060606	44.44555555555555	44.95050505050504	45.45545454545454	45.960404040404036	46.46535353535353	46.97030303030303	47.47525252525252	47.980202020202015	48.48515151515151	48.99010101010101	49.4950505050505	50.0	
4.098	5.656666666666666	5.272	4.1	2.31	2.276666666666667	1.5106666666666666	1.328	1.3	1.2833333333333334	0.6366666666666667	0.354	0.338	0.33	0.30866666666666664	0.26866666666666666	0.25	0.11333333333333333	0.018666666666666668	0.019333333333333334	0.02	0.017333333333333333	0.010666666666666666	0.011333333333333334	0.006666666666666667	0.004666666666666667	0.006666666666666667	0.002	0.0006666666666666666	0.0	0.0	0.0	0.0	0.0	0.0	0.0	0.0	0.0	0.0	0.0	0.0	0.0	0.0	0.0	0.0	0.0	0.0	0.0	0.0	0.0	0.0	0.0	0.0	0.0	0.0	0.0	0.0	0.0	0.0	0.0	0.0	0.0	0.0	0.0	0.0	0.0	0.0	0.0	0.0	0.0	0.0	0.0	0.0	0.0	0.0	0.0	0.0	0.0	0.0	0.0	0.0	0.0	0.0	0.0	0.0	0.0	0.0	0.0	0.0	0.0	0.0	0.0	0.0	0.0	0.0	0.0	0.0	0.0	0.0	
4.19	5.6546666666666665	5.289333333333333	4.088	2.316666666666667	2.204	1.4613333333333334	1.334	1.282	1.2606666666666666	0.6293333333333333	0.38333333333333336	0.376	0.3526666666666667	0.354	0.2826666666666667	0.25866666666666666	0.11	0.025333333333333333	0.016	0.022	0.012666666666666666	0.013333333333333334	0.013333333333333334	0.006	0.006666666666666667	0.007333333333333333	0.0026666666666666666	0.0	0.0	0.0	0.0	0.0	0.0	0.0	0.0	0.0	0.0	0.0	0.0	0.0	0.0	0.0	0.0	0.0	0.0	0.0	0.0	0.0	0.0	0.0	0.0	0.0	0.0	0.0	0.0	0.0	0.0	0.0	0.0	0.0	0.0	0.0	0.0	0.0	0.0	0.0	0.0	0.0	0.0	0.0	0.0	0.0	0.0	0.0	0.0	0.0	0.0	0.0	0.0	0.0	0.0	0.0	0.0	0.0	0.0	0.0	0.0	0.0	0.0	0.0	0.0	0.0	0.0	0.0	0.0	0.0	0.0	0.0	
3.9593333333333334	5.266666666666667	5.014	3.854	2.1806666666666668	2.036	1.374	1.2553333333333334	1.1186666666666667	1.1013333333333333	0.5826666666666667	0.33666666666666667	0.31333333333333335	0.32466666666666666	0.316	0.258	0.24133333333333334	0.11866666666666667	0.014	0.012666666666666666	0.018	0.018	0.007333333333333333	0.006666666666666667	0.005333333333333333	0.004666666666666667	0.006666666666666667	0.002	0.0	0.0	0.0	0.0	0.0	0.0	0.0	0.0	0.0013333333333333333	0.0	0.0	0.0	0.0	0.0	0.0	0.0	0.0	0.0	0.0	0.0	0.0	0.0	0.0	0.0	0.0	0.0	0.0	0.0	0.0	0.0	0.0	0.0	0.0	0.0	0.0	0.0	0.0	0.0	0.0	0.0	0.0	0.0	0.0	0.0	0.0	0.0	0.0	0.0	0.0	0.0	0.0	0.0	0.0	0.0	0.0	0.0	0.0	0.0	0.0	0.0	0.0	0.0	0.0	0.0	0.0	0.0	0.0	0.0	0.0	0.0	0.0	
3.99	4.822666666666667	4.61	3.490666666666667	1.9846666666666666	1.9293333333333333	1.2953333333333332	1.1073333333333333	1.0613333333333332	0.98	0.544	0.28933333333333333	0.32066666666666666	0.25933333333333336	0.2826666666666667	0.238	0.21066666666666667	0.09	0.023333333333333334	0.017333333333333333	0.011333333333333334	0.014666666666666666	0.015333333333333332	0.012666666666666666	0.0033333333333333335	0.004666666666666667	0.005333333333333333	0.0033333333333333335	0.0013333333333333333	0.0006666666666666666	0.0	0.0006666666666666666	0.0006666666666666666	0.0006666666666666666	0.0013333333333333333	0.0	0.0006666666666666666	0.002	0.0	0.0	0.0	0.0	0.0	0.0006666666666666666	0.0	0.0	0.0	0.0	0.0	0.0	0.0	0.0	0.0	0.0	0.0	0.0	0.0	0.0	0.0	0.0	0.0	0.0	0.0	0.0	0.0	0.0	0.0	0.0	0.0	0.0	0.0	0.0	0.0	0.0	0.0	0.0	0.0	0.0	0.0	0.0	0.0	0.0	0.0	0.0	0.0	0.0	0.0	0.0	0.0	0.0	0.0	0.0	0.0	0.0	0.0	0.0	0.0	0.0	0.0	
3.7693333333333334	4.488	4.133333333333334	3.1146666666666665	1.8353333333333333	1.7093333333333334	1.1366666666666667	0.986	0.97	0.842	0.4686666666666667	0.2866666666666667	0.2653333333333333	0.272	0.228	0.20333333333333334	0.18533333333333332	0.1	0.018666666666666668	0.013333333333333334	0.020666666666666667	0.024	0.025333333333333333	0.010666666666666666	0.0033333333333333335	0.004	0.0033333333333333335	0.005333333333333333	0.0013333333333333333	0.0006666666666666666	0.002	0.0006666666666666666	0.0	0.0013333333333333333	0.002	0.0	0.0	0.0006666666666666666	0.0006666666666666666	0.0006666666666666666	0.0013333333333333333	0.0	0.0	0.0	0.0	0.0	0.0	0.0	0.0	0.0	0.0	0.0	0.0	0.0	0.0	0.0	0.0	0.0	0.0	0.0	0.0	0.0	0.0	0.0	0.0	0.0	0.0	0.0	0.0	0.0	0.0	0.0	0.0	0.0	0.0	0.0	0.0	0.0	0.0	0.0	0.0	0.0	0.0	0.0	0.0	0.0	0.0	0.0	0.0	0.0	0.0	0.0	0.0	0.0	0.0	0.0	0.0	0.0	0.0	
3.6406666666666667	3.898	3.7133333333333334	2.7813333333333334	1.5553333333333332	1.4866666666666666	1.0106666666666666	0.854	0.8206666666666667	0.7553333333333333	0.43466666666666665	0.23666666666666666	0.25666666666666665	0.21533333333333332	0.21066666666666667	0.18533333333333332	0.15	0.064	0.019333333333333334	0.024	0.019333333333333334	0.013333333333333334	0.014	0.013333333333333334	0.004	0.007333333333333333	0.0026666666666666666	0.004	0.002	0.0	0.0	0.0013333333333333333	0.0013333333333333333	0.0006666666666666666	0.0006666666666666666	0.0013333333333333333	0.002	0.0006666666666666666	0.0006666666666666666	0.0006666666666666666	0.0026666666666666666	0.0006666666666666666	0.0	0.0	0.0	0.0	0.0	0.0	0.0	0.0	0.0	0.0	0.0	0.0	0.0	0.0	0.0	0.0	0.0	0.0	0.0	0.0	0.0	0.0	0.0	0.0	0.0	0.0	0.0	0.0	0.0	0.0	0.0	0.0	0.0	0.0	0.0	0.0	0.0	0.0	0.0	0.0	0.0	0.0	0.0	0.0	0.0	0.0	0.0	0.0	0.0	0.0	0.0	0.0	0.0	0.0	0.0	0.0	0.0	
3.232666666666667	3.4006666666666665	3.167333333333333	2.462	1.3093333333333332	1.234	0.854	0.7293333333333333	0.7066666666666667	0.65	0.402	0.228	0.23666666666666666	0.19666666666666666	0.164	0.166	0.15266666666666667	0.08466666666666667	0.024666666666666667	0.020666666666666667	0.021333333333333333	0.02666666666666667	0.025333333333333333	0.014	0.01	0.010666666666666666	0.004666666666666667	0.004666666666666667	0.0033333333333333335	0.0033333333333333335	0.004	0.0026666666666666666	0.002	0.0006666666666666666	0.0026666666666666666	0.0026666666666666666	0.0006666666666666666	0.0026666666666666666	0.0006666666666666666	0.0	0.0006666666666666666	0.0	0.0	0.0	0.0	0.0006666666666666666	0.0	0.0	0.0	0.0006666666666666666	0.0	0.0	0.0	0.0	0.0	0.0	0.0	0.0	0.0	0.0	0.0	0.0	0.0	0.0	0.0	0.0	0.0	0.0	0.0	0.0	0.0	0.0	0.0	0.0	0.0	0.0	0.0	0.0	0.0	0.0	0.0	0.0	0.0	0.0	0.0	0.0	0.0	0.0	0.0	0.0	0.0	0.0	0.0	0.0	0.0	0.0	0.0	0.0	0.0	
2.8753333333333333	2.87	2.634	2.006666666666667	1.11	1.048	0.782	0.6513333333333333	0.64	0.5786666666666667	0.3473333333333333	0.22066666666666668	0.21133333333333335	0.16933333333333334	0.15266666666666667	0.13	0.14666666666666667	0.08666666666666667	0.032	0.03333333333333333	0.027333333333333334	0.020666666666666667	0.03266666666666666	0.014	0.004	0.006666666666666667	0.008666666666666666	0.004	0.0006666666666666666	0.0026666666666666666	0.0033333333333333335	0.0026666666666666666	0.004	0.0033333333333333335	0.0033333333333333335	0.0026666666666666666	0.002	0.0026666666666666666	0.0006666666666666666	0.002	0.002	0.0006666666666666666	0.0	0.0006666666666666666	0.0006666666666666666	0.0	0.0	0.0006666666666666666	0.0	0.0	0.0	0.0	0.0	0.0	0.0	0.0	0.0	0.0	0.0	0.0	0.0	0.0	0.0	0.0	0.0	0.0	0.0	0.0	0.0	0.0	0.0	0.0	0.0	0.0	0.0	0.0	0.0	0.0	0.0	0.0	0.0	0.0	0.0	0.0	0.0	0.0	0.0	0.0	0.0	0.0	0.0	0.0	0.0	0.0	0.0	0.0	0.0	0.0	0.0	
2.6693333333333333	2.55	2.308666666666667	1.824	1.0273333333333334	0.9413333333333334	0.6733333333333333	0.626	0.5133333333333333	0.5193333333333333	0.366	0.2633333333333333	0.218	0.172	0.172	0.14933333333333335	0.126	0.08266666666666667	0.05333333333333334	0.03266666666666666	0.03933333333333333	0.03666666666666667	0.04	0.015333333333333332	0.004666666666666667	0.010666666666666666	0.011333333333333334	0.009333333333333334	0.007333333333333333	0.008666666666666666	0.006666666666666667	0.005333333333333333	0.008	0.005333333333333333	0.004	0.006666666666666667	0.007333333333333333	0.0013333333333333333	0.004666666666666667	0.0006666666666666666	0.004	0.002	0.0	0.0	0.002	0.0	0.0006666666666666666	0.0	0.0	0.0	0.0013333333333333333	0.0	0.0	0.0	0.0	0.0	0.0	0.0	0.0	0.0	0.0	0.0	0.0	0.0	0.0	0.0	0.0	0.0	0.0	0.0	0.0	0.0	0.0	0.0	0.0	0.0	0.0	0.0	0.0	0.0	0.0	0.0	0.0	0.0	0.0	0.0	0.0	0.0	0.0	0.0	0.0	0.0	0.0	0.0	0.0	0.0	0.0	0.0	0.0	
2.692	2.5073333333333334	2.288	1.6806666666666668	0.9666666666666667	0.9593333333333334	0.6826666666666666	0.6093333333333333	0.5766666666666667	0.5586666666666666	0.38666666666666666	0.30733333333333335	0.246	0.21133333333333335	0.168	0.16466666666666666	0.14466666666666667	0.11466666666666667	0.08866666666666667	0.066	0.056666666666666664	0.06066666666666667	0.06533333333333333	0.030666666666666665	0.010666666666666666	0.012	0.017333333333333333	0.016	0.012666666666666666	0.007333333333333333	0.014666666666666666	0.011333333333333334	0.009333333333333334	0.006	0.007333333333333333	0.013333333333333334	0.0033333333333333335	0.006	0.0033333333333333335	0.004666666666666667	0.005333333333333333	0.0	0.002	0.0006666666666666666	0.0013333333333333333	0.0	0.0006666666666666666	0.0	0.0006666666666666666	0.0	0.0	0.0	0.0	0.0	0.0	0.0	0.0	0.0	0.0	0.0	0.0	0.0	0.0	0.0	0.0	0.0	0.0	0.0	0.0	0.0	0.0	0.0	0.0	0.0	0.0	0.0	0.0	0.0	0.0	0.0	0.0	0.0	0.0	0.0	0.0	0.0	0.0	0.0	0.0	0.0	0.0	0.0	0.0	0.0	0.0	0.0	0.0	0.0	0.0	
2.8993333333333333	2.8853333333333335	2.4326666666666665	1.858	1.1433333333333333	1.0413333333333334	0.8806666666666667	0.7593333333333333	0.7133333333333334	0.734	0.56	0.43933333333333335	0.37733333333333335	0.2813333333333333	0.23466666666666666	0.21333333333333335	0.20266666666666666	0.17133333333333334	0.15	0.12466666666666666	0.11466666666666667	0.12333333333333334	0.09933333333333333	0.04733333333333333	0.028	0.030666666666666665	0.032	0.022	0.021333333333333333	0.018	0.028	0.018666666666666668	0.016	0.018	0.018	0.014	0.01	0.008	0.008666666666666666	0.014	0.005333333333333333	0.0026666666666666666	0.0026666666666666666	0.0026666666666666666	0.0033333333333333335	0.0013333333333333333	0.0006666666666666666	0.0013333333333333333	0.0013333333333333333	0.0013333333333333333	0.0	0.0	0.0	0.0	0.0	0.0	0.0	0.0	0.0	0.0	0.0	0.0	0.0	0.0	0.0	0.0	0.0	0.0	0.0	0.0	0.0	0.0	0.0	0.0	0.0	0.0	0.0	0.0	0.0	0.0	0.0	0.0	0.0	0.0	0.0	0.0	0.0	0.0	0.0	0.0	0.0	0.0	0.0	0.0	0.0	0.0	0.0	0.0	0.0	
3.0893333333333333	2.95	2.6193333333333335	1.9026666666666667	1.2513333333333334	1.1113333333333333	0.8766666666666667	0.838	0.826	0.7833333333333333	0.5893333333333334	0.5306666666666666	0.38	0.27466666666666667	0.26066666666666666	0.24466666666666667	0.22866666666666666	0.186	0.18133333333333335	0.11933333333333333	0.11933333333333333	0.12933333333333333	0.12533333333333332	0.06066666666666667	0.03666666666666667	0.034666666666666665	0.036	0.023333333333333334	0.024	0.021333333333333333	0.014666666666666666	0.017333333333333333	0.020666666666666667	0.016666666666666666	0.02	0.019333333333333334	0.016666666666666666	0.01	0.013333333333333334	0.006666666666666667	0.009333333333333334	0.004666666666666667	0.0013333333333333333	0.0013333333333333333	0.0026666666666666666	0.0006666666666666666	0.0006666666666666666	0.0006666666666666666	0.002	0.0013333333333333333	0.0006666666666666666	0.0006666666666666666	0.0	0.0	0.0	0.0	0.0	0.0	0.0	0.0	0.0	0.0	0.0	0.0	0.0	0.0	0.0	0.0	0.0	0.0	0.0	0.0	0.0	0.0	0.0	0.0	0.0	0.0	0.0	0.0	0.0	0.0	0.0	0.0	0.0	0.0	0.0	0.0	0.0	0.0	0.0	0.0	0.0	0.0	0.0	0.0	0.0	0.0	0.0	
3.204	3.1033333333333335	2.6706666666666665	2.026666666666667	1.3406666666666667	1.2086666666666666	0.9853333333333333	0.8706666666666667	0.8393333333333334	0.8066666666666666	0.6373333333333333	0.564	0.468	0.31066666666666665	0.3	0.23933333333333334	0.24533333333333332	0.20733333333333334	0.16	0.15266666666666667	0.14133333333333334	0.12866666666666668	0.12333333333333334	0.06466666666666666	0.030666666666666665	0.035333333333333335	0.044	0.037333333333333336	0.02666666666666667	0.021333333333333333	0.027333333333333334	0.024666666666666667	0.017333333333333333	0.02266666666666667	0.02	0.02	0.013333333333333334	0.01	0.014	0.014666666666666666	0.010666666666666666	0.004666666666666667	0.0013333333333333333	0.0026666666666666666	0.0006666666666666666	0.0006666666666666666	0.0006666666666666666	0.002	0.0033333333333333335	0.0013333333333333333	0.0006666666666666666	0.0	0.0006666666666666666	0.0	0.0	0.0	0.0	0.0	0.0	0.0	0.0	0.0	0.0	0.0	0.0	0.0	0.0	0.0	0.0	0.0	0.0	0.0	0.0	0.0	0.0	0.0	0.0	0.0	0.0	0.0	0.0	0.0	0.0	0.0	0.0	0.0	0.0	0.0	0.0	0.0	0.0	0.0	0.0	0.0	0.0	0.0	0.0	0.0	0.0	
3.2893333333333334	3.2426666666666666	2.7893333333333334	2.1	1.4113333333333333	1.3	1.0513333333333332	0.93	0.92	0.8806666666666667	0.716	0.632	0.51	0.36866666666666664	0.33	0.284	0.26266666666666666	0.244	0.21133333333333335	0.14	0.15533333333333332	0.154	0.15266666666666667	0.086	0.034666666666666665	0.03933333333333333	0.056666666666666664	0.03666666666666667	0.025333333333333333	0.023333333333333334	0.03	0.025333333333333333	0.03666666666666667	0.016666666666666666	0.027333333333333334	0.026	0.024666666666666667	0.012666666666666666	0.014	0.016	0.007333333333333333	0.004666666666666667	0.002	0.0013333333333333333	0.0033333333333333335	0.002	0.002	0.002	0.0026666666666666666	0.0013333333333333333	0.0	0.0006666666666666666	0.0	0.0	0.0	0.0006666666666666666	0.0006666666666666666	0.0	0.0	0.0	0.0	0.0	0.0	0.0	0.0	0.0	0.0	0.0	0.0	0.0	0.0	0.0	0.0	0.0	0.0	0.0	0.0	0.0	0.0	0.0	0.0	0.0	0.0	0.0	0.0	0.0	0.0	0.0	0.0	0.0	0.0	0.0	0.0	0.0	0.0	0.0	0.0	0.0	0.0	
3.554666666666667	3.456	3.0	2.308666666666667	1.4893333333333334	1.3666666666666667	1.1126666666666667	0.9973333333333333	0.9966666666666667	0.9766666666666667	0.8086666666666666	0.696	0.5246666666666666	0.35933333333333334	0.342	0.3486666666666667	0.28733333333333333	0.2813333333333333	0.21733333333333332	0.17733333333333334	0.18	0.17733333333333334	0.15866666666666668	0.08733333333333333	0.056666666666666664	0.04933333333333333	0.048	0.046	0.029333333333333333	0.030666666666666665	0.034666666666666665	0.03333333333333333	0.028	0.028666666666666667	0.026	0.032	0.015333333333333332	0.012	0.02	0.011333333333333334	0.014	0.007333333333333333	0.0033333333333333335	0.0013333333333333333	0.0026666666666666666	0.0033333333333333335	0.002	0.0006666666666666666	0.0006666666666666666	0.0013333333333333333	0.0	0.0006666666666666666	0.0006666666666666666	0.0	0.0	0.0	0.0006666666666666666	0.0	0.0	0.0	0.0	0.0	0.0	0.0	0.0	0.0	0.0	0.0	0.0	0.0	0.0	0.0	0.0	0.0	0.0	0.0	0.0	0.0	0.0	0.0	0.0	0.0	0.0	0.0	0.0	0.0	0.0	0.0	0.0	0.0	0.0	0.0	0.0	0.0	0.0	0.0	0.0	0.0	0.0	
3.8413333333333335	3.8346666666666667	3.271333333333333	2.3813333333333335	1.5626666666666666	1.44	1.2673333333333334	1.132	1.098	1.0213333333333334	0.9073333333333333	0.802	0.6046666666666667	0.406	0.41533333333333333	0.3466666666666667	0.322	0.31066666666666665	0.26466666666666666	0.19066666666666668	0.202	0.18666666666666668	0.196	0.10266666666666667	0.058666666666666666	0.06266666666666666	0.064	0.04933333333333333	0.042	0.034666666666666665	0.03933333333333333	0.028666666666666667	0.03133333333333333	0.028666666666666667	0.028	0.035333333333333335	0.023333333333333334	0.021333333333333333	0.018666666666666668	0.016666666666666666	0.013333333333333334	0.0033333333333333335	0.01	0.0026666666666666666	0.004666666666666667	0.0033333333333333335	0.0033333333333333335	0.002	0.0033333333333333335	0.002	0.0013333333333333333	0.0	0.0	0.0	0.0	0.0	0.0	0.0	0.0	0.0	0.0	0.0	0.0	0.0	0.0	0.0	0.0	0.0	0.0	0.0	0.0	0.0	0.0	0.0	0.0	0.0	0.0	0.0	0.0	0.0	0.0	0.0	0.0	0.0	0.0	0.0	0.0	0.0	0.0	0.0	0.0	0.0	0.0	0.0	0.0	0.0	0.0	0.0	0.0	
4.086666666666667	4.142666666666667	3.486	2.6006666666666667	1.7273333333333334	1.5666666666666667	1.3313333333333333	1.198	1.1993333333333334	1.0966666666666667	0.946	0.8733333333333333	0.6926666666666667	0.4786666666666667	0.4666666666666667	0.38333333333333336	0.36133333333333334	0.29533333333333334	0.294	0.23466666666666666	0.23066666666666666	0.24866666666666667	0.21133333333333335	0.08933333333333333	0.06466666666666666	0.066	0.056666666666666664	0.06	0.044	0.036	0.028	0.04133333333333333	0.042666666666666665	0.02666666666666667	0.03	0.034	0.026	0.024666666666666667	0.017333333333333333	0.027333333333333334	0.017333333333333333	0.009333333333333334	0.004	0.006	0.006666666666666667	0.0006666666666666666	0.0026666666666666666	0.0013333333333333333	0.0026666666666666666	0.0013333333333333333	0.0013333333333333333	0.0	0.0	0.0006666666666666666	0.0	0.0	0.0006666666666666666	0.0	0.0	0.0	0.0	0.0	0.0	0.0	0.0	0.0	0.0	0.0	0.0	0.0	0.0	0.0	0.0	0.0	0.0	0.0	0.0	0.0	0.0	0.0	0.0	0.0	0.0	0.0	0.0	0.0	0.0	0.0	0.0	0.0	0.0	0.0	0.0	0.0	0.0	0.0	0.0	0.0	0.0	
4.487333333333333	4.4013333333333335	3.834	2.828666666666667	1.9706666666666666	1.7586666666666666	1.53	1.3013333333333332	1.312	1.2373333333333334	1.044	0.9893333333333333	0.7466666666666667	0.5606666666666666	0.5126666666666667	0.4686666666666667	0.44333333333333336	0.38533333333333336	0.33666666666666667	0.25666666666666665	0.27066666666666667	0.26	0.238	0.12066666666666667	0.07466666666666667	0.07666666666666666	0.07266666666666667	0.07	0.04466666666666667	0.04533333333333334	0.035333333333333335	0.056666666666666664	0.03866666666666667	0.035333333333333335	0.03133333333333333	0.04133333333333333	0.030666666666666665	0.025333333333333333	0.027333333333333334	0.02	0.017333333333333333	0.01	0.012	0.0033333333333333335	0.006666666666666667	0.0026666666666666666	0.004	0.002	0.0006666666666666666	0.002	0.0006666666666666666	0.0	0.0	0.0	0.0	0.0	0.0	0.0	0.0	0.0	0.0	0.0	0.0	0.0	0.0	0.0	0.0	0.0	0.0	0.0	0.0	0.0	0.0	0.0	0.0	0.0	0.0	0.0	0.0	0.0	0.0	0.0	0.0	0.0	0.0	0.0	0.0	0.0	0.0	0.0	0.0	0.0	0.0	0.0	0.0	0.0	0.0	0.0	0.0	
4.868666666666667	4.865333333333333	4.141333333333334	3.1026666666666665	2.0326666666666666	1.9306666666666668	1.7093333333333334	1.5073333333333334	1.418	1.3306666666666667	1.224	1.1033333333333333	0.858	0.6113333333333333	0.5413333333333333	0.526	0.448	0.412	0.37733333333333335	0.30333333333333334	0.306	0.296	0.29333333333333333	0.15733333333333333	0.07533333333333334	0.096	0.08533333333333333	0.07933333333333334	0.05333333333333334	0.051333333333333335	0.048666666666666664	0.05266666666666667	0.043333333333333335	0.03266666666666666	0.05733333333333333	0.04466666666666667	0.034666666666666665	0.032	0.029333333333333333	0.02666666666666667	0.028	0.010666666666666666	0.012	0.009333333333333334	0.008666666666666666	0.0033333333333333335	0.0033333333333333335	0.005333333333333333	0.002	0.0	0.0013333333333333333	0.0006666666666666666	0.0006666666666666666	0.0006666666666666666	0.0006666666666666666	0.0	0.0006666666666666666	0.0	0.0	0.0	0.0	0.0	0.0	0.0	0.0	0.0	0.0	0.0	0.0	0.0	0.0	0.0	0.0	0.0	0.0	0.0	0.0	0.0	0.0	0.0	0.0	0.0	0.0	0.0	0.0	0.0	0.0	0.0	0.0	0.0	0.0	0.0	0.0	0.0	0.0	0.0	0.0	0.0	0.0	
5.22	5.322	4.480666666666667	3.537333333333333	2.272	2.0946666666666665	1.8393333333333333	1.63	1.636	1.53	1.3533333333333333	1.222	0.94	0.684	0.6466666666666666	0.5653333333333334	0.5573333333333333	0.474	0.39666666666666667	0.33066666666666666	0.29733333333333334	0.32866666666666666	0.32	0.17066666666666666	0.09466666666666666	0.10866666666666666	0.11266666666666666	0.08933333333333333	0.050666666666666665	0.06466666666666666	0.06466666666666666	0.05733333333333333	0.05	0.042	0.05	0.05	0.04533333333333334	0.026	0.03866666666666667	0.03	0.026	0.013333333333333334	0.01	0.006	0.012	0.005333333333333333	0.0026666666666666666	0.0033333333333333335	0.0013333333333333333	0.0006666666666666666	0.0013333333333333333	0.0013333333333333333	0.0006666666666666666	0.0006666666666666666	0.0	0.0	0.0	0.0	0.0	0.0	0.0	0.0	0.0	0.0	0.0	0.0	0.0	0.0	0.0	0.0	0.0	0.0	0.0	0.0	0.0	0.0	0.0	0.0	0.0	0.0	0.0	0.0	0.0	0.0	0.0	0.0	0.0	0.0	0.0	0.0	0.0	0.0	0.0	0.0	0.0	0.0	0.0	0.0	0.0	
5.792666666666666	6.137333333333333	4.952	3.7453333333333334	2.6073333333333335	2.272666666666667	2.0366666666666666	1.906	1.8	1.666	1.56	1.3913333333333333	1.0926666666666667	0.738	0.7166666666666667	0.6386666666666667	0.5813333333333334	0.542	0.47533333333333333	0.374	0.39466666666666667	0.36466666666666664	0.3546666666666667	0.18333333333333332	0.11866666666666667	0.10333333333333333	0.10733333333333334	0.08466666666666667	0.06466666666666666	0.064	0.066	0.056666666666666664	0.06266666666666666	0.06533333333333333	0.058	0.064	0.04	0.032	0.035333333333333335	0.034	0.029333333333333333	0.013333333333333334	0.010666666666666666	0.013333333333333334	0.012666666666666666	0.006666666666666667	0.0033333333333333335	0.004	0.005333333333333333	0.0006666666666666666	0.0	0.002	0.0	0.0	0.0	0.0	0.0	0.0	0.0	0.0	0.0	0.0	0.0	0.0	0.0	0.0	0.0	0.0	0.0	0.0	0.0	0.0	0.0	0.0	0.0	0.0	0.0	0.0	0.0	0.0	0.0	0.0	0.0	0.0	0.0	0.0	0.0	0.0	0.0	0.0	0.0	0.0	0.0	0.0	0.0	0.0	0.0	0.0	0.0	
6.6706666666666665	6.494666666666666	5.399333333333334	4.144	2.8693333333333335	2.562666666666667	2.262	2.033333333333333	2.016	1.9286666666666668	1.7426666666666666	1.5566666666666666	1.186	0.8586666666666667	0.8133333333333334	0.7113333333333334	0.6333333333333333	0.588	0.5473333333333333	0.418	0.43266666666666664	0.41	0.43466666666666665	0.22266666666666668	0.15133333333333332	0.14	0.12466666666666666	0.124	0.058	0.07066666666666667	0.06533333333333333	0.07266666666666667	0.06666666666666667	0.06	0.06466666666666666	0.05533333333333333	0.05266666666666667	0.034666666666666665	0.035333333333333335	0.03933333333333333	0.028	0.017333333333333333	0.013333333333333334	0.008	0.012666666666666666	0.006666666666666667	0.004666666666666667	0.006666666666666667	0.007333333333333333	0.0026666666666666666	0.0006666666666666666	0.0006666666666666666	0.0006666666666666666	0.0006666666666666666	0.0	0.0006666666666666666	0.0	0.0006666666666666666	0.0	0.0	0.0	0.0	0.0	0.0	0.0	0.0	0.0	0.0	0.0	0.0	0.0	0.0	0.0	0.0	0.0	0.0	0.0	0.0	0.0	0.0	0.0	0.0	0.0	0.0	0.0	0.0	0.0	0.0	0.0	0.0	0.0	0.0	0.0	0.0	0.0	0.0	0.0	0.0	0.0	
7.308	7.188	6.179333333333333	4.749333333333333	3.0893333333333333	2.9673333333333334	2.5913333333333335	2.3573333333333335	2.2466666666666666	2.1326666666666667	1.9186666666666667	1.7686666666666666	1.344	0.9966666666666667	0.9493333333333334	0.8033333333333333	0.7306666666666667	0.69	0.6233333333333333	0.466	0.4866666666666667	0.486	0.49866666666666665	0.24866666666666667	0.17466666666666666	0.15933333333333333	0.148	0.12133333333333333	0.06666666666666667	0.08666666666666667	0.074	0.08066666666666666	0.07266666666666667	0.07933333333333334	0.06066666666666667	0.06333333333333334	0.04933333333333333	0.05333333333333334	0.04666666666666667	0.048666666666666664	0.034	0.020666666666666667	0.011333333333333334	0.012	0.016	0.010666666666666666	0.0026666666666666666	0.0006666666666666666	0.004666666666666667	0.0026666666666666666	0.0026666666666666666	0.0013333333333333333	0.0	0.0	0.0	0.0	0.0	0.0	0.0	0.0	0.0	0.0	0.0	0.0	0.0	0.0	0.0	0.0	0.0	0.0	0.0	0.0	0.0	0.0	0.0	0.0	0.0	0.0	0.0	0.0	0.0	0.0	0.0	0.0	0.0	0.0	0.0	0.0	0.0	0.0	0.0	0.0	0.0	0.0	0.0	0.0	0.0	0.0	0.0	
8.019333333333334	8.078666666666667	6.78	5.115333333333333	3.5246666666666666	3.2973333333333334	2.884	2.6486666666666667	2.541333333333333	2.3986666666666667	2.247333333333333	2.0153333333333334	1.4646666666666666	1.0993333333333333	1.066	0.914	0.812	0.744	0.738	0.5786666666666667	0.5433333333333333	0.5686666666666667	0.5566666666666666	0.284	0.194	0.16933333333333334	0.17133333333333334	0.142	0.1	0.09866666666666667	0.088	0.088	0.092	0.084	0.09	0.09333333333333334	0.06866666666666667	0.06	0.06	0.052	0.04533333333333334	0.016666666666666666	0.016	0.021333333333333333	0.018666666666666668	0.0033333333333333335	0.006666666666666667	0.006666666666666667	0.004666666666666667	0.004	0.0013333333333333333	0.0006666666666666666	0.002	0.0013333333333333333	0.0	0.0	0.0	0.0	0.0	0.0	0.0	0.0	0.0	0.0	0.0	0.0	0.0	0.0	0.0	0.0	0.0	0.0	0.0	0.0	0.0	0.0	0.0	0.0	0.0	0.0	0.0	0.0	0.0	0.0	0.0	0.0	0.0	0.0	0.0	0.0	0.0	0.0	0.0	0.0	0.0	0.0	0.0	0.0	0.0	
8.753333333333334	8.936666666666667	7.694	5.8213333333333335	3.974666666666667	3.6393333333333335	3.1666666666666665	2.9546666666666668	2.8113333333333332	2.8173333333333335	2.4386666666666668	2.338	1.7573333333333334	1.2513333333333334	1.2186666666666666	1.1133333333333333	0.9433333333333334	0.9013333333333333	0.804	0.6406666666666667	0.6333333333333333	0.6133333333333333	0.618	0.3313333333333333	0.226	0.212	0.214	0.17266666666666666	0.112	0.106	0.114	0.09866666666666667	0.098	0.09533333333333334	0.09133333333333334	0.08466666666666667	0.07133333333333333	0.066	0.062	0.06666666666666667	0.06	0.032	0.020666666666666667	0.016666666666666666	0.021333333333333333	0.012666666666666666	0.007333333333333333	0.006666666666666667	0.005333333333333333	0.0033333333333333335	0.0013333333333333333	0.0013333333333333333	0.0	0.0013333333333333333	0.0	0.0006666666666666666	0.0	0.0	0.0	0.0	0.0	0.0	0.0	0.0	0.0	0.0	0.0	0.0	0.0	0.0	0.0	0.0	0.0	0.0	0.0	0.0	0.0	0.0	0.0	0.0	0.0	0.0	0.0	0.0	0.0	0.0	0.0	0.0	0.0	0.0	0.0	0.0	0.0	0.0	0.0	0.0	0.0	0.0	0.0	
9.855333333333334	10.099333333333334	8.596	6.582	4.520666666666667	4.173333333333333	3.722	3.3706666666666667	3.219333333333333	3.1866666666666665	2.806	2.5726666666666667	2.0006666666666666	1.43	1.4186666666666667	1.206	1.126	0.9786666666666667	0.9066666666666666	0.7513333333333333	0.762	0.756	0.702	0.36666666666666664	0.25066666666666665	0.22266666666666668	0.24933333333333332	0.204	0.13933333333333334	0.11733333333333333	0.11333333333333333	0.128	0.09266666666666666	0.09933333333333333	0.09	0.10733333333333334	0.09333333333333334	0.07066666666666667	0.072	0.066	0.05	0.026	0.024666666666666667	0.024666666666666667	0.018	0.018	0.01	0.006	0.008666666666666666	0.004	0.0006666666666666666	0.0006666666666666666	0.002	0.002	0.0006666666666666666	0.0	0.0006666666666666666	0.0	0.0	0.0	0.0	0.0	0.0	0.0	0.0	0.0	0.0	0.0	0.0	0.0	0.0	0.0	0.0	0.0	0.0	0.0	0.0	0.0	0.0	0.0	0.0	0.0	0.0	0.0	0.0	0.0	0.0	0.0	0.0	0.0	0.0	0.0	0.0	0.0	0.0	0.0	0.0	0.0	0.0	
11.15	11.598666666666666	9.68	7.450666666666667	5.069333333333334	4.706666666666667	4.212666666666666	3.8413333333333335	3.7093333333333334	3.504	3.1946666666666665	3.022666666666667	2.348	1.6713333333333333	1.6013333333333333	1.4046666666666667	1.2213333333333334	1.1113333333333333	1.0346666666666666	0.8653333333333333	0.8613333333333333	0.898	0.8006666666666666	0.498	0.30733333333333335	0.306	0.308	0.25133333333333335	0.15866666666666668	0.156	0.14	0.148	0.134	0.106	0.122	0.13466666666666666	0.098	0.07733333333333334	0.098	0.08666666666666667	0.07266666666666667	0.036	0.03133333333333333	0.04066666666666666	0.023333333333333334	0.013333333333333334	0.01	0.012	0.010666666666666666	0.006666666666666667	0.0026666666666666666	0.0006666666666666666	0.0006666666666666666	0.0006666666666666666	0.0013333333333333333	0.0	0.0006666666666666666	0.0006666666666666666	0.0006666666666666666	0.0	0.0	0.0	0.0	0.0	0.0	0.0	0.0	0.0	0.0	0.0	0.0	0.0	0.0	0.0	0.0	0.0	0.0	0.0	0.0	0.0	0.0	0.0	0.0	0.0	0.0	0.0	0.0	0.0	0.0	0.0	0.0	0.0	0.0	0.0	0.0	0.0	0.0	0.0	0.0	
12.602666666666666	13.061333333333334	11.188	8.598	5.947333333333333	5.396	4.776	4.4526666666666666	4.276	4.081333333333333	3.735333333333333	3.548	2.748	2.062	1.9306666666666668	1.752	1.4113333333333333	1.2826666666666666	1.2366666666666666	1.0226666666666666	1.0	1.0713333333333332	1.0093333333333334	0.55	0.38666666666666666	0.396	0.36133333333333334	0.29	0.17333333333333334	0.17266666666666666	0.16533333333333333	0.17266666666666666	0.15133333333333332	0.128	0.13266666666666665	0.15333333333333332	0.12133333333333333	0.09533333333333334	0.09333333333333334	0.10133333333333333	0.08733333333333333	0.04466666666666667	0.03933333333333333	0.038	0.03	0.018666666666666668	0.006	0.006666666666666667	0.008	0.012	0.004	0.002	0.0033333333333333335	0.0026666666666666666	0.0006666666666666666	0.0006666666666666666	0.0013333333333333333	0.0	0.0006666666666666666	0.0	0.0	0.0	0.0	0.0	0.0	0.0	0.0	0.0	0.0	0.0	0.0	0.0	0.0	0.0	0.0	0.0	0.0	0.0	0.0	0.0	0.0	0.0	0.0	0.0	0.0	0.0	0.0	0.0	0.0	0.0	0.0	0.0	0.0	0.0	0.0	0.0	0.0	0.0	0.0	
14.566666666666666	15.024666666666667	12.849333333333334	9.887333333333334	6.943333333333333	6.387333333333333	5.609333333333334	5.338666666666667	5.059333333333333	4.830666666666667	4.463333333333333	4.166	3.316666666666667	2.472	2.3926666666666665	2.0553333333333335	1.69	1.6206666666666667	1.4933333333333334	1.2286666666666666	1.2113333333333334	1.192	1.158	0.7126666666666667	0.47933333333333333	0.474	0.464	0.3506666666666667	0.20866666666666667	0.21266666666666667	0.23266666666666666	0.22466666666666665	0.17933333333333334	0.19333333333333333	0.18666666666666668	0.178	0.15733333333333333	0.104	0.11066666666666666	0.11	0.10266666666666667	0.064	0.05266666666666667	0.048666666666666664	0.04533333333333334	0.022	0.014666666666666666	0.014	0.012	0.008666666666666666	0.004	0.0006666666666666666	0.0026666666666666666	0.0033333333333333335	0.0	0.0006666666666666666	0.0	0.0	0.0	0.0	0.0	0.0	0.0	0.0	0.0	0.0	0.0	0.0	0.0	0.0	0.0	0.0	0.0	0.0	0.0	0.0	0.0	0.0	0.0	0.0	0.0	0.0	0.0	0.0	0.0	0.0	0.0	0.0	0.0	0.0	0.0	0.0	0.0	0.0	0.0	0.0	0.0	0.0	0.0	
16.751333333333335	17.614	15.028	11.770666666666667	8.256666666666666	7.710666666666667	6.792666666666666	6.1306666666666665	5.884	5.568666666666667	5.251333333333333	4.994	4.004	3.078	2.874	2.488	1.9753333333333334	1.9026666666666667	1.79	1.5386666666666666	1.5013333333333334	1.5353333333333334	1.4626666666666666	0.8646666666666667	0.616	0.632	0.6086666666666667	0.4846666666666667	0.2806666666666667	0.24866666666666667	0.254	0.25266666666666665	0.21666666666666667	0.204	0.19066666666666668	0.19733333333333333	0.19	0.154	0.144	0.14666666666666667	0.13333333333333333	0.084	0.07066666666666667	0.06333333333333334	0.064	0.03866666666666667	0.024	0.02	0.018	0.009333333333333334	0.006	0.0013333333333333333	0.004	0.0026666666666666666	0.0013333333333333333	0.0	0.0	0.0	0.0006666666666666666	0.0	0.0	0.0	0.0	0.0	0.0	0.0	0.0	0.0	0.0	0.0	0.0	0.0	0.0	0.0	0.0	0.0	0.0	0.0	0.0	0.0	0.0	0.0	0.0	0.0	0.0	0.0	0.0	0.0	0.0	0.0	0.0	0.0	0.0	0.0	0.0	0.0	0.0	0.0	0.0	
19.629333333333335	20.346666666666668	17.686	14.071333333333333	9.728	8.871333333333334	7.902	7.304	6.94	6.747333333333334	6.358	6.0553333333333335	4.758	3.720666666666667	3.5446666666666666	3.014666666666667	2.442	2.388	2.1386666666666665	1.81	1.824	1.8013333333333332	1.674	1.096	0.8333333333333334	0.806	0.83	0.6026666666666667	0.33866666666666667	0.30333333333333334	0.32066666666666666	0.31466666666666665	0.266	0.25866666666666666	0.25266666666666665	0.244	0.21733333333333332	0.176	0.194	0.178	0.13866666666666666	0.11533333333333333	0.09666666666666666	0.08866666666666667	0.07866666666666666	0.05333333333333334	0.022	0.020666666666666667	0.028666666666666667	0.02	0.005333333333333333	0.004666666666666667	0.005333333333333333	0.0013333333333333333	0.0006666666666666666	0.0006666666666666666	0.002	0.0006666666666666666	0.0	0.0	0.0	0.0	0.0	0.0	0.0	0.0	0.0	0.0	0.0	0.0	0.0	0.0	0.0	0.0	0.0	0.0	0.0	0.0	0.0	0.0	0.0	0.0	0.0	0.0	0.0	0.0	0.0	0.0	0.0	0.0	0.0	0.0	0.0	0.0	0.0	0.0	0.0	0.0	0.0	
22.878	23.956666666666667	20.709333333333333	16.196	11.472	10.548	9.527333333333333	8.496666666666666	8.38	7.97	7.580666666666667	7.271333333333334	5.960666666666667	4.609333333333334	4.338	3.634	2.872	2.800666666666667	2.6446666666666667	2.187333333333333	2.1693333333333333	2.1533333333333333	2.106	1.3853333333333333	0.9726666666666667	0.9853333333333333	0.9713333333333334	0.7746666666666666	0.36333333333333334	0.38466666666666666	0.33266666666666667	0.368	0.312	0.314	0.3006666666666667	0.332	0.25066666666666665	0.218	0.22933333333333333	0.24933333333333332	0.19666666666666666	0.13733333333333334	0.11266666666666666	0.11133333333333334	0.114	0.046	0.03	0.025333333333333333	0.028	0.014666666666666666	0.007333333333333333	0.005333333333333333	0.004	0.0033333333333333335	0.0006666666666666666	0.0006666666666666666	0.0	0.0	0.0006666666666666666	0.0	0.0	0.0	0.0	0.0	0.0	0.0	0.0	0.0	0.0	0.0	0.0	0.0	0.0	0.0	0.0	0.0	0.0	0.0	0.0	0.0	0.0	0.0	0.0	0.0	0.0	0.0	0.0	0.0	0.0	0.0	0.0	0.0	0.0	0.0	0.0	0.0	0.0	0.0	0.0	
26.318666666666665	27.811333333333334	24.086666666666666	19.110666666666667	13.491333333333333	12.103333333333333	11.222666666666667	10.164	9.689333333333334	9.354	8.819333333333333	8.524	6.923333333333333	5.430666666666666	5.350666666666666	4.375333333333334	3.406	3.3313333333333333	3.0353333333333334	2.6053333333333333	2.624	2.5313333333333334	2.548	1.5573333333333332	1.2026666666666668	1.164	1.1566666666666667	0.906	0.49266666666666664	0.41333333333333333	0.43733333333333335	0.416	0.36466666666666664	0.35	0.3473333333333333	0.3393333333333333	0.30866666666666664	0.24066666666666667	0.24533333333333332	0.27466666666666667	0.266	0.17066666666666666	0.12933333333333333	0.12133333333333333	0.132	0.06133333333333333	0.03133333333333333	0.037333333333333336	0.03333333333333333	0.02266666666666667	0.008	0.008666666666666666	0.0033333333333333335	0.008	0.0033333333333333335	0.002	0.0013333333333333333	0.0033333333333333335	0.0	0.0	0.0	0.0	0.0	0.0	0.0	0.0	0.0	0.0	0.0	0.0	0.0	0.0	0.0	0.0	0.0	0.0	0.0	0.0	0.0	0.0	0.0	0.0	0.0	0.0	0.0	0.0	0.0	0.0	0.0	0.0	0.0	0.0	0.0	0.0	0.0	0.0	0.0	0.0	0.0	
30.034	31.615333333333332	27.535333333333334	22.04	15.509333333333334	13.998	12.799333333333333	11.618	11.201333333333332	10.844666666666667	10.206666666666667	9.732666666666667	8.044	6.352666666666667	6.236	5.107333333333333	3.9726666666666666	3.786	3.5866666666666664	3.1046666666666667	3.014	3.02	2.9233333333333333	1.852	1.398	1.4153333333333333	1.41	1.0446666666666666	0.5266666666666666	0.5346666666666666	0.5033333333333333	0.518	0.4726666666666667	0.40066666666666667	0.44866666666666666	0.43	0.352	0.3506666666666667	0.31266666666666665	0.298	0.236	0.21733333333333332	0.16666666666666666	0.184	0.16	0.098	0.051333333333333335	0.048	0.034	0.034	0.012666666666666666	0.006666666666666667	0.006666666666666667	0.008	0.004	0.0006666666666666666	0.0006666666666666666	0.0006666666666666666	0.002	0.0006666666666666666	0.0	0.0	0.0	0.0	0.0	0.0	0.0	0.0	0.0	0.0	0.0	0.0	0.0	0.0	0.0	0.0	0.0	0.0	0.0	0.0	0.0	0.0	0.0	0.0	0.0	0.0	0.0	0.0	0.0	0.0	0.0	0.0	0.0	0.0	0.0	0.0	0.0	0.0	0.0	
33.776666666666664	36.136	30.869333333333334	25.311333333333334	17.494666666666667	15.938	14.736666666666666	13.283333333333333	12.699333333333334	12.254666666666667	11.629333333333333	11.214	9.296	7.339333333333333	7.206	5.8053333333333335	4.518	4.308666666666666	4.018666666666666	3.4793333333333334	3.5073333333333334	3.442	3.4053333333333335	2.287333333333333	1.6893333333333334	1.6446666666666667	1.688	1.272	0.6313333333333333	0.5786666666666667	0.5593333333333333	0.5313333333333333	0.502	0.5026666666666667	0.44866666666666666	0.47	0.416	0.37933333333333336	0.3393333333333333	0.3606666666666667	0.29733333333333334	0.236	0.18066666666666667	0.206	0.17666666666666667	0.102	0.050666666666666665	0.04466666666666667	0.04	0.037333333333333336	0.010666666666666666	0.008666666666666666	0.010666666666666666	0.01	0.004	0.0026666666666666666	0.0013333333333333333	0.0006666666666666666	0.0013333333333333333	0.0	0.0	0.0	0.0	0.0	0.0	0.0	0.0	0.0	0.0	0.0	0.0	0.0	0.0	0.0	0.0	0.0	0.0	0.0	0.0	0.0	0.0	0.0	0.0	0.0	0.0	0.0	0.0	0.0	0.0	0.0	0.0	0.0	0.0	0.0	0.0	0.0	0.0	0.0	0.0	
37.33533333333333	39.91133333333333	34.502	28.098666666666666	19.509333333333334	17.892	16.26	14.714	14.116666666666667	13.803333333333333	13.132	12.664	10.407333333333334	8.338	8.133333333333333	6.727333333333333	5.0986666666666665	4.736	4.558666666666666	3.9566666666666666	3.9553333333333334	3.95	3.8253333333333335	2.4713333333333334	1.9206666666666667	1.906	1.8266666666666667	1.408	0.6653333333333333	0.6566666666666666	0.6313333333333333	0.6366666666666667	0.54	0.5366666666666666	0.5646666666666667	0.5266666666666666	0.5006666666666667	0.42533333333333334	0.4066666666666667	0.39866666666666667	0.35533333333333333	0.26	0.218	0.22266666666666668	0.216	0.11266666666666666	0.056666666666666664	0.06266666666666666	0.04733333333333333	0.04066666666666666	0.012	0.014666666666666666	0.017333333333333333	0.008	0.005333333333333333	0.0026666666666666666	0.0026666666666666666	0.0013333333333333333	0.0006666666666666666	0.0	0.0	0.0	0.0	0.0	0.0	0.0	0.0	0.0	0.0	0.0	0.0	0.0	0.0	0.0	0.0	0.0	0.0	0.0	0.0	0.0	0.0	0.0	0.0	0.0	0.0	0.0	0.0	0.0	0.0	0.0	0.0	0.0	0.0	0.0	0.0	0.0	0.0	0.0	0.0	
40.73466666666667	43.766	37.776666666666664	30.727333333333334	21.467333333333332	19.49266666666667	18.150666666666666	16.382	15.698	15.073333333333334	14.36	13.896666666666667	11.46	9.076	8.836	7.275333333333333	5.512666666666667	5.316	5.093333333333334	4.262	4.306	4.350666666666666	4.190666666666667	2.784	2.094	2.132	2.112	1.5426666666666666	0.78	0.7113333333333334	0.736	0.716	0.626	0.5693333333333334	0.5886666666666667	0.596	0.5026666666666667	0.46	0.43933333333333335	0.42933333333333334	0.3893333333333333	0.308	0.25333333333333335	0.26866666666666666	0.214	0.122	0.05333333333333334	0.068	0.06733333333333333	0.048666666666666664	0.013333333333333334	0.011333333333333334	0.01	0.01	0.004666666666666667	0.0033333333333333335	0.0013333333333333333	0.002	0.0006666666666666666	0.0	0.0	0.0	0.0	0.0	0.0	0.0	0.0	0.0	0.0	0.0	0.0	0.0	0.0	0.0	0.0	0.0	0.0	0.0	0.0	0.0	0.0	0.0	0.0	0.0	0.0	0.0	0.0	0.0	0.0	0.0	0.0	0.0	0.0	0.0	0.0	0.0	0.0	0.0	0.0	
43.79533333333333	47.35466666666667	40.90133333333333	33.428	23.24	21.256666666666668	19.632	17.531333333333333	16.976666666666667	16.444666666666667	15.560666666666666	14.878	12.533333333333333	9.892	9.800666666666666	7.902666666666667	5.917333333333334	5.750666666666667	5.457333333333334	4.645333333333333	4.6113333333333335	4.575333333333333	4.6033333333333335	2.981333333333333	2.2946666666666666	2.356	2.260666666666667	1.6826666666666668	0.7786666666666666	0.7526666666666667	0.7793333333333333	0.7613333333333333	0.654	0.6873333333333334	0.6266666666666667	0.5826666666666667	0.5686666666666667	0.4713333333333333	0.5013333333333333	0.4786666666666667	0.4066666666666667	0.3273333333333333	0.2926666666666667	0.29533333333333334	0.25733333333333336	0.14333333333333334	0.07266666666666667	0.06733333333333333	0.074	0.04533333333333334	0.027333333333333334	0.015333333333333332	0.013333333333333334	0.013333333333333334	0.007333333333333333	0.005333333333333333	0.0026666666666666666	0.004	0.0013333333333333333	0.0	0.0	0.0	0.0	0.0	0.0	0.0	0.0	0.0	0.0	0.0	0.0	0.0	0.0	0.0	0.0	0.0	0.0	0.0	0.0	0.0	0.0	0.0	0.0	0.0	0.0	0.0	0.0	0.0	0.0	0.0	0.0	0.0	0.0	0.0	0.0	0.0	0.0	0.0	0.0	
46.99	50.268	44.06333333333333	35.36666666666667	24.840666666666667	22.46066666666667	21.076	18.77466666666667	17.99	17.572666666666667	16.522666666666666	16.306	13.466	10.793333333333333	10.515333333333333	8.606	6.424666666666667	6.118	5.704666666666666	5.108666666666666	4.950666666666667	4.916666666666667	4.915333333333334	3.2386666666666666	2.5193333333333334	2.469333333333333	2.382	1.8333333333333333	0.8906666666666667	0.8573333333333333	0.818	0.8513333333333334	0.7066666666666667	0.6893333333333334	0.71	0.6806666666666666	0.606	0.5026666666666667	0.518	0.5126666666666667	0.444	0.324	0.31333333333333335	0.29133333333333333	0.2813333333333333	0.15133333333333332	0.06666666666666667	0.06866666666666667	0.084	0.04666666666666667	0.024666666666666667	0.023333333333333334	0.018666666666666668	0.009333333333333334	0.0026666666666666666	0.0026666666666666666	0.004	0.002	0.0013333333333333333	0.0	0.0	0.0	0.0	0.0	0.0	0.0	0.0	0.0	0.0	0.0	0.0	0.0	0.0	0.0	0.0	0.0	0.0	0.0	0.0	0.0	0.0	0.0	0.0	0.0	0.0	0.0	0.0	0.0	0.0	0.0	0.0	0.0	0.0	0.0	0.0	0.0	0.0	0.0	0.0	
49.12266666666667	53.27333333333333	46.188	37.626	26.248666666666665	24.186	22.086	19.71066666666667	19.156666666666666	18.59	17.511333333333333	16.824	14.136666666666667	11.462666666666667	11.042	8.89	6.723333333333334	6.578666666666667	6.187333333333333	5.245333333333333	5.165333333333334	5.351333333333334	5.158	3.388	2.6466666666666665	2.5946666666666665	2.632	1.934	0.9533333333333334	0.8893333333333333	0.8666666666666667	0.8473333333333334	0.7533333333333333	0.73	0.7526666666666667	0.7633333333333333	0.662	0.5653333333333334	0.558	0.566	0.4786666666666667	0.336	0.3353333333333333	0.30666666666666664	0.28933333333333333	0.15333333333333332	0.066	0.07733333333333334	0.08666666666666667	0.056	0.020666666666666667	0.019333333333333334	0.018666666666666668	0.019333333333333334	0.004	0.006	0.004666666666666667	0.0033333333333333335	0.0013333333333333333	0.0	0.0	0.0	0.0	0.0	0.0	0.0	0.0	0.0	0.0	0.0	0.0	0.0	0.0	0.0	0.0	0.0	0.0	0.0	0.0	0.0	0.0	0.0	0.0	0.0	0.0	0.0	0.0	0.0	0.0	0.0	0.0	0.0	0.0	0.0	0.0	0.0	0.0	0.0	0.0	
51.45933333333333	55.733333333333334	48.03	39.46666666666667	27.528	25.10333333333333	23.021333333333335	20.792666666666666	20.26	19.508	18.631333333333334	17.791333333333334	14.770666666666667	11.918	11.614666666666666	9.340666666666667	7.131333333333333	6.746666666666667	6.402	5.560666666666667	5.600666666666666	5.570666666666667	5.416	3.6233333333333335	2.7093333333333334	2.708	2.776	2.02	0.9653333333333334	0.93	0.8806666666666667	0.9026666666666666	0.7793333333333333	0.726	0.7973333333333333	0.7493333333333333	0.6473333333333333	0.5846666666666667	0.566	0.582	0.5133333333333333	0.38333333333333336	0.32266666666666666	0.342	0.29733333333333334	0.16066666666666668	0.084	0.07866666666666666	0.08	0.056666666666666664	0.024	0.025333333333333333	0.024	0.017333333333333333	0.009333333333333334	0.006666666666666667	0.0026666666666666666	0.0026666666666666666	0.0006666666666666666	0.0	0.0	0.0	0.0	0.0	0.0	0.0	0.0	0.0	0.0	0.0	0.0	0.0	0.0	0.0	0.0	0.0	0.0	0.0	0.0	0.0	0.0	0.0	0.0	0.0	0.0	0.0	0.0	0.0	0.0	0.0	0.0	0.0	0.0	0.0	0.0	0.0	0.0	0.0	0.0	
53.304	57.654666666666664	50.03	40.788666666666664	28.660666666666668	26.003333333333334	24.091333333333335	21.510666666666665	20.88533333333333	20.222	18.938666666666666	18.44	15.416666666666666	12.484666666666667	12.007333333333333	9.758	7.274666666666667	7.084666666666666	6.814666666666667	5.764	5.9013333333333335	5.74	5.634	3.7573333333333334	2.8526666666666665	2.8846666666666665	2.83	2.07	1.0666666666666667	1.002	0.9613333333333334	0.904	0.828	0.798	0.836	0.824	0.7073333333333334	0.5946666666666667	0.6346666666666667	0.5866666666666667	0.5346666666666666	0.39066666666666666	0.38333333333333336	0.37333333333333335	0.318	0.17	0.09	0.07266666666666667	0.07866666666666666	0.05	0.018666666666666668	0.019333333333333334	0.019333333333333334	0.015333333333333332	0.007333333333333333	0.006666666666666667	0.0026666666666666666	0.004666666666666667	0.0026666666666666666	0.0	0.0	0.0	0.0	0.0	0.0	0.0	0.0	0.0	0.0	0.0	0.0	0.0	0.0	0.0	0.0	0.0	0.0	0.0	0.0	0.0	0.0	0.0	0.0	0.0	0.0	0.0	0.0	0.0	0.0	0.0	0.0	0.0	0.0	0.0	0.0	0.0	0.0	0.0	0.0	
54.892	59.06333333333333	51.35466666666667	41.75933333333333	29.35	26.899333333333335	24.939333333333334	22.110666666666667	21.441333333333333	20.694	19.63533333333333	18.895333333333333	15.752	12.911333333333333	12.494666666666667	9.96	7.6386666666666665	7.284666666666666	6.891333333333334	5.881333333333333	5.918	5.976666666666667	5.85	3.9073333333333333	3.030666666666667	3.002666666666667	2.9313333333333333	2.1493333333333333	1.0366666666666666	1.0033333333333334	0.974	0.9706666666666667	0.8293333333333334	0.8246666666666667	0.828	0.7973333333333333	0.696	0.634	0.6146666666666667	0.612	0.548	0.406	0.38533333333333336	0.372	0.31533333333333335	0.17133333333333334	0.076	0.07733333333333334	0.088	0.05466666666666667	0.02666666666666667	0.027333333333333334	0.015333333333333332	0.018666666666666668	0.008	0.0026666666666666666	0.0033333333333333335	0.004666666666666667	0.0026666666666666666	0.0	0.0	0.0	0.0	0.0	0.0	0.0	0.0	0.0	0.0	0.0	0.0	0.0	0.0	0.0	0.0	0.0	0.0	0.0	0.0	0.0	0.0	0.0	0.0	0.0	0.0	0.0	0.0	0.0	0.0	0.0	0.0	0.0	0.0	0.0	0.0	0.0	0.0	0.0	0.0	
55.45066666666666	59.946	52.11533333333333	42.89933333333333	30.038666666666668	27.402	25.411333333333335	22.64	21.96066666666667	21.168	20.064666666666668	19.205333333333332	16.211333333333332	13.065333333333333	12.943333333333333	10.252666666666666	7.686	7.383333333333334	7.068	6.1353333333333335	6.0873333333333335	6.132	5.963333333333333	3.9366666666666665	3.108	3.0806666666666667	3.056	2.244666666666667	1.0293333333333334	1.0126666666666666	0.9926666666666667	0.9626666666666667	0.8446666666666667	0.854	0.856	0.856	0.68	0.6446666666666667	0.6573333333333333	0.6386666666666667	0.52	0.386	0.386	0.37	0.36533333333333334	0.172	0.1	0.08533333333333333	0.09066666666666667	0.06333333333333334	0.02266666666666667	0.026	0.019333333333333334	0.016	0.008	0.005333333333333333	0.002	0.007333333333333333	0.002	0.0	0.0	0.0	0.0	0.0	0.0	0.0	0.0	0.0	0.0	0.0	0.0	0.0	0.0	0.0	0.0	0.0	0.0	0.0	0.0	0.0	0.0	0.0	0.0	0.0	0.0	0.0	0.0	0.0	0.0	0.0	0.0	0.0	0.0	0.0	0.0	0.0	0.0	0.0	0.0	
56.792	61.73	53.024	43.516666666666666	30.63533333333333	27.510666666666665	25.687333333333335	22.842666666666666	22.084666666666667	21.488	20.538666666666668	19.74266666666667	16.445333333333334	13.44	12.838	10.65	7.938	7.413333333333333	7.213333333333333	6.163333333333333	6.061333333333334	6.254666666666667	6.014	3.934	3.038666666666667	3.078	3.1053333333333333	2.266	1.1193333333333333	1.024	1.0426666666666666	0.9793333333333333	0.924	0.8473333333333334	0.8166666666666667	0.8566666666666667	0.7333333333333333	0.638	0.6473333333333333	0.658	0.584	0.398	0.386	0.38266666666666665	0.35333333333333333	0.18666666666666668	0.09866666666666667	0.09266666666666666	0.09066666666666667	0.06266666666666666	0.028666666666666667	0.024666666666666667	0.018666666666666668	0.017333333333333333	0.0033333333333333335	0.0033333333333333335	0.008	0.006666666666666667	0.0026666666666666666	0.0	0.0	0.0	0.0	0.0	0.0	0.0	0.0	0.0	0.0	0.0	0.0	0.0	0.0	0.0	0.0	0.0	0.0	0.0	0.0	0.0	0.0	0.0	0.0	0.0	0.0	0.0	0.0	0.0	0.0	0.0	0.0	0.0	0.0	0.0	0.0	0.0	0.0	0.0	0.0	
57.13	62.268	53.866	44.322	30.842666666666666	27.994	25.966666666666665	23.033333333333335	22.528	21.623333333333335	20.616	19.851333333333333	16.695333333333334	13.63	13.127333333333333	10.717333333333332	8.034666666666666	7.5713333333333335	7.116	6.258666666666667	6.270666666666667	6.136666666666667	6.075333333333333	4.034666666666666	3.0893333333333333	3.1573333333333333	3.1006666666666667	2.41	1.1086666666666667	1.0446666666666666	1.0346666666666666	1.0233333333333334	0.8973333333333333	0.8706666666666667	0.8726666666666667	0.8586666666666667	0.7433333333333333	0.654	0.618	0.6166666666666667	0.5773333333333334	0.41733333333333333	0.39466666666666667	0.4046666666666667	0.354	0.204	0.10333333333333333	0.09066666666666667	0.08133333333333333	0.06	0.027333333333333334	0.02666666666666667	0.024666666666666667	0.017333333333333333	0.006	0.005333333333333333	0.005333333333333333	0.005333333333333333	0.002	0.0	0.0	0.0	0.0	0.0	0.0	0.0	0.0	0.0	0.0	0.0	0.0	0.0	0.0	0.0	0.0	0.0	0.0	0.0	0.0	0.0	0.0	0.0	0.0	0.0	0.0	0.0	0.0	0.0	0.0	0.0	0.0	0.0	0.0	0.0	0.0	0.0	0.0	0.0	0.0	
57.66133333333333	62.19133333333333	54.05533333333333	44.382	30.895333333333333	28.244666666666667	26.123333333333335	23.47	22.587333333333333	21.694	20.769333333333332	20.074	16.614	13.642666666666667	13.42	10.668	8.076666666666666	7.721333333333333	7.425333333333334	6.307333333333333	6.308	6.231333333333334	6.1593333333333335	4.167333333333334	3.256666666666667	3.1633333333333336	3.152	2.356	1.1113333333333333	1.0446666666666666	1.0046666666666666	1.006	0.892	0.8726666666666667	0.8613333333333333	0.8453333333333334	0.7273333333333334	0.702	0.6626666666666666	0.626	0.5893333333333334	0.43	0.37933333333333336	0.4066666666666667	0.36133333333333334	0.176	0.10266666666666667	0.08466666666666667	0.08533333333333333	0.056666666666666664	0.03	0.02666666666666667	0.021333333333333333	0.015333333333333332	0.012666666666666666	0.004666666666666667	0.007333333333333333	0.004666666666666667	0.0026666666666666666	0.0006666666666666666	0.0	0.0	0.0	0.0	0.0	0.0	0.0	0.0	0.0	0.0	0.0	0.0	0.0	0.0	0.0	0.0	0.0	0.0	0.0	0.0	0.0	0.0	0.0	0.0	0.0	0.0	0.0	0.0	0.0	0.0	0.0	0.0	0.0	0.0	0.0	0.0	0.0	0.0	0.0	
57.657333333333334	62.076	54.492666666666665	44.282	31.376	28.269333333333332	26.462	23.239333333333335	22.659333333333333	21.816666666666666	20.955333333333332	19.980666666666668	16.919333333333334	13.692	13.26	10.826	8.060666666666666	7.692	7.272	6.314	6.331333333333333	6.338	6.014	4.168666666666667	3.231333333333333	3.2213333333333334	3.16	2.3133333333333335	1.1326666666666667	1.006	1.0246666666666666	0.9826666666666667	0.8693333333333333	0.8613333333333333	0.8713333333333333	0.9053333333333333	0.7726666666666666	0.6886666666666666	0.6646666666666666	0.6433333333333333	0.594	0.43333333333333335	0.42333333333333334	0.3626666666666667	0.37	0.19666666666666666	0.08733333333333333	0.088	0.09	0.06	0.028	0.024	0.021333333333333333	0.016666666666666666	0.009333333333333334	0.006	0.006666666666666667	0.0033333333333333335	0.0013333333333333333	0.0	0.0	0.0	0.0	0.0	0.0	0.0	0.0	0.0	0.0	0.0	0.0	0.0	0.0	0.0	0.0	0.0	0.0	0.0	0.0	0.0	0.0	0.0	0.0	0.0	0.0	0.0	0.0	0.0	0.0	0.0	0.0	0.0	0.0	0.0	0.0	0.0	0.0	0.0	0.0	
57.99933333333333	62.25866666666667	54.37	44.606	31.549333333333333	28.405333333333335	26.496666666666666	23.414666666666665	22.440666666666665	21.826	20.744666666666667	20.1	16.926	13.722666666666667	13.508	10.718	8.058666666666667	7.762	7.285333333333333	6.354666666666667	6.511333333333333	6.317333333333333	6.034666666666666	4.147333333333333	3.228	3.236666666666667	3.272	2.4006666666666665	1.1626666666666667	1.0673333333333332	1.034	1.0406666666666666	0.8766666666666667	0.86	0.9266666666666666	0.8686666666666667	0.7586666666666667	0.696	0.646	0.6953333333333334	0.574	0.42333333333333334	0.43533333333333335	0.4126666666666667	0.3446666666666667	0.20333333333333334	0.07866666666666666	0.09466666666666666	0.08666666666666667	0.06333333333333334	0.024666666666666667	0.025333333333333333	0.017333333333333333	0.014	0.005333333333333333	0.006666666666666667	0.0026666666666666666	0.004666666666666667	0.002	0.0	0.0	0.0	0.0	0.0	0.0	0.0	0.0	0.0	0.0	0.0	0.0	0.0	0.0	0.0	0.0	0.0	0.0	0.0	0.0	0.0	0.0	0.0	0.0	0.0	0.0	0.0	0.0	0.0	0.0	0.0	0.0	0.0	0.0	0.0	0.0	0.0	0.0	0.0	0.0	
57.336666666666666	62.22	54.239333333333335	44.75666666666667	30.822	28.39666666666667	26.026	23.096666666666668	22.419333333333334	21.811333333333334	20.694666666666667	19.818666666666665	16.846666666666668	13.76	13.499333333333333	10.484	7.933333333333334	7.679333333333333	7.3053333333333335	6.355333333333333	6.166666666666667	6.25	6.152666666666667	4.260666666666666	3.276	3.302	3.242	2.3486666666666665	1.1293333333333333	1.0166666666666666	1.0126666666666666	0.996	0.8933333333333333	0.894	0.878	0.8886666666666667	0.744	0.642	0.7193333333333334	0.6446666666666667	0.5626666666666666	0.4653333333333333	0.4033333333333333	0.38066666666666665	0.36533333333333334	0.18866666666666668	0.094	0.09733333333333333	0.084	0.05266666666666667	0.029333333333333333	0.029333333333333333	0.02666666666666667	0.015333333333333332	0.008666666666666666	0.0033333333333333335	0.007333333333333333	0.0013333333333333333	0.0033333333333333335	0.0	0.0	0.0	0.0	0.0	0.0	0.0	0.0	0.0	0.0	0.0	0.0	0.0	0.0	0.0	0.0	0.0	0.0	0.0	0.0	0.0	0.0	0.0	0.0	0.0	0.0	0.0	0.0	0.0	0.0	0.0	0.0	0.0	0.0	0.0	0.0	0.0	0.0	0.0	0.0	
57.09	61.81733333333333	53.986	44.51266666666667	31.03	28.303333333333335	25.996666666666666	22.985333333333333	22.243333333333332	21.608666666666668	20.786	20.018666666666668	16.782666666666668	13.698666666666666	13.398	10.834	7.996	7.612666666666667	7.350666666666666	6.244666666666666	6.089333333333333	6.247333333333334	6.132	4.187333333333333	3.224	3.2986666666666666	3.226	2.3646666666666665	1.0806666666666667	1.0413333333333334	1.0453333333333332	0.9753333333333334	0.876	0.8733333333333333	0.804	0.8066666666666666	0.7586666666666667	0.6373333333333333	0.6486666666666666	0.6546666666666666	0.5986666666666667	0.44	0.44066666666666665	0.4	0.4026666666666667	0.19933333333333333	0.112	0.10933333333333334	0.09	0.068	0.037333333333333336	0.026	0.028666666666666667	0.018666666666666668	0.010666666666666666	0.002	0.004666666666666667	0.004	0.0013333333333333333	0.0006666666666666666	0.0	0.0	0.0	0.0	0.0	0.0	0.0	0.0	0.0	0.0	0.0	0.0	0.0	0.0	0.0	0.0	0.0	0.0	0.0	0.0	0.0	0.0	0.0	0.0	0.0	0.0	0.0	0.0	0.0	0.0	0.0	0.0	0.0	0.0	0.0	0.0	0.0	0.0	0.0	
56.61666666666667	61.498666666666665	53.983333333333334	44.663333333333334	30.878666666666668	27.890666666666668	25.751333333333335	23.017333333333333	22.138666666666666	21.446	20.42	19.52466666666667	16.608666666666668	13.732	13.276666666666667	10.626	7.942	7.680666666666666	7.163333333333333	6.273333333333333	6.225333333333333	6.1866666666666665	6.1513333333333335	4.11	3.195333333333333	3.1886666666666668	3.232666666666667	2.3233333333333333	1.1433333333333333	1.05	1.0233333333333334	0.9906666666666667	0.9286666666666666	0.844	0.8366666666666667	0.81	0.712	0.672	0.6633333333333333	0.6393333333333333	0.6033333333333334	0.434	0.39866666666666667	0.4013333333333333	0.37866666666666665	0.186	0.106	0.09733333333333333	0.10133333333333333	0.064	0.028	0.022	0.020666666666666667	0.017333333333333333	0.010666666666666666	0.004666666666666667	0.004666666666666667	0.006	0.0033333333333333335	0.0	0.0	0.0	0.0	0.0	0.0	0.0	0.0	0.0	0.0	0.0	0.0	0.0	0.0	0.0	0.0	0.0	0.0	0.0	0.0	0.0	0.0	0.0	0.0	0.0	0.0	0.0	0.0	0.0	0.0	0.0	0.0	0.0	0.0	0.0	0.0	0.0	0.0	0.0	0.0	
56.28	60.73266666666667	53.63333333333333	45.24666666666667	30.590666666666667	28.442666666666668	25.530666666666665	22.604	21.846	21.141333333333332	20.125333333333334	19.400666666666666	16.452	13.536666666666667	13.313333333333333	10.586666666666666	7.832666666666666	7.537333333333334	7.133333333333334	6.192	6.198666666666667	6.201333333333333	6.044	4.061333333333334	3.196	3.1966666666666668	3.2093333333333334	2.32	1.06	1.0306666666666666	1.0213333333333334	0.97	0.8693333333333333	0.8013333333333333	0.8346666666666667	0.8346666666666667	0.7313333333333333	0.65	0.624	0.6453333333333333	0.5593333333333333	0.4266666666666667	0.3913333333333333	0.42333333333333334	0.36866666666666664	0.21533333333333332	0.09933333333333333	0.08533333333333333	0.08333333333333333	0.062	0.020666666666666667	0.03133333333333333	0.023333333333333334	0.016666666666666666	0.010666666666666666	0.007333333333333333	0.0033333333333333335	0.005333333333333333	0.0033333333333333335	0.0	0.0	0.0	0.0	0.0	0.0	0.0	0.0	0.0	0.0	0.0	0.0	0.0	0.0	0.0	0.0	0.0	0.0	0.0	0.0	0.0	0.0	0.0	0.0	0.0	0.0	0.0	0.0	0.0	0.0	0.0	0.0	0.0	0.0	0.0	0.0	0.0	0.0	0.0	0.0	
55.576	60.422666666666665	53.42333333333333	45.14333333333333	30.22533333333333	28.474666666666668	25.374	22.421333333333333	21.662	21.044	20.093333333333334	19.036	16.418	13.411333333333333	13.305333333333333	10.342	7.702	7.4126666666666665	6.988666666666667	6.088666666666667	6.14	6.213333333333333	5.943333333333333	4.076666666666667	3.2066666666666666	3.2786666666666666	3.255333333333333	2.312	1.0766666666666667	0.946	0.992	0.9606666666666667	0.8266666666666667	0.7766666666666666	0.8393333333333334	0.83	0.7273333333333334	0.6486666666666666	0.656	0.5886666666666667	0.5653333333333334	0.438	0.402	0.42933333333333334	0.37466666666666665	0.18333333333333332	0.09866666666666667	0.08666666666666667	0.088	0.06466666666666666	0.020666666666666667	0.02266666666666667	0.016666666666666666	0.018	0.009333333333333334	0.004	0.007333333333333333	0.004666666666666667	0.0026666666666666666	0.0	0.0	0.0	0.0	0.0	0.0	0.0	0.0	0.0	0.0	0.0	0.0	0.0	0.0	0.0	0.0	0.0	0.0	0.0	0.0	0.0	0.0	0.0	0.0	0.0	0.0	0.0	0.0	0.0	0.0	0.0	0.0	0.0	0.0	0.0	0.0	0.0	0.0	0.0	0.0	
54.75066666666667	59.62866666666667	53.82666666666667	44.794666666666664	30.552	27.918	25.122	22.15	21.212666666666667	20.766666666666666	19.74	19.098	16.176	13.346666666666666	13.008666666666667	10.43	7.58	7.263333333333334	6.974	6.001333333333333	5.961333333333333	6.02	5.942666666666667	4.008666666666667	3.207333333333333	3.18	3.1126666666666667	2.3233333333333333	1.118	1.0386666666666666	0.9466666666666667	0.93	0.8593333333333333	0.8773333333333333	0.838	0.8146666666666667	0.7373333333333333	0.6393333333333333	0.6373333333333333	0.634	0.5813333333333334	0.43466666666666665	0.4246666666666667	0.38066666666666665	0.36933333333333335	0.18266666666666667	0.098	0.08333333333333333	0.08466666666666667	0.054	0.023333333333333334	0.03133333333333333	0.027333333333333334	0.02	0.006	0.004666666666666667	0.004666666666666667	0.0033333333333333335	0.002	0.0006666666666666666	0.0	0.0	0.0	0.0	0.0	0.0	0.0	0.0	0.0	0.0	0.0	0.0	0.0	0.0	0.0	0.0	0.0	0.0	0.0	0.0	0.0	0.0	0.0	0.0	0.0	0.0	0.0	0.0	0.0	0.0	0.0	0.0	0.0	0.0	0.0	0.0	0.0	0.0	0.0	
54.596666666666664	58.896	52.32933333333333	44.212	30.013333333333332	27.82133333333333	24.842	21.862666666666666	21.405333333333335	20.504666666666665	19.370666666666665	18.622	16.118666666666666	13.142666666666667	12.898666666666667	10.212	7.440666666666667	7.196	6.728666666666666	5.980666666666667	6.003333333333333	6.026666666666666	5.894666666666667	4.036666666666667	3.238	3.206	3.1013333333333333	2.29	1.0646666666666667	0.9426666666666667	1.016	0.9566666666666667	0.8046666666666666	0.8306666666666667	0.8313333333333334	0.7966666666666666	0.7093333333333334	0.6326666666666667	0.6346666666666667	0.6113333333333333	0.5366666666666666	0.43133333333333335	0.4086666666666667	0.41333333333333333	0.36666666666666664	0.19733333333333333	0.09333333333333334	0.07666666666666666	0.09466666666666666	0.059333333333333335	0.028	0.025333333333333333	0.028	0.019333333333333334	0.009333333333333334	0.004666666666666667	0.004666666666666667	0.0013333333333333333	0.0033333333333333335	0.0	0.0	0.0	0.0	0.0	0.0	0.0	0.0	0.0	0.0	0.0	0.0	0.0	0.0	0.0	0.0	0.0	0.0	0.0	0.0	0.0	0.0	0.0	0.0	0.0	0.0	0.0	0.0	0.0	0.0	0.0	0.0	0.0	0.0	0.0	0.0	0.0	0.0	0.0	0.0	
