0.01	0.5149494949494949	1.0198989898989899	1.5248484848484847	2.0297979797979795	2.5347474747474745	3.039696969696969	3.544646464646464	4.049595959595959	4.554545454545454	5.059494949494949	5.564444444444444	6.0693939393939385	6.574343434343434	7.0792929292929285	7.584242424242424	8.089191919191919	8.594141414141413	9.099090909090908	9.604040404040404	10.108989898989899	10.613939393939393	11.118888888888888	11.623838383838383	12.128787878787877	12.633737373737373	13.138686868686868	13.643636363636363	14.148585858585857	14.653535353535352	15.158484848484848	15.663434343434343	16.16838383838384	16.673333333333336	17.17828282828283	17.683232323232325	18.188181818181818	18.693131313131314	19.19808080808081	19.703030303030303	20.2079797979798	20.712929292929292	21.21787878787879	21.722828282828285	22.227777777777778	22.732727272727274	23.237676767676767	23.742626262626263	24.247575757575756	24.752525252525253	25.25747474747475	25.762424242424242	26.267373737373738	26.77232323232323	27.277272727272727	27.782222222222224	28.287171717171717	28.792121212121213	29.297070707070706	29.802020202020202	30.3069696969697	30.81191919191919	31.316868686868688	31.82181818181818	32.32676767676767	32.831717171717166	33.336666666666666	33.84161616161616	34.34656565656565	34.851515151515144	35.356464646464644	35.86141414141414	36.36636363636363	36.87131313131313	37.37626262626262	37.881212121212116	38.386161616161615	38.89111111111111	39.3960606060606	39.901010101010094	40.405959595959594	40.91090909090909	41.41585858585858	41.92080808080808	42.42575757575757	42.930707070707065	43.435656565656565	43.94060606060606	44.44555555555555	44.95050505050504	45.45545454545454	45.960404040404036	46.46535353535353	46.97030303030303	47.47525252525252	47.980202020202015	48.48515151515151	48.99010101010101	49.4950505050505	50.0	
13.615333333333334	13.885333333333334	12.402	10.63	6.984666666666667	6.41	5.904	4.968	4.76	4.754	4.402666666666667	4.3133333333333335	3.727333333333333	3.2746666666666666	3.1013333333333333	2.3546666666666667	1.6433333333333333	1.6166666666666667	1.5533333333333332	1.3193333333333332	1.3953333333333333	1.3293333333333333	1.3326666666666667	0.97	0.8046666666666666	0.7653333333333333	0.788	0.58	0.23266666666666666	0.2	0.21866666666666668	0.21533333333333332	0.21333333333333335	0.198	0.18866666666666668	0.18533333333333332	0.15066666666666667	0.14666666666666667	0.14	0.13866666666666666	0.14	0.11933333333333333	0.11666666666666667	0.09466666666666666	0.09933333333333333	0.05	0.020666666666666667	0.015333333333333332	0.016666666666666666	0.02266666666666667	0.008666666666666666	0.004	0.004666666666666667	0.004666666666666667	0.005333333333333333	0.004666666666666667	0.0006666666666666666	0.0	0.0	0.0	0.0	0.0	0.0	0.0	0.0	0.0	0.0	0.0	0.0	0.0	0.0	0.0	0.0	0.0	0.0	0.0	0.0	0.0	0.0	0.0	0.0	0.0	0.0	0.0	0.0	0.0	0.0	0.0	0.0	0.0	0.0	0.0	0.0	0.0	0.0	0.0	0.0	0.0	0.0	
13.428666666666667	13.75	12.284	10.377333333333333	6.939333333333333	6.288666666666667	5.661333333333333	4.949333333333334	4.746666666666667	4.526	4.382	4.123333333333333	3.6786666666666665	3.1486666666666667	3.1513333333333335	2.4193333333333333	1.7326666666666666	1.586	1.51	1.3193333333333332	1.3533333333333333	1.3753333333333333	1.3626666666666667	0.9606666666666667	0.8333333333333334	0.8286666666666667	0.8226666666666667	0.5773333333333334	0.23733333333333334	0.22933333333333333	0.22066666666666668	0.186	0.18733333333333332	0.19	0.17	0.192	0.16533333333333333	0.13466666666666666	0.15666666666666668	0.146	0.15	0.10933333333333334	0.108	0.124	0.082	0.05266666666666667	0.021333333333333333	0.020666666666666667	0.024666666666666667	0.009333333333333334	0.007333333333333333	0.002	0.009333333333333334	0.005333333333333333	0.0026666666666666666	0.0006666666666666666	0.002	0.0013333333333333333	0.0006666666666666666	0.0	0.0	0.0	0.0	0.0	0.0	0.0	0.0	0.0	0.0	0.0	0.0	0.0	0.0	0.0	0.0	0.0	0.0	0.0	0.0	0.0	0.0	0.0	0.0	0.0	0.0	0.0	0.0	0.0	0.0	0.0	0.0	0.0	0.0	0.0	0.0	0.0	0.0	0.0	0.0	
13.365333333333334	13.704	12.047333333333333	10.420666666666667	6.792	6.237333333333333	5.664666666666666	4.802666666666667	4.634	4.46	4.304666666666667	4.065333333333333	3.6353333333333335	3.1813333333333333	3.038666666666667	2.4506666666666668	1.6686666666666667	1.5753333333333333	1.4653333333333334	1.362	1.3206666666666667	1.3153333333333332	1.3173333333333332	0.9353333333333333	0.776	0.7633333333333333	0.7593333333333333	0.596	0.228	0.18533333333333332	0.232	0.19133333333333333	0.18866666666666668	0.18066666666666667	0.176	0.166	0.15466666666666667	0.146	0.134	0.13533333333333333	0.12	0.116	0.09733333333333333	0.10333333333333333	0.094	0.048666666666666664	0.020666666666666667	0.021333333333333333	0.02266666666666667	0.016666666666666666	0.004	0.006666666666666667	0.006666666666666667	0.0026666666666666666	0.0033333333333333335	0.0026666666666666666	0.002	0.0006666666666666666	0.0006666666666666666	0.0	0.0	0.0	0.0	0.0	0.0	0.0	0.0	0.0	0.0	0.0	0.0	0.0	0.0	0.0	0.0	0.0	0.0	0.0	0.0	0.0	0.0	0.0	0.0	0.0	0.0	0.0	0.0	0.0	0.0	0.0	0.0	0.0	0.0	0.0	0.0	0.0	0.0	0.0	0.0	
13.116	13.205333333333334	12.023333333333333	10.248666666666667	6.64	6.189333333333333	5.472666666666667	4.768666666666666	4.6706666666666665	4.422666666666666	4.190666666666667	4.081333333333333	3.492	3.1273333333333335	2.956	2.33	1.6353333333333333	1.5133333333333334	1.4433333333333334	1.3653333333333333	1.2973333333333332	1.3466666666666667	1.3133333333333332	0.8806666666666667	0.7366666666666667	0.7566666666666667	0.7713333333333333	0.5586666666666666	0.24333333333333335	0.21666666666666667	0.22266666666666668	0.21466666666666667	0.16266666666666665	0.164	0.17333333333333334	0.182	0.13733333333333334	0.15733333333333333	0.14333333333333334	0.14466666666666667	0.14333333333333334	0.10866666666666666	0.096	0.11	0.09733333333333333	0.048666666666666664	0.02666666666666667	0.021333333333333333	0.021333333333333333	0.013333333333333334	0.005333333333333333	0.0033333333333333335	0.005333333333333333	0.006666666666666667	0.002	0.0033333333333333335	0.0013333333333333333	0.0	0.0	0.0	0.0	0.0	0.0	0.0	0.0	0.0	0.0	0.0	0.0	0.0	0.0	0.0	0.0	0.0	0.0	0.0	0.0	0.0	0.0	0.0	0.0	0.0	0.0	0.0	0.0	0.0	0.0	0.0	0.0	0.0	0.0	0.0	0.0	0.0	0.0	0.0	0.0	0.0	0.0	
12.883333333333333	13.131333333333334	11.825333333333333	10.068666666666667	6.625333333333334	6.039333333333333	5.458666666666667	4.732	4.612666666666667	4.3486666666666665	4.173333333333333	3.944	3.5086666666666666	2.933333333333333	2.958666666666667	2.244666666666667	1.6553333333333333	1.5226666666666666	1.4293333333333333	1.2846666666666666	1.3186666666666667	1.2626666666666666	1.2606666666666666	0.936	0.7426666666666667	0.7626666666666667	0.7286666666666667	0.5773333333333334	0.24466666666666667	0.214	0.21733333333333332	0.184	0.17666666666666667	0.17133333333333334	0.16866666666666666	0.166	0.14933333333333335	0.136	0.126	0.12733333333333333	0.12466666666666666	0.10066666666666667	0.11133333333333334	0.09533333333333334	0.1	0.051333333333333335	0.019333333333333334	0.02	0.026	0.014	0.009333333333333334	0.006	0.01	0.006666666666666667	0.004	0.0006666666666666666	0.0013333333333333333	0.0026666666666666666	0.0	0.0	0.0	0.0	0.0	0.0	0.0	0.0	0.0	0.0	0.0	0.0	0.0	0.0	0.0	0.0	0.0	0.0	0.0	0.0	0.0	0.0	0.0	0.0	0.0	0.0	0.0	0.0	0.0	0.0	0.0	0.0	0.0	0.0	0.0	0.0	0.0	0.0	0.0	0.0	0.0	
12.783333333333333	12.938666666666666	11.824666666666667	9.895333333333333	6.601333333333334	5.953333333333333	5.439333333333333	4.696666666666666	4.4093333333333335	4.277333333333333	4.084	4.026666666666666	3.396	3.029333333333333	2.9306666666666668	2.2946666666666666	1.4846666666666666	1.5013333333333334	1.4826666666666666	1.252	1.2686666666666666	1.2893333333333334	1.178	0.896	0.7266666666666667	0.7213333333333334	0.7693333333333333	0.576	0.214	0.19333333333333333	0.20933333333333334	0.194	0.182	0.156	0.18133333333333335	0.18333333333333332	0.136	0.12533333333333332	0.14	0.13666666666666666	0.10466666666666667	0.09666666666666666	0.10933333333333334	0.09333333333333334	0.086	0.04666666666666667	0.027333333333333334	0.018666666666666668	0.019333333333333334	0.018	0.008666666666666666	0.005333333333333333	0.005333333333333333	0.005333333333333333	0.0033333333333333335	0.002	0.002	0.002	0.0006666666666666666	0.0	0.0	0.0	0.0	0.0	0.0	0.0	0.0	0.0	0.0	0.0	0.0	0.0	0.0	0.0	0.0	0.0	0.0	0.0	0.0	0.0	0.0	0.0	0.0	0.0	0.0	0.0	0.0	0.0	0.0	0.0	0.0	0.0	0.0	0.0	0.0	0.0	0.0	0.0	0.0	
12.726666666666667	12.779333333333334	11.406	9.696	6.450666666666667	5.914666666666666	5.3406666666666665	4.574	4.454	4.172666666666666	4.029333333333334	3.8313333333333333	3.3913333333333333	3.0453333333333332	2.9193333333333333	2.243333333333333	1.5433333333333332	1.5126666666666666	1.4586666666666666	1.2533333333333334	1.3233333333333333	1.2906666666666666	1.2393333333333334	0.8933333333333333	0.7433333333333333	0.7546666666666667	0.7166666666666667	0.5153333333333333	0.22733333333333333	0.20866666666666667	0.20466666666666666	0.188	0.16266666666666665	0.182	0.16933333333333334	0.16333333333333333	0.14533333333333334	0.14	0.12266666666666666	0.13733333333333334	0.13066666666666665	0.10866666666666666	0.10933333333333334	0.09333333333333334	0.09	0.050666666666666665	0.028	0.016666666666666666	0.020666666666666667	0.01	0.015333333333333332	0.008666666666666666	0.0033333333333333335	0.002	0.006	0.0	0.0013333333333333333	0.0006666666666666666	0.0013333333333333333	0.0	0.0	0.0	0.0	0.0	0.0	0.0	0.0	0.0	0.0	0.0	0.0	0.0	0.0	0.0	0.0	0.0	0.0	0.0	0.0	0.0	0.0	0.0	0.0	0.0	0.0	0.0	0.0	0.0	0.0	0.0	0.0	0.0	0.0	0.0	0.0	0.0	0.0	0.0	0.0	
12.593333333333334	12.537333333333333	11.235333333333333	9.652666666666667	6.291333333333333	5.750666666666667	5.389333333333333	4.532	4.366666666666666	4.252666666666666	3.953333333333333	3.783333333333333	3.3933333333333335	2.9113333333333333	2.8806666666666665	2.2046666666666668	1.5506666666666666	1.4226666666666667	1.42	1.2506666666666666	1.206	1.2373333333333334	1.184	0.8586666666666667	0.74	0.7173333333333334	0.7233333333333334	0.5286666666666666	0.23266666666666666	0.19066666666666668	0.192	0.20733333333333334	0.166	0.17533333333333334	0.162	0.17533333333333334	0.144	0.13466666666666666	0.14666666666666667	0.12733333333333333	0.126	0.09	0.10533333333333333	0.08933333333333333	0.07	0.054	0.034	0.02266666666666667	0.018	0.009333333333333334	0.007333333333333333	0.006666666666666667	0.006	0.006666666666666667	0.0013333333333333333	0.0006666666666666666	0.0	0.0006666666666666666	0.0006666666666666666	0.0	0.0	0.0	0.0	0.0	0.0	0.0	0.0	0.0	0.0	0.0	0.0	0.0	0.0	0.0	0.0	0.0	0.0	0.0	0.0	0.0	0.0	0.0	0.0	0.0	0.0	0.0	0.0	0.0	0.0	0.0	0.0	0.0	0.0	0.0	0.0	0.0	0.0	0.0	0.0	
12.271333333333333	12.572666666666667	11.24	9.511333333333333	6.312	5.6946666666666665	5.34	4.477333333333333	4.376666666666667	4.208	4.020666666666667	3.744666666666667	3.284	2.8713333333333333	2.7706666666666666	2.1273333333333335	1.6186666666666667	1.45	1.3713333333333333	1.2493333333333334	1.2693333333333334	1.2446666666666666	1.1926666666666668	0.842	0.722	0.6986666666666667	0.7266666666666667	0.5353333333333333	0.19866666666666666	0.172	0.18133333333333335	0.18866666666666668	0.19466666666666665	0.16733333333333333	0.17333333333333334	0.18	0.14333333333333334	0.12466666666666666	0.14266666666666666	0.136	0.126	0.09666666666666666	0.102	0.09733333333333333	0.09133333333333334	0.035333333333333335	0.021333333333333333	0.019333333333333334	0.021333333333333333	0.015333333333333332	0.008	0.006666666666666667	0.008	0.004	0.0026666666666666666	0.002	0.0013333333333333333	0.0013333333333333333	0.002	0.0	0.0	0.0	0.0	0.0	0.0	0.0	0.0	0.0	0.0	0.0	0.0	0.0	0.0	0.0	0.0	0.0	0.0	0.0	0.0	0.0	0.0	0.0	0.0	0.0	0.0	0.0	0.0	0.0	0.0	0.0	0.0	0.0	0.0	0.0	0.0	0.0	0.0	0.0	0.0	
12.176666666666666	12.386666666666667	11.051333333333334	9.594666666666667	6.180666666666666	5.601333333333334	5.1306666666666665	4.4046666666666665	4.221333333333333	4.08	3.997333333333333	3.7453333333333334	3.374	2.894	2.787333333333333	2.1273333333333335	1.4326666666666668	1.4206666666666667	1.382	1.1506666666666667	1.2726666666666666	1.2526666666666666	1.192	0.8393333333333334	0.6973333333333334	0.72	0.6746666666666666	0.498	0.21933333333333332	0.18933333333333333	0.21133333333333335	0.20333333333333334	0.17333333333333334	0.15133333333333332	0.17733333333333334	0.16533333333333333	0.13466666666666666	0.13066666666666665	0.14933333333333335	0.132	0.11466666666666667	0.08866666666666667	0.09066666666666667	0.10333333333333333	0.07733333333333334	0.048666666666666664	0.018666666666666668	0.02266666666666667	0.022	0.010666666666666666	0.007333333333333333	0.0013333333333333333	0.004	0.0033333333333333335	0.0013333333333333333	0.0013333333333333333	0.002	0.0006666666666666666	0.0	0.0	0.0	0.0	0.0	0.0	0.0	0.0	0.0	0.0	0.0	0.0	0.0	0.0	0.0	0.0	0.0	0.0	0.0	0.0	0.0	0.0	0.0	0.0	0.0	0.0	0.0	0.0	0.0	0.0	0.0	0.0	0.0	0.0	0.0	0.0	0.0	0.0	0.0	0.0	0.0	
12.011333333333333	12.156	10.911333333333333	9.350666666666667	6.146	5.678	5.074666666666666	4.330666666666667	4.168	4.152	3.820666666666667	3.7706666666666666	3.264666666666667	2.832	2.6946666666666665	2.1086666666666667	1.4906666666666666	1.4606666666666666	1.3566666666666667	1.2166666666666666	1.1806666666666668	1.2766666666666666	1.148	0.8493333333333334	0.6993333333333334	0.7046666666666667	0.7393333333333333	0.5053333333333333	0.19466666666666665	0.186	0.17733333333333334	0.17066666666666666	0.17266666666666666	0.16666666666666666	0.14133333333333334	0.15266666666666667	0.126	0.12266666666666666	0.11666666666666667	0.12133333333333333	0.12866666666666668	0.092	0.096	0.08666666666666667	0.092	0.04533333333333334	0.021333333333333333	0.013333333333333334	0.019333333333333334	0.010666666666666666	0.0026666666666666666	0.004	0.005333333333333333	0.0026666666666666666	0.0006666666666666666	0.002	0.004	0.0026666666666666666	0.0006666666666666666	0.0	0.0	0.0	0.0	0.0	0.0	0.0	0.0	0.0	0.0	0.0	0.0	0.0	0.0	0.0	0.0	0.0	0.0	0.0	0.0	0.0	0.0	0.0	0.0	0.0	0.0	0.0	0.0	0.0	0.0	0.0	0.0	0.0	0.0	0.0	0.0	0.0	0.0	0.0	0.0	
11.851333333333333	12.242	10.818	9.177333333333333	6.102	5.468	5.012666666666667	4.293333333333333	4.154	4.1033333333333335	3.804666666666667	3.6133333333333333	3.259333333333333	2.7626666666666666	2.6933333333333334	2.1293333333333333	1.4686666666666666	1.4106666666666667	1.3206666666666667	1.244	1.2193333333333334	1.158	1.1553333333333333	0.826	0.6446666666666667	0.696	0.7146666666666667	0.5253333333333333	0.202	0.196	0.18333333333333332	0.186	0.16533333333333333	0.17066666666666666	0.16533333333333333	0.15266666666666667	0.14733333333333334	0.13	0.12066666666666667	0.12866666666666668	0.10333333333333333	0.09466666666666666	0.09666666666666666	0.098	0.092	0.042	0.017333333333333333	0.023333333333333334	0.024	0.014666666666666666	0.005333333333333333	0.004666666666666667	0.004666666666666667	0.005333333333333333	0.002	0.0	0.0006666666666666666	0.0	0.0	0.0	0.0	0.0	0.0	0.0	0.0	0.0	0.0	0.0	0.0	0.0	0.0	0.0	0.0	0.0	0.0	0.0	0.0	0.0	0.0	0.0	0.0	0.0	0.0	0.0	0.0	0.0	0.0	0.0	0.0	0.0	0.0	0.0	0.0	0.0	0.0	0.0	0.0	0.0	0.0	
11.834666666666667	11.986	10.691333333333333	9.095333333333333	5.899333333333334	5.5953333333333335	5.1	4.162	4.017333333333333	3.994666666666667	3.7493333333333334	3.6146666666666665	3.1706666666666665	2.784666666666667	2.692	2.1193333333333335	1.4633333333333334	1.3866666666666667	1.3166666666666667	1.1373333333333333	1.184	1.1666666666666667	1.1773333333333333	0.844	0.71	0.7173333333333334	0.6726666666666666	0.474	0.20066666666666666	0.204	0.164	0.18	0.146	0.156	0.15333333333333332	0.152	0.15533333333333332	0.12733333333333333	0.12466666666666666	0.12066666666666667	0.12133333333333333	0.096	0.09533333333333334	0.088	0.084	0.05	0.029333333333333333	0.020666666666666667	0.018	0.009333333333333334	0.008	0.0033333333333333335	0.006	0.004	0.0013333333333333333	0.0026666666666666666	0.0006666666666666666	0.0	0.0	0.0	0.0	0.0	0.0	0.0	0.0	0.0	0.0	0.0	0.0	0.0	0.0	0.0	0.0	0.0	0.0	0.0	0.0	0.0	0.0	0.0	0.0	0.0	0.0	0.0	0.0	0.0	0.0	0.0	0.0	0.0	0.0	0.0	0.0	0.0	0.0	0.0	0.0	0.0	0.0	
11.604	11.776666666666667	10.52	9.134666666666666	6.049333333333333	5.472666666666667	5.108	4.198	4.115333333333333	3.9353333333333333	3.67	3.5686666666666667	3.1266666666666665	2.738	2.598	2.0246666666666666	1.374	1.382	1.2606666666666666	1.1946666666666668	1.172	1.188	1.1086666666666667	0.8493333333333334	0.6793333333333333	0.6773333333333333	0.7133333333333334	0.462	0.20533333333333334	0.18866666666666668	0.18133333333333335	0.18066666666666667	0.16	0.16533333333333333	0.172	0.144	0.15	0.13066666666666665	0.13466666666666666	0.124	0.12933333333333333	0.08533333333333333	0.07933333333333334	0.09866666666666667	0.076	0.04466666666666667	0.018	0.016	0.014666666666666666	0.014	0.005333333333333333	0.007333333333333333	0.0026666666666666666	0.004666666666666667	0.002	0.0006666666666666666	0.0013333333333333333	0.0026666666666666666	0.0	0.0	0.0	0.0	0.0	0.0	0.0	0.0	0.0	0.0	0.0	0.0	0.0	0.0	0.0	0.0	0.0	0.0	0.0	0.0	0.0	0.0	0.0	0.0	0.0	0.0	0.0	0.0	0.0	0.0	0.0	0.0	0.0	0.0	0.0	0.0	0.0	0.0	0.0	0.0	0.0	
11.446	11.795333333333334	10.356666666666667	8.949333333333334	5.8933333333333335	5.3613333333333335	4.8853333333333335	4.24	3.956	3.9526666666666666	3.68	3.442	3.05	2.6826666666666665	2.582	2.052	1.4566666666666668	1.4046666666666667	1.2753333333333334	1.1513333333333333	1.1506666666666667	1.1033333333333333	1.0973333333333333	0.7913333333333333	0.684	0.676	0.6773333333333333	0.48133333333333334	0.20333333333333334	0.18266666666666667	0.18333333333333332	0.17733333333333334	0.17466666666666666	0.152	0.168	0.136	0.15	0.13133333333333333	0.124	0.12666666666666668	0.112	0.10266666666666667	0.086	0.10266666666666667	0.07733333333333334	0.038	0.012	0.015333333333333332	0.022	0.012	0.005333333333333333	0.0033333333333333335	0.005333333333333333	0.0033333333333333335	0.0006666666666666666	0.0013333333333333333	0.0	0.0006666666666666666	0.0	0.0	0.0	0.0	0.0	0.0	0.0	0.0	0.0	0.0	0.0	0.0	0.0	0.0	0.0	0.0	0.0	0.0	0.0	0.0	0.0	0.0	0.0	0.0	0.0	0.0	0.0	0.0	0.0	0.0	0.0	0.0	0.0	0.0	0.0	0.0	0.0	0.0	0.0	0.0	0.0	
11.374	11.708666666666666	10.324666666666667	8.864	5.855333333333333	5.3646666666666665	4.810666666666667	4.108666666666666	3.914	3.916	3.716	3.534	3.1546666666666665	2.586	2.5846666666666667	1.9906666666666666	1.376	1.358	1.2873333333333334	1.192	1.1566666666666667	1.1313333333333333	1.1386666666666667	0.7913333333333333	0.6306666666666667	0.6766666666666666	0.6153333333333333	0.4693333333333333	0.20133333333333334	0.194	0.18466666666666667	0.16733333333333333	0.172	0.15333333333333332	0.16466666666666666	0.15533333333333332	0.14466666666666667	0.10933333333333334	0.12466666666666666	0.13133333333333333	0.11066666666666666	0.098	0.09	0.08466666666666667	0.07266666666666667	0.037333333333333336	0.02666666666666667	0.015333333333333332	0.020666666666666667	0.016666666666666666	0.004	0.006666666666666667	0.0033333333333333335	0.002	0.0013333333333333333	0.0006666666666666666	0.0026666666666666666	0.0013333333333333333	0.0	0.0	0.0	0.0	0.0	0.0	0.0	0.0	0.0	0.0	0.0	0.0	0.0	0.0	0.0	0.0	0.0	0.0	0.0	0.0	0.0	0.0	0.0	0.0	0.0	0.0	0.0	0.0	0.0	0.0	0.0	0.0	0.0	0.0	0.0	0.0	0.0	0.0	0.0	0.0	0.0	
11.373333333333333	11.660666666666666	10.324666666666667	8.866666666666667	5.802	5.296666666666667	4.818	4.068	3.994	3.826	3.5166666666666666	3.493333333333333	2.986	2.6166666666666667	2.5913333333333335	1.97	1.408	1.37	1.2833333333333334	1.16	1.1746666666666667	1.1746666666666667	1.0613333333333332	0.78	0.648	0.6993333333333334	0.6386666666666667	0.4646666666666667	0.17066666666666666	0.18266666666666667	0.18066666666666667	0.168	0.15133333333333332	0.15333333333333332	0.15533333333333332	0.136	0.118	0.10466666666666667	0.114	0.11466666666666667	0.11066666666666666	0.104	0.09266666666666666	0.086	0.07666666666666666	0.037333333333333336	0.020666666666666667	0.02666666666666667	0.020666666666666667	0.014666666666666666	0.0026666666666666666	0.012	0.008666666666666666	0.004666666666666667	0.0013333333333333333	0.0013333333333333333	0.0006666666666666666	0.0	0.0	0.0	0.0	0.0	0.0	0.0	0.0	0.0	0.0	0.0	0.0	0.0	0.0	0.0	0.0	0.0	0.0	0.0	0.0	0.0	0.0	0.0	0.0	0.0	0.0	0.0	0.0	0.0	0.0	0.0	0.0	0.0	0.0	0.0	0.0	0.0	0.0	0.0	0.0	0.0	0.0	
11.154	11.3	10.312	8.731333333333334	5.704	5.211333333333333	4.744	4.025333333333333	3.9526666666666666	3.7973333333333334	3.588	3.437333333333333	2.9793333333333334	2.517333333333333	2.6293333333333333	2.0	1.348	1.2593333333333334	1.2446666666666666	1.138	1.1053333333333333	1.094	1.0973333333333333	0.7846666666666666	0.69	0.6913333333333334	0.608	0.466	0.194	0.18666666666666668	0.16933333333333334	0.15866666666666668	0.14533333333333334	0.14466666666666667	0.14866666666666667	0.14333333333333334	0.13733333333333334	0.11066666666666666	0.122	0.10733333333333334	0.11	0.10533333333333333	0.07333333333333333	0.07333333333333333	0.07133333333333333	0.04466666666666667	0.019333333333333334	0.009333333333333334	0.020666666666666667	0.01	0.006666666666666667	0.0033333333333333335	0.004666666666666667	0.004	0.002	0.0	0.0	0.0006666666666666666	0.0006666666666666666	0.0	0.0	0.0	0.0	0.0	0.0	0.0	0.0	0.0	0.0	0.0	0.0	0.0	0.0	0.0	0.0	0.0	0.0	0.0	0.0	0.0	0.0	0.0	0.0	0.0	0.0	0.0	0.0	0.0	0.0	0.0	0.0	0.0	0.0	0.0	0.0	0.0	0.0	0.0	0.0	
11.174	11.164666666666667	10.142666666666667	8.635333333333334	5.594666666666667	5.269333333333333	4.728666666666666	4.044666666666667	3.8813333333333335	3.7346666666666666	3.516	3.3826666666666667	2.917333333333333	2.654	2.5113333333333334	1.922	1.366	1.29	1.272	1.0973333333333333	1.118	1.09	1.1	0.772	0.6773333333333333	0.6333333333333333	0.6246666666666667	0.456	0.198	0.182	0.176	0.18666666666666668	0.15666666666666668	0.14733333333333334	0.156	0.14933333333333335	0.13933333333333334	0.12133333333333333	0.11466666666666667	0.12866666666666668	0.112	0.09466666666666666	0.096	0.09466666666666666	0.07466666666666667	0.036	0.02	0.022	0.015333333333333332	0.015333333333333332	0.004	0.0033333333333333335	0.004	0.007333333333333333	0.0	0.0013333333333333333	0.0006666666666666666	0.0013333333333333333	0.0013333333333333333	0.0	0.0	0.0	0.0	0.0	0.0	0.0	0.0	0.0	0.0	0.0	0.0	0.0	0.0	0.0	0.0	0.0	0.0	0.0	0.0	0.0	0.0	0.0	0.0	0.0	0.0	0.0	0.0	0.0	0.0	0.0	0.0	0.0	0.0	0.0	0.0	0.0	0.0	0.0	0.0	
11.074	11.097333333333333	10.077333333333334	8.521333333333333	5.69	5.140666666666666	4.758	3.9093333333333335	3.8773333333333335	3.7613333333333334	3.5993333333333335	3.416	2.9673333333333334	2.6393333333333335	2.517333333333333	1.924	1.364	1.25	1.2566666666666666	1.088	1.0866666666666667	1.0906666666666667	1.0873333333333333	0.758	0.6866666666666666	0.6546666666666666	0.6333333333333333	0.4613333333333333	0.2	0.168	0.18666666666666668	0.16666666666666666	0.152	0.15	0.15	0.13666666666666666	0.12533333333333332	0.11066666666666666	0.10666666666666667	0.13	0.114	0.08133333333333333	0.08266666666666667	0.08533333333333333	0.08933333333333333	0.03666666666666667	0.012666666666666666	0.019333333333333334	0.011333333333333334	0.012	0.006666666666666667	0.004666666666666667	0.0033333333333333335	0.004666666666666667	0.004	0.0013333333333333333	0.0	0.0013333333333333333	0.0013333333333333333	0.0	0.0	0.0	0.0	0.0	0.0	0.0	0.0	0.0	0.0	0.0	0.0	0.0	0.0	0.0	0.0	0.0	0.0	0.0	0.0	0.0	0.0	0.0	0.0	0.0	0.0	0.0	0.0	0.0	0.0	0.0	0.0	0.0	0.0	0.0	0.0	0.0	0.0	0.0	0.0	
11.096	11.263333333333334	9.831333333333333	8.466	5.4366666666666665	5.082	4.562	3.922	3.7666666666666666	3.703333333333333	3.501333333333333	3.2653333333333334	2.8933333333333335	2.418	2.4686666666666666	1.864	1.3266666666666667	1.2453333333333334	1.272	1.112	1.0953333333333333	1.0873333333333333	1.1066666666666667	0.7826666666666666	0.6286666666666667	0.6413333333333333	0.624	0.4533333333333333	0.18133333333333335	0.16	0.16666666666666666	0.176	0.15666666666666668	0.14933333333333335	0.134	0.14133333333333334	0.12	0.11133333333333334	0.13466666666666666	0.11666666666666667	0.10466666666666667	0.09066666666666667	0.086	0.086	0.07733333333333334	0.03933333333333333	0.012666666666666666	0.020666666666666667	0.014666666666666666	0.008666666666666666	0.005333333333333333	0.005333333333333333	0.004	0.004666666666666667	0.0033333333333333335	0.0013333333333333333	0.0013333333333333333	0.0013333333333333333	0.0013333333333333333	0.0	0.0	0.0	0.0	0.0	0.0	0.0	0.0	0.0	0.0	0.0	0.0	0.0	0.0	0.0	0.0	0.0	0.0	0.0	0.0	0.0	0.0	0.0	0.0	0.0	0.0	0.0	0.0	0.0	0.0	0.0	0.0	0.0	0.0	0.0	0.0	0.0	0.0	0.0	0.0	
10.799333333333333	11.038666666666666	9.916	8.344	5.454666666666666	4.921333333333333	4.576666666666667	3.925333333333333	3.747333333333333	3.5966666666666667	3.4366666666666665	3.252666666666667	2.812666666666667	2.485333333333333	2.45	1.8206666666666667	1.338	1.2686666666666666	1.1973333333333334	1.098	1.0666666666666667	1.0753333333333333	1.0726666666666667	0.7246666666666667	0.6026666666666667	0.654	0.6253333333333333	0.44066666666666665	0.18533333333333332	0.16	0.19133333333333333	0.17466666666666666	0.14466666666666667	0.13	0.142	0.13466666666666666	0.12066666666666667	0.098	0.136	0.13133333333333333	0.11066666666666666	0.08	0.07666666666666666	0.06333333333333334	0.074	0.037333333333333336	0.026	0.014666666666666666	0.015333333333333332	0.012	0.004	0.004	0.004	0.004666666666666667	0.0026666666666666666	0.0	0.0006666666666666666	0.0026666666666666666	0.0	0.0	0.0	0.0	0.0	0.0	0.0	0.0	0.0	0.0	0.0	0.0	0.0	0.0	0.0	0.0	0.0	0.0	0.0	0.0	0.0	0.0	0.0	0.0	0.0	0.0	0.0	0.0	0.0	0.0	0.0	0.0	0.0	0.0	0.0	0.0	0.0	0.0	0.0	0.0	0.0	
10.772	10.853333333333333	9.724	8.376666666666667	5.392666666666667	4.955333333333333	4.55	3.834	3.678	3.66	3.376	3.3833333333333333	2.918	2.473333333333333	2.4673333333333334	1.834	1.368	1.2346666666666666	1.1353333333333333	1.018	1.1353333333333333	1.0546666666666666	1.0473333333333332	0.7913333333333333	0.6226666666666667	0.598	0.6213333333333333	0.444	0.19333333333333333	0.17866666666666667	0.164	0.154	0.15733333333333333	0.122	0.156	0.13466666666666666	0.12733333333333333	0.11466666666666667	0.13	0.10933333333333334	0.10466666666666667	0.08666666666666667	0.07533333333333334	0.09666666666666666	0.07	0.03333333333333333	0.020666666666666667	0.024	0.014	0.006	0.006666666666666667	0.0026666666666666666	0.0033333333333333335	0.004666666666666667	0.0013333333333333333	0.0006666666666666666	0.0013333333333333333	0.0013333333333333333	0.0006666666666666666	0.0	0.0	0.0	0.0	0.0	0.0	0.0	0.0	0.0	0.0	0.0	0.0	0.0	0.0	0.0	0.0	0.0	0.0	0.0	0.0	0.0	0.0	0.0	0.0	0.0	0.0	0.0	0.0	0.0	0.0	0.0	0.0	0.0	0.0	0.0	0.0	0.0	0.0	0.0	0.0	
10.554666666666666	10.980666666666666	9.636	8.231333333333334	5.435333333333333	4.976	4.515333333333333	3.8393333333333333	3.728	3.644	3.3766666666666665	3.211333333333333	2.8913333333333333	2.456	2.416	1.844	1.262	1.2326666666666666	1.2206666666666666	1.0693333333333332	1.0793333333333333	1.0746666666666667	1.082	0.7586666666666667	0.6106666666666667	0.6073333333333333	0.622	0.43066666666666664	0.192	0.16533333333333333	0.176	0.16866666666666666	0.148	0.13666666666666666	0.12533333333333332	0.15666666666666668	0.14266666666666666	0.11666666666666667	0.11	0.112	0.10133333333333333	0.06933333333333333	0.09133333333333334	0.07866666666666666	0.08133333333333333	0.04133333333333333	0.018	0.015333333333333332	0.014	0.012666666666666666	0.008	0.008	0.0033333333333333335	0.0006666666666666666	0.0006666666666666666	0.0026666666666666666	0.0026666666666666666	0.0	0.0	0.0	0.0	0.0	0.0	0.0	0.0	0.0	0.0	0.0	0.0	0.0	0.0	0.0	0.0	0.0	0.0	0.0	0.0	0.0	0.0	0.0	0.0	0.0	0.0	0.0	0.0	0.0	0.0	0.0	0.0	0.0	0.0	0.0	0.0	0.0	0.0	0.0	0.0	0.0	0.0	
10.518	10.678666666666667	9.575333333333333	8.182666666666666	5.360666666666667	4.838	4.4	3.7066666666666666	3.574	3.5153333333333334	3.4126666666666665	3.191333333333333	2.8333333333333335	2.48	2.376	1.88	1.2926666666666666	1.1926666666666668	1.1326666666666667	1.0526666666666666	0.9793333333333333	1.0913333333333333	1.014	0.7106666666666667	0.6186666666666667	0.5953333333333334	0.616	0.424	0.18133333333333335	0.18666666666666668	0.16	0.15333333333333332	0.14333333333333334	0.13733333333333334	0.13466666666666666	0.12466666666666666	0.13533333333333333	0.114	0.11666666666666667	0.112	0.10266666666666667	0.10133333333333333	0.07466666666666667	0.08733333333333333	0.074	0.034	0.018	0.020666666666666667	0.014666666666666666	0.008666666666666666	0.006	0.004666666666666667	0.005333333333333333	0.005333333333333333	0.002	0.0013333333333333333	0.0	0.0006666666666666666	0.0006666666666666666	0.0	0.0	0.0	0.0	0.0	0.0	0.0	0.0	0.0	0.0	0.0	0.0	0.0	0.0	0.0	0.0	0.0	0.0	0.0	0.0	0.0	0.0	0.0	0.0	0.0	0.0	0.0	0.0	0.0	0.0	0.0	0.0	0.0	0.0	0.0	0.0	0.0	0.0	0.0	0.0	
10.664	10.610666666666667	9.351333333333333	8.018	5.301333333333333	4.809333333333333	4.3613333333333335	3.8266666666666667	3.608	3.468	3.316	3.276666666666667	2.783333333333333	2.4226666666666667	2.3866666666666667	1.804	1.28	1.168	1.162	1.0006666666666666	1.016	1.0513333333333332	0.998	0.6706666666666666	0.578	0.6106666666666667	0.5953333333333334	0.418	0.17733333333333334	0.16666666666666666	0.16133333333333333	0.14933333333333335	0.14533333333333334	0.118	0.12933333333333333	0.13266666666666665	0.13066666666666665	0.106	0.10533333333333333	0.10933333333333334	0.10066666666666667	0.08533333333333333	0.08466666666666667	0.078	0.062	0.03666666666666667	0.019333333333333334	0.017333333333333333	0.014666666666666666	0.013333333333333334	0.004	0.0033333333333333335	0.006	0.004	0.0013333333333333333	0.0006666666666666666	0.0006666666666666666	0.0	0.0006666666666666666	0.0	0.0	0.0	0.0	0.0	0.0	0.0	0.0	0.0	0.0	0.0	0.0	0.0	0.0	0.0	0.0	0.0	0.0	0.0	0.0	0.0	0.0	0.0	0.0	0.0	0.0	0.0	0.0	0.0	0.0	0.0	0.0	0.0	0.0	0.0	0.0	0.0	0.0	0.0	0.0	
10.453333333333333	10.715333333333334	9.355333333333334	8.022666666666666	5.272666666666667	4.703333333333333	4.355333333333333	3.707333333333333	3.5613333333333332	3.452	3.275333333333333	3.1293333333333333	2.8633333333333333	2.3273333333333333	2.282	1.7606666666666666	1.2506666666666666	1.198	1.1486666666666667	1.016	1.0013333333333334	1.0306666666666666	0.976	0.7386666666666667	0.5766666666666667	0.5626666666666666	0.592	0.4093333333333333	0.194	0.176	0.178	0.164	0.152	0.14533333333333334	0.14333333333333334	0.12933333333333333	0.11666666666666667	0.11466666666666667	0.10333333333333333	0.12466666666666666	0.10066666666666667	0.09	0.08466666666666667	0.07866666666666666	0.08466666666666667	0.03133333333333333	0.016	0.016666666666666666	0.016666666666666666	0.009333333333333334	0.004666666666666667	0.004666666666666667	0.0006666666666666666	0.004	0.0013333333333333333	0.002	0.0013333333333333333	0.0	0.0	0.0	0.0	0.0	0.0	0.0	0.0	0.0	0.0	0.0	0.0	0.0	0.0	0.0	0.0	0.0	0.0	0.0	0.0	0.0	0.0	0.0	0.0	0.0	0.0	0.0	0.0	0.0	0.0	0.0	0.0	0.0	0.0	0.0	0.0	0.0	0.0	0.0	0.0	0.0	0.0	
10.230666666666666	10.376	9.282	8.012	5.190666666666667	4.8933333333333335	4.387333333333333	3.6613333333333333	3.5813333333333333	3.493333333333333	3.282	3.1586666666666665	2.812666666666667	2.462666666666667	2.288666666666667	1.7726666666666666	1.2466666666666666	1.148	1.1526666666666667	0.984	1.03	1.064	0.9906666666666667	0.6933333333333334	0.566	0.6193333333333333	0.5846666666666667	0.426	0.18266666666666667	0.17066666666666666	0.15066666666666667	0.15266666666666667	0.156	0.128	0.13133333333333333	0.15133333333333332	0.11466666666666667	0.108	0.11666666666666667	0.10733333333333334	0.084	0.08133333333333333	0.08333333333333333	0.088	0.06333333333333334	0.03266666666666666	0.021333333333333333	0.02266666666666667	0.02	0.012	0.004	0.004666666666666667	0.004	0.005333333333333333	0.0013333333333333333	0.002	0.0	0.0006666666666666666	0.0	0.0	0.0	0.0	0.0	0.0	0.0	0.0	0.0	0.0	0.0	0.0	0.0	0.0	0.0	0.0	0.0	0.0	0.0	0.0	0.0	0.0	0.0	0.0	0.0	0.0	0.0	0.0	0.0	0.0	0.0	0.0	0.0	0.0	0.0	0.0	0.0	0.0	0.0	0.0	0.0	
10.296	10.442666666666666	9.289333333333333	7.776	5.181333333333333	4.759333333333333	4.18	3.642	3.544	3.4153333333333333	3.1406666666666667	3.0766666666666667	2.7026666666666666	2.3693333333333335	2.3026666666666666	1.7153333333333334	1.258	1.2053333333333334	1.1433333333333333	0.986	1.0373333333333334	1.0253333333333334	1.0446666666666666	0.674	0.588	0.6146666666666667	0.588	0.44666666666666666	0.16533333333333333	0.16266666666666665	0.17333333333333334	0.16066666666666668	0.134	0.15333333333333332	0.12866666666666668	0.11866666666666667	0.12333333333333334	0.108	0.12666666666666668	0.09	0.10933333333333334	0.07866666666666666	0.08266666666666667	0.084	0.076	0.03933333333333333	0.019333333333333334	0.013333333333333334	0.013333333333333334	0.005333333333333333	0.006	0.002	0.005333333333333333	0.0013333333333333333	0.0013333333333333333	0.0013333333333333333	0.0006666666666666666	0.0006666666666666666	0.0	0.0	0.0	0.0	0.0	0.0	0.0	0.0	0.0	0.0	0.0	0.0	0.0	0.0	0.0	0.0	0.0	0.0	0.0	0.0	0.0	0.0	0.0	0.0	0.0	0.0	0.0	0.0	0.0	0.0	0.0	0.0	0.0	0.0	0.0	0.0	0.0	0.0	0.0	0.0	0.0	
10.268666666666666	10.385333333333334	9.155333333333333	7.8533333333333335	5.228	4.624666666666666	4.291333333333333	3.6313333333333335	3.5193333333333334	3.3786666666666667	3.2026666666666666	3.0286666666666666	2.7006666666666668	2.2933333333333334	2.296	1.7686666666666666	1.2326666666666666	1.1886666666666668	1.1593333333333333	1.0146666666666666	1.0133333333333334	1.0053333333333334	0.9986666666666667	0.74	0.5706666666666667	0.5753333333333334	0.5826666666666667	0.4246666666666667	0.17466666666666666	0.16666666666666666	0.166	0.154	0.134	0.13533333333333333	0.12466666666666666	0.13	0.12	0.106	0.10666666666666667	0.09666666666666666	0.10666666666666667	0.08533333333333333	0.08133333333333333	0.066	0.07	0.03933333333333333	0.014	0.016	0.013333333333333334	0.012	0.007333333333333333	0.002	0.0033333333333333335	0.005333333333333333	0.0006666666666666666	0.0006666666666666666	0.0013333333333333333	0.0006666666666666666	0.0	0.0	0.0	0.0	0.0	0.0	0.0	0.0	0.0	0.0	0.0	0.0	0.0	0.0	0.0	0.0	0.0	0.0	0.0	0.0	0.0	0.0	0.0	0.0	0.0	0.0	0.0	0.0	0.0	0.0	0.0	0.0	0.0	0.0	0.0	0.0	0.0	0.0	0.0	0.0	0.0	
10.166	10.202	8.938666666666666	7.852666666666667	5.022666666666667	4.658	4.206666666666667	3.638	3.4913333333333334	3.336	3.188	3.0766666666666667	2.728	2.3233333333333333	2.3193333333333332	1.8173333333333332	1.2513333333333334	1.1793333333333333	1.116	0.9786666666666667	0.99	0.9913333333333333	0.9486666666666667	0.6953333333333334	0.6066666666666667	0.5886666666666667	0.5586666666666666	0.4146666666666667	0.17466666666666666	0.16133333333333333	0.15133333333333332	0.14866666666666667	0.14866666666666667	0.134	0.12266666666666666	0.12333333333333334	0.11	0.09933333333333333	0.104	0.10733333333333334	0.10333333333333333	0.08333333333333333	0.08533333333333333	0.082	0.074	0.034666666666666665	0.013333333333333334	0.017333333333333333	0.016	0.013333333333333334	0.006	0.004666666666666667	0.0033333333333333335	0.0026666666666666666	0.0006666666666666666	0.0013333333333333333	0.0	0.0006666666666666666	0.0013333333333333333	0.0	0.0	0.0	0.0	0.0	0.0	0.0	0.0	0.0	0.0	0.0	0.0	0.0	0.0	0.0	0.0	0.0	0.0	0.0	0.0	0.0	0.0	0.0	0.0	0.0	0.0	0.0	0.0	0.0	0.0	0.0	0.0	0.0	0.0	0.0	0.0	0.0	0.0	0.0	0.0	
9.854	10.3	9.070666666666666	7.774	5.099333333333333	4.559333333333333	4.267333333333333	3.5953333333333335	3.477333333333333	3.3706666666666667	3.1	3.022	2.686	2.3113333333333332	2.1866666666666665	1.766	1.2466666666666666	1.1633333333333333	1.1333333333333333	0.9566666666666667	1.0046666666666666	0.972	0.9666666666666667	0.7013333333333334	0.6073333333333333	0.5733333333333334	0.606	0.4226666666666667	0.17266666666666666	0.172	0.148	0.16	0.128	0.134	0.12533333333333332	0.13333333333333333	0.13333333333333333	0.11133333333333334	0.10466666666666667	0.10533333333333333	0.094	0.07933333333333334	0.06333333333333334	0.07933333333333334	0.06266666666666666	0.03133333333333333	0.012666666666666666	0.015333333333333332	0.015333333333333332	0.013333333333333334	0.0033333333333333335	0.002	0.004666666666666667	0.0026666666666666666	0.0033333333333333335	0.0013333333333333333	0.0	0.0013333333333333333	0.0	0.0	0.0	0.0	0.0	0.0	0.0	0.0	0.0	0.0	0.0	0.0	0.0	0.0	0.0	0.0	0.0	0.0	0.0	0.0	0.0	0.0	0.0	0.0	0.0	0.0	0.0	0.0	0.0	0.0	0.0	0.0	0.0	0.0	0.0	0.0	0.0	0.0	0.0	0.0	0.0	
9.970666666666666	10.151333333333334	8.898	7.5873333333333335	5.084	4.612666666666667	4.123333333333333	3.6126666666666667	3.428	3.3633333333333333	3.116	2.990666666666667	2.666	2.292	2.219333333333333	1.7473333333333334	1.218	1.1493333333333333	1.09	0.9986666666666667	0.9993333333333333	0.97	0.9506666666666667	0.7026666666666667	0.594	0.5733333333333334	0.5633333333333334	0.4026666666666667	0.17733333333333334	0.15533333333333332	0.152	0.13866666666666666	0.13866666666666666	0.128	0.12466666666666666	0.13533333333333333	0.12	0.1	0.1	0.10066666666666667	0.11466666666666667	0.08666666666666667	0.07733333333333334	0.07933333333333334	0.06533333333333333	0.042666666666666665	0.018666666666666668	0.015333333333333332	0.013333333333333334	0.013333333333333334	0.005333333333333333	0.004666666666666667	0.0006666666666666666	0.004	0.002	0.0006666666666666666	0.0006666666666666666	0.0013333333333333333	0.0	0.0	0.0	0.0	0.0	0.0	0.0	0.0	0.0	0.0	0.0	0.0	0.0	0.0	0.0	0.0	0.0	0.0	0.0	0.0	0.0	0.0	0.0	0.0	0.0	0.0	0.0	0.0	0.0	0.0	0.0	0.0	0.0	0.0	0.0	0.0	0.0	0.0	0.0	0.0	0.0	
9.874	9.873333333333333	8.965333333333334	7.584	4.997333333333334	4.572666666666667	4.042	3.6286666666666667	3.3753333333333333	3.3026666666666666	3.14	2.97	2.572	2.2453333333333334	2.166	1.7366666666666666	1.1766666666666667	1.1506666666666667	1.0286666666666666	0.924	0.9506666666666667	0.9446666666666667	0.9086666666666666	0.6733333333333333	0.5653333333333334	0.5626666666666666	0.576	0.4093333333333333	0.18466666666666667	0.148	0.18066666666666667	0.16466666666666666	0.12666666666666668	0.11466666666666667	0.12466666666666666	0.13866666666666666	0.122	0.096	0.09133333333333334	0.10466666666666667	0.10266666666666667	0.08066666666666666	0.07866666666666666	0.068	0.068	0.028666666666666667	0.016	0.016666666666666666	0.013333333333333334	0.009333333333333334	0.0026666666666666666	0.0033333333333333335	0.006	0.004	0.0026666666666666666	0.0	0.0026666666666666666	0.0	0.002	0.0	0.0	0.0	0.0	0.0	0.0	0.0	0.0	0.0	0.0	0.0	0.0	0.0	0.0	0.0	0.0	0.0	0.0	0.0	0.0	0.0	0.0	0.0	0.0	0.0	0.0	0.0	0.0	0.0	0.0	0.0	0.0	0.0	0.0	0.0	0.0	0.0	0.0	0.0	0.0	
9.637333333333334	9.81	8.76	7.4126666666666665	4.92	4.464	4.044666666666667	3.5473333333333334	3.406	3.2066666666666666	3.09	2.8966666666666665	2.6413333333333333	2.18	2.144	1.6673333333333333	1.1326666666666667	1.1353333333333333	1.0926666666666667	0.9593333333333334	0.98	0.9553333333333334	0.9293333333333333	0.6613333333333333	0.568	0.5313333333333333	0.5573333333333333	0.398	0.18066666666666667	0.146	0.154	0.14466666666666667	0.12866666666666668	0.12266666666666666	0.11333333333333333	0.132	0.12066666666666667	0.088	0.09866666666666667	0.094	0.08733333333333333	0.074	0.07466666666666667	0.068	0.06733333333333333	0.03266666666666666	0.017333333333333333	0.015333333333333332	0.011333333333333334	0.01	0.004666666666666667	0.006	0.0033333333333333335	0.0033333333333333335	0.004666666666666667	0.0006666666666666666	0.0006666666666666666	0.0006666666666666666	0.0006666666666666666	0.0	0.0	0.0	0.0	0.0	0.0	0.0	0.0	0.0	0.0	0.0	0.0	0.0	0.0	0.0	0.0	0.0	0.0	0.0	0.0	0.0	0.0	0.0	0.0	0.0	0.0	0.0	0.0	0.0	0.0	0.0	0.0	0.0	0.0	0.0	0.0	0.0	0.0	0.0	0.0	
9.591333333333333	9.538666666666666	8.508	7.207333333333334	4.743333333333333	4.509333333333333	3.9566666666666666	3.402	3.226	3.162	2.9673333333333334	2.8926666666666665	2.532	2.212	2.1646666666666667	1.632	1.1813333333333333	1.1126666666666667	1.038	0.898	0.9766666666666667	0.9466666666666667	0.942	0.6886666666666666	0.5573333333333333	0.544	0.556	0.4046666666666667	0.16266666666666665	0.13666666666666666	0.13933333333333334	0.14466666666666667	0.13266666666666665	0.118	0.124	0.132	0.10466666666666667	0.10266666666666667	0.094	0.10266666666666667	0.09933333333333333	0.076	0.07	0.06333333333333334	0.07	0.029333333333333333	0.013333333333333334	0.008666666666666666	0.016666666666666666	0.009333333333333334	0.004666666666666667	0.004666666666666667	0.0033333333333333335	0.002	0.0006666666666666666	0.0006666666666666666	0.0006666666666666666	0.0013333333333333333	0.0	0.0	0.0	0.0	0.0	0.0	0.0	0.0	0.0	0.0	0.0	0.0	0.0	0.0	0.0	0.0	0.0	0.0	0.0	0.0	0.0	0.0	0.0	0.0	0.0	0.0	0.0	0.0	0.0	0.0	0.0	0.0	0.0	0.0	0.0	0.0	0.0	0.0	0.0	0.0	0.0	
9.334	9.534	8.449333333333334	7.242666666666667	4.722	4.293333333333333	3.944	3.4	3.264	3.1113333333333335	3.02	2.9346666666666668	2.514666666666667	2.1	2.102	1.6486666666666667	1.1106666666666667	1.0906666666666667	1.022	0.892	0.9373333333333334	0.9153333333333333	0.896	0.6733333333333333	0.5226666666666666	0.5133333333333333	0.502	0.38066666666666665	0.168	0.13666666666666666	0.148	0.13266666666666665	0.12333333333333334	0.12666666666666668	0.12866666666666668	0.12533333333333332	0.104	0.098	0.09533333333333334	0.104	0.10333333333333333	0.07133333333333333	0.056	0.06733333333333333	0.066	0.034	0.01	0.015333333333333332	0.011333333333333334	0.011333333333333334	0.005333333333333333	0.004	0.0013333333333333333	0.004	0.0013333333333333333	0.0006666666666666666	0.0026666666666666666	0.002	0.0	0.0	0.0	0.0	0.0	0.0	0.0	0.0	0.0	0.0	0.0	0.0	0.0	0.0	0.0	0.0	0.0	0.0	0.0	0.0	0.0	0.0	0.0	0.0	0.0	0.0	0.0	0.0	0.0	0.0	0.0	0.0	0.0	0.0	0.0	0.0	0.0	0.0	0.0	0.0	0.0	
9.328666666666667	9.398666666666667	8.374	7.144666666666667	4.628	4.26	3.928	3.318	3.218	3.0966666666666667	2.9313333333333333	2.783333333333333	2.498	2.0873333333333335	2.038666666666667	1.582	1.1226666666666667	1.0933333333333333	1.0126666666666666	0.962	0.904	0.9073333333333333	0.8773333333333333	0.6453333333333333	0.5406666666666666	0.514	0.5126666666666667	0.38266666666666665	0.15133333333333332	0.14933333333333335	0.16333333333333333	0.14733333333333334	0.13733333333333334	0.12266666666666666	0.12133333333333333	0.116	0.11466666666666667	0.10933333333333334	0.09	0.084	0.1	0.07333333333333333	0.07466666666666667	0.068	0.05	0.028	0.014	0.010666666666666666	0.016666666666666666	0.009333333333333334	0.004666666666666667	0.0013333333333333333	0.005333333333333333	0.0006666666666666666	0.0006666666666666666	0.0026666666666666666	0.0	0.0013333333333333333	0.0	0.0	0.0	0.0	0.0	0.0	0.0	0.0	0.0	0.0	0.0	0.0	0.0	0.0	0.0	0.0	0.0	0.0	0.0	0.0	0.0	0.0	0.0	0.0	0.0	0.0	0.0	0.0	0.0	0.0	0.0	0.0	0.0	0.0	0.0	0.0	0.0	0.0	0.0	0.0	0.0	
9.172	9.295333333333334	8.342	6.948	4.586	4.282666666666667	3.9393333333333334	3.194	3.118	3.0833333333333335	2.8853333333333335	2.764666666666667	2.5086666666666666	2.092	2.076	1.648	1.1073333333333333	1.0826666666666667	1.0086666666666666	0.9406666666666667	0.8933333333333333	0.9246666666666666	0.898	0.6066666666666667	0.518	0.5286666666666666	0.486	0.38066666666666665	0.14466666666666667	0.14666666666666667	0.14533333333333334	0.12533333333333332	0.12133333333333333	0.12733333333333333	0.12466666666666666	0.12533333333333332	0.10466666666666667	0.092	0.1	0.08866666666666667	0.09533333333333334	0.058666666666666666	0.07333333333333333	0.06733333333333333	0.066	0.02666666666666667	0.018666666666666668	0.011333333333333334	0.014666666666666666	0.012	0.006	0.002	0.004	0.004	0.0013333333333333333	0.0013333333333333333	0.0006666666666666666	0.0013333333333333333	0.0	0.0	0.0	0.0	0.0	0.0	0.0	0.0	0.0	0.0	0.0	0.0	0.0	0.0	0.0	0.0	0.0	0.0	0.0	0.0	0.0	0.0	0.0	0.0	0.0	0.0	0.0	0.0	0.0	0.0	0.0	0.0	0.0	0.0	0.0	0.0	0.0	0.0	0.0	0.0	0.0	
9.266	9.068666666666667	8.231333333333334	7.02	4.548	4.0873333333333335	3.7466666666666666	3.220666666666667	3.07	2.936	2.852	2.666	2.3926666666666665	2.0873333333333335	2.0473333333333334	1.6053333333333333	1.08	1.0526666666666666	1.004	0.8873333333333333	0.898	0.8946666666666667	0.886	0.6046666666666667	0.56	0.48733333333333334	0.49266666666666664	0.37066666666666664	0.13733333333333334	0.14133333333333334	0.16866666666666666	0.14133333333333334	0.11733333333333333	0.12	0.118	0.12	0.098	0.09866666666666667	0.08666666666666667	0.1	0.07533333333333334	0.072	0.066	0.06133333333333333	0.06866666666666667	0.028	0.014	0.018	0.013333333333333334	0.008	0.0006666666666666666	0.005333333333333333	0.005333333333333333	0.004	0.0006666666666666666	0.0013333333333333333	0.0	0.0013333333333333333	0.0	0.0	0.0	0.0	0.0	0.0	0.0	0.0	0.0	0.0	0.0	0.0	0.0	0.0	0.0	0.0	0.0	0.0	0.0	0.0	0.0	0.0	0.0	0.0	0.0	0.0	0.0	0.0	0.0	0.0	0.0	0.0	0.0	0.0	0.0	0.0	0.0	0.0	0.0	0.0	0.0	
9.068666666666667	9.101333333333333	8.074666666666667	6.812666666666667	4.496666666666667	4.124666666666666	3.7333333333333334	3.1126666666666667	3.029333333333333	2.969333333333333	2.762	2.6893333333333334	2.3226666666666667	2.0526666666666666	2.042666666666667	1.4833333333333334	1.072	1.0653333333333332	1.0113333333333334	0.926	0.8326666666666667	0.84	0.844	0.5986666666666667	0.52	0.5193333333333333	0.544	0.352	0.15666666666666668	0.11866666666666667	0.134	0.13133333333333333	0.134	0.12266666666666666	0.132	0.104	0.09533333333333334	0.108	0.098	0.102	0.08933333333333333	0.06666666666666667	0.07266666666666667	0.058	0.059333333333333335	0.032	0.018	0.014666666666666666	0.007333333333333333	0.012	0.004	0.005333333333333333	0.005333333333333333	0.0026666666666666666	0.0006666666666666666	0.0	0.0006666666666666666	0.0006666666666666666	0.0	0.0	0.0	0.0	0.0	0.0	0.0	0.0	0.0	0.0	0.0	0.0	0.0	0.0	0.0	0.0	0.0	0.0	0.0	0.0	0.0	0.0	0.0	0.0	0.0	0.0	0.0	0.0	0.0	0.0	0.0	0.0	0.0	0.0	0.0	0.0	0.0	0.0	0.0	0.0	0.0	
8.882	9.005333333333333	7.956	6.841333333333333	4.521333333333334	3.994666666666667	3.6173333333333333	3.1113333333333335	3.0486666666666666	2.9066666666666667	2.772666666666667	2.7426666666666666	2.3566666666666665	2.066666666666667	2.072	1.5373333333333334	1.0446666666666666	1.0153333333333334	0.9873333333333333	0.8946666666666667	0.8806666666666667	0.862	0.8113333333333334	0.626	0.498	0.49866666666666665	0.5006666666666667	0.3626666666666667	0.17	0.13866666666666666	0.14466666666666667	0.132	0.122	0.11666666666666667	0.11933333333333333	0.12933333333333333	0.11333333333333333	0.09066666666666667	0.09066666666666667	0.07933333333333334	0.08933333333333333	0.064	0.052	0.05466666666666667	0.06133333333333333	0.03266666666666666	0.011333333333333334	0.016666666666666666	0.013333333333333334	0.011333333333333334	0.0033333333333333335	0.004	0.0026666666666666666	0.002	0.002	0.0	0.0026666666666666666	0.002	0.0	0.0	0.0	0.0	0.0	0.0	0.0	0.0	0.0	0.0	0.0	0.0	0.0	0.0	0.0	0.0	0.0	0.0	0.0	0.0	0.0	0.0	0.0	0.0	0.0	0.0	0.0	0.0	0.0	0.0	0.0	0.0	0.0	0.0	0.0	0.0	0.0	0.0	0.0	0.0	0.0	
8.952	8.636	7.996	6.904	4.36	4.052	3.7006666666666668	3.114	3.0	2.966	2.707333333333333	2.646	2.404	1.946	1.9293333333333333	1.5093333333333334	1.028	1.0426666666666666	0.926	0.8673333333333333	0.8393333333333334	0.876	0.8913333333333333	0.6013333333333334	0.5133333333333333	0.5413333333333333	0.4713333333333333	0.346	0.14866666666666667	0.14533333333333334	0.14	0.14	0.12666666666666668	0.124	0.11	0.10866666666666666	0.09933333333333333	0.09533333333333334	0.092	0.096	0.07666666666666666	0.07266666666666667	0.07133333333333333	0.07	0.07133333333333333	0.030666666666666665	0.01	0.016666666666666666	0.007333333333333333	0.007333333333333333	0.004666666666666667	0.0033333333333333335	0.002	0.004666666666666667	0.0026666666666666666	0.0006666666666666666	0.0006666666666666666	0.0013333333333333333	0.0	0.0	0.0	0.0	0.0	0.0	0.0	0.0	0.0	0.0	0.0	0.0	0.0	0.0	0.0	0.0	0.0	0.0	0.0	0.0	0.0	0.0	0.0	0.0	0.0	0.0	0.0	0.0	0.0	0.0	0.0	0.0	0.0	0.0	0.0	0.0	0.0	0.0	0.0	0.0	0.0	
8.686666666666667	8.664	7.732	6.538666666666667	4.344	3.98	3.6006666666666667	3.07	2.9873333333333334	2.8353333333333333	2.69	2.644	2.203333333333333	1.9466666666666668	1.9053333333333333	1.554	1.0206666666666666	1.0333333333333334	0.9626666666666667	0.892	0.8613333333333333	0.8866666666666667	0.8093333333333333	0.5993333333333334	0.478	0.49066666666666664	0.49933333333333335	0.33866666666666667	0.144	0.108	0.13666666666666666	0.12133333333333333	0.13266666666666665	0.12733333333333333	0.12266666666666666	0.11	0.112	0.09533333333333334	0.09666666666666666	0.09266666666666666	0.08066666666666666	0.074	0.064	0.06	0.06266666666666666	0.03333333333333333	0.01	0.013333333333333334	0.011333333333333334	0.009333333333333334	0.006	0.004666666666666667	0.002	0.0033333333333333335	0.0026666666666666666	0.002	0.0	0.0	0.0	0.0	0.0	0.0	0.0	0.0	0.0	0.0	0.0	0.0	0.0	0.0	0.0	0.0	0.0	0.0	0.0	0.0	0.0	0.0	0.0	0.0	0.0	0.0	0.0	0.0	0.0	0.0	0.0	0.0	0.0	0.0	0.0	0.0	0.0	0.0	0.0	0.0	0.0	0.0	0.0	
8.834666666666667	8.644	7.86	6.620666666666667	4.291333333333333	3.922	3.5913333333333335	3.0153333333333334	2.9593333333333334	2.8333333333333335	2.728	2.5566666666666666	2.231333333333333	1.918	1.968	1.4746666666666666	1.036	1.0026666666666666	0.932	0.874	0.8013333333333333	0.88	0.8206666666666667	0.5853333333333334	0.47333333333333333	0.48533333333333334	0.5046666666666667	0.33066666666666666	0.14	0.13733333333333334	0.14266666666666666	0.134	0.10333333333333333	0.11266666666666666	0.114	0.10333333333333333	0.10333333333333333	0.082	0.08733333333333333	0.07066666666666667	0.084	0.06266666666666666	0.058666666666666666	0.064	0.048666666666666664	0.029333333333333333	0.014666666666666666	0.01	0.014666666666666666	0.007333333333333333	0.004	0.004	0.005333333333333333	0.0033333333333333335	0.0	0.0013333333333333333	0.0013333333333333333	0.0006666666666666666	0.0006666666666666666	0.0	0.0	0.0	0.0	0.0	0.0	0.0	0.0	0.0	0.0	0.0	0.0	0.0	0.0	0.0	0.0	0.0	0.0	0.0	0.0	0.0	0.0	0.0	0.0	0.0	0.0	0.0	0.0	0.0	0.0	0.0	0.0	0.0	0.0	0.0	0.0	0.0	0.0	0.0	0.0	
8.542	8.658666666666667	7.649333333333334	6.551333333333333	4.3406666666666665	3.8386666666666667	3.592	3.01	2.978666666666667	2.784	2.6306666666666665	2.5953333333333335	2.268	1.964	1.8706666666666667	1.4726666666666666	1.0406666666666666	0.9966666666666667	0.928	0.8386666666666667	0.8273333333333334	0.8013333333333333	0.83	0.6253333333333333	0.454	0.454	0.4786666666666667	0.3233333333333333	0.128	0.14333333333333334	0.12533333333333332	0.13533333333333333	0.11733333333333333	0.108	0.11333333333333333	0.114	0.10466666666666667	0.08933333333333333	0.09133333333333334	0.09866666666666667	0.07733333333333334	0.06933333333333333	0.06	0.05	0.05533333333333333	0.029333333333333333	0.010666666666666666	0.012	0.012666666666666666	0.004	0.008666666666666666	0.005333333333333333	0.005333333333333333	0.005333333333333333	0.0006666666666666666	0.0013333333333333333	0.0	0.0	0.0	0.0	0.0	0.0	0.0	0.0	0.0	0.0	0.0	0.0	0.0	0.0	0.0	0.0	0.0	0.0	0.0	0.0	0.0	0.0	0.0	0.0	0.0	0.0	0.0	0.0	0.0	0.0	0.0	0.0	0.0	0.0	0.0	0.0	0.0	0.0	0.0	0.0	0.0	0.0	0.0	
8.578	8.658666666666667	7.645333333333333	6.477333333333333	4.252666666666666	3.816	3.416	2.9713333333333334	2.874	2.824	2.7046666666666668	2.512	2.219333333333333	1.8373333333333333	1.858	1.4953333333333334	0.986	0.9213333333333333	0.9086666666666666	0.8293333333333334	0.78	0.8053333333333333	0.7913333333333333	0.5633333333333334	0.44066666666666665	0.4806666666666667	0.5026666666666667	0.3473333333333333	0.146	0.12333333333333334	0.15133333333333332	0.11466666666666667	0.10866666666666666	0.12066666666666667	0.11133333333333334	0.10733333333333334	0.09933333333333333	0.066	0.092	0.086	0.09333333333333334	0.056	0.06933333333333333	0.06933333333333333	0.058	0.035333333333333335	0.018666666666666668	0.012	0.015333333333333332	0.008666666666666666	0.0026666666666666666	0.005333333333333333	0.004	0.0026666666666666666	0.0	0.0006666666666666666	0.0013333333333333333	0.0	0.0	0.0	0.0	0.0	0.0	0.0	0.0	0.0	0.0	0.0	0.0	0.0	0.0	0.0	0.0	0.0	0.0	0.0	0.0	0.0	0.0	0.0	0.0	0.0	0.0	0.0	0.0	0.0	0.0	0.0	0.0	0.0	0.0	0.0	0.0	0.0	0.0	0.0	0.0	0.0	0.0	
8.346	8.233333333333333	7.491333333333333	6.446666666666666	4.157333333333334	3.812666666666667	3.445333333333333	3.041333333333333	2.8306666666666667	2.752666666666667	2.584	2.496	2.207333333333333	1.8593333333333333	1.812	1.376	0.9873333333333333	0.9473333333333334	0.9173333333333333	0.786	0.7953333333333333	0.8013333333333333	0.8433333333333334	0.572	0.4713333333333333	0.4666666666666667	0.4726666666666667	0.3433333333333333	0.15133333333333332	0.12733333333333333	0.12266666666666666	0.11733333333333333	0.112	0.102	0.10466666666666667	0.11266666666666666	0.10533333333333333	0.09	0.07933333333333334	0.088	0.07133333333333333	0.07333333333333333	0.056	0.068	0.048666666666666664	0.023333333333333334	0.017333333333333333	0.015333333333333332	0.016	0.004	0.0026666666666666666	0.0026666666666666666	0.002	0.0033333333333333335	0.0026666666666666666	0.0006666666666666666	0.0013333333333333333	0.0	0.0	0.0	0.0	0.0	0.0	0.0	0.0	0.0	0.0	0.0	0.0	0.0	0.0	0.0	0.0	0.0	0.0	0.0	0.0	0.0	0.0	0.0	0.0	0.0	0.0	0.0	0.0	0.0	0.0	0.0	0.0	0.0	0.0	0.0	0.0	0.0	0.0	0.0	0.0	0.0	0.0	
8.304666666666666	8.304	7.506	6.287333333333334	4.118666666666667	3.886	3.3926666666666665	2.96	2.8366666666666664	2.8426666666666667	2.542666666666667	2.5526666666666666	2.1266666666666665	1.8453333333333333	1.814	1.4486666666666668	1.002	0.954	0.9086666666666666	0.8366666666666667	0.86	0.7693333333333333	0.7666666666666667	0.5753333333333334	0.484	0.5013333333333333	0.474	0.3426666666666667	0.15866666666666668	0.134	0.134	0.12133333333333333	0.104	0.122	0.112	0.12	0.09866666666666667	0.08133333333333333	0.096	0.068	0.06933333333333333	0.05733333333333333	0.07066666666666667	0.058666666666666666	0.059333333333333335	0.028	0.010666666666666666	0.024	0.011333333333333334	0.006666666666666667	0.004666666666666667	0.004666666666666667	0.0033333333333333335	0.0033333333333333335	0.0006666666666666666	0.0013333333333333333	0.0013333333333333333	0.0	0.0	0.0	0.0	0.0	0.0	0.0	0.0	0.0	0.0	0.0	0.0	0.0	0.0	0.0	0.0	0.0	0.0	0.0	0.0	0.0	0.0	0.0	0.0	0.0	0.0	0.0	0.0	0.0	0.0	0.0	0.0	0.0	0.0	0.0	0.0	0.0	0.0	0.0	0.0	0.0	0.0	
8.234666666666667	8.225333333333333	7.271333333333334	6.282	4.102666666666667	3.6633333333333336	3.433333333333333	2.9873333333333334	2.8473333333333333	2.6893333333333334	2.509333333333333	2.4166666666666665	2.1546666666666665	1.844	1.8593333333333333	1.338	1.0026666666666666	0.9253333333333333	0.892	0.826	0.7706666666666667	0.778	0.8266666666666667	0.542	0.476	0.45066666666666666	0.4713333333333333	0.328	0.13533333333333333	0.13266666666666665	0.11666666666666667	0.12133333333333333	0.11466666666666667	0.118	0.106	0.10333333333333333	0.08733333333333333	0.078	0.08333333333333333	0.08066666666666666	0.08333333333333333	0.05733333333333333	0.06466666666666666	0.06533333333333333	0.062	0.03	0.010666666666666666	0.017333333333333333	0.012666666666666666	0.007333333333333333	0.004666666666666667	0.0013333333333333333	0.002	0.0033333333333333335	0.002	0.0013333333333333333	0.0006666666666666666	0.0013333333333333333	0.0	0.0	0.0	0.0	0.0	0.0	0.0	0.0	0.0	0.0	0.0	0.0	0.0	0.0	0.0	0.0	0.0	0.0	0.0	0.0	0.0	0.0	0.0	0.0	0.0	0.0	0.0	0.0	0.0	0.0	0.0	0.0	0.0	0.0	0.0	0.0	0.0	0.0	0.0	0.0	0.0	
8.332	8.166666666666666	7.376	6.202	4.1	3.8033333333333332	3.3153333333333332	2.9273333333333333	2.6973333333333334	2.6493333333333333	2.6346666666666665	2.4553333333333334	2.022	1.8346666666666667	1.7266666666666666	1.362	0.9793333333333333	0.952	0.9053333333333333	0.8033333333333333	0.778	0.7713333333333333	0.7566666666666667	0.562	0.45066666666666666	0.464	0.4553333333333333	0.31	0.14333333333333334	0.12666666666666668	0.142	0.12133333333333333	0.10333333333333333	0.10066666666666667	0.10066666666666667	0.11866666666666667	0.09133333333333334	0.08266666666666667	0.07666666666666666	0.07466666666666667	0.072	0.05733333333333333	0.066	0.06266666666666666	0.05533333333333333	0.025333333333333333	0.013333333333333334	0.015333333333333332	0.010666666666666666	0.009333333333333334	0.004666666666666667	0.005333333333333333	0.0033333333333333335	0.0033333333333333335	0.0013333333333333333	0.0006666666666666666	0.0006666666666666666	0.0006666666666666666	0.0006666666666666666	0.0	0.0	0.0	0.0	0.0	0.0	0.0	0.0	0.0	0.0	0.0	0.0	0.0	0.0	0.0	0.0	0.0	0.0	0.0	0.0	0.0	0.0	0.0	0.0	0.0	0.0	0.0	0.0	0.0	0.0	0.0	0.0	0.0	0.0	0.0	0.0	0.0	0.0	0.0	0.0	
8.2	8.096	7.186	6.0873333333333335	3.9953333333333334	3.6926666666666668	3.4166666666666665	2.929333333333333	2.695333333333333	2.656	2.534	2.412	2.138	1.8273333333333333	1.75	1.4006666666666667	0.9646666666666667	0.8993333333333333	0.8986666666666666	0.738	0.766	0.7586666666666667	0.7726666666666666	0.532	0.43	0.444	0.43266666666666664	0.318	0.13466666666666666	0.13133333333333333	0.108	0.11733333333333333	0.10066666666666667	0.11666666666666667	0.11533333333333333	0.09533333333333334	0.08066666666666666	0.092	0.086	0.07933333333333334	0.06466666666666666	0.072	0.059333333333333335	0.06133333333333333	0.05266666666666667	0.024	0.01	0.01	0.016666666666666666	0.010666666666666666	0.008	0.0013333333333333333	0.005333333333333333	0.005333333333333333	0.0006666666666666666	0.0006666666666666666	0.0	0.0006666666666666666	0.0006666666666666666	0.0	0.0	0.0	0.0	0.0	0.0	0.0	0.0	0.0	0.0	0.0	0.0	0.0	0.0	0.0	0.0	0.0	0.0	0.0	0.0	0.0	0.0	0.0	0.0	0.0	0.0	0.0	0.0	0.0	0.0	0.0	0.0	0.0	0.0	0.0	0.0	0.0	0.0	0.0	0.0	
7.924	8.160666666666666	7.092666666666666	6.027333333333333	3.8833333333333333	3.703333333333333	3.3073333333333332	2.8786666666666667	2.642	2.6786666666666665	2.425333333333333	2.3953333333333333	2.1426666666666665	1.756	1.7033333333333334	1.3693333333333333	0.9406666666666667	0.8993333333333333	0.8866666666666667	0.786	0.768	0.744	0.762	0.5286666666666666	0.44133333333333336	0.472	0.44066666666666665	0.3486666666666667	0.13133333333333333	0.118	0.132	0.11266666666666666	0.10666666666666667	0.10333333333333333	0.11	0.104	0.09733333333333333	0.09266666666666666	0.088	0.08133333333333333	0.09066666666666667	0.04666666666666667	0.04666666666666667	0.054	0.048666666666666664	0.02666666666666667	0.011333333333333334	0.017333333333333333	0.009333333333333334	0.008666666666666666	0.002	0.004666666666666667	0.006	0.0026666666666666666	0.0	0.0006666666666666666	0.0006666666666666666	0.0006666666666666666	0.0	0.0	0.0	0.0	0.0	0.0	0.0	0.0	0.0	0.0	0.0	0.0	0.0	0.0	0.0	0.0	0.0	0.0	0.0	0.0	0.0	0.0	0.0	0.0	0.0	0.0	0.0	0.0	0.0	0.0	0.0	0.0	0.0	0.0	0.0	0.0	0.0	0.0	0.0	0.0	0.0	
7.998	7.842	7.061333333333334	6.046	4.004	3.604	3.2346666666666666	2.755333333333333	2.6986666666666665	2.6033333333333335	2.468	2.416	2.046	1.7686666666666666	1.7	1.3293333333333333	0.952	0.8886666666666667	0.85	0.7466666666666667	0.7373333333333333	0.7866666666666666	0.7413333333333333	0.5393333333333333	0.4046666666666667	0.49466666666666664	0.436	0.3233333333333333	0.13933333333333334	0.10933333333333334	0.12333333333333334	0.11533333333333333	0.10066666666666667	0.10266666666666667	0.11333333333333333	0.094	0.09666666666666666	0.09266666666666666	0.076	0.09	0.08533333333333333	0.06133333333333333	0.048	0.054	0.054	0.026	0.01	0.014	0.01	0.004666666666666667	0.005333333333333333	0.0026666666666666666	0.006666666666666667	0.0026666666666666666	0.0013333333333333333	0.002	0.0006666666666666666	0.0006666666666666666	0.0013333333333333333	0.0	0.0	0.0	0.0	0.0	0.0	0.0	0.0	0.0	0.0	0.0	0.0	0.0	0.0	0.0	0.0	0.0	0.0	0.0	0.0	0.0	0.0	0.0	0.0	0.0	0.0	0.0	0.0	0.0	0.0	0.0	0.0	0.0	0.0	0.0	0.0	0.0	0.0	0.0	0.0	
7.753333333333333	7.942	7.051333333333333	6.048666666666667	3.8513333333333333	3.537333333333333	3.2933333333333334	2.8113333333333332	2.679333333333333	2.6273333333333335	2.46	2.3313333333333333	2.017333333333333	1.8046666666666666	1.7186666666666666	1.3346666666666667	0.9333333333333333	0.874	0.884	0.8146666666666667	0.7166666666666667	0.7513333333333333	0.7006666666666667	0.5373333333333333	0.4246666666666667	0.434	0.44	0.28933333333333333	0.13	0.1	0.122	0.10666666666666667	0.11133333333333334	0.096	0.092	0.098	0.08066666666666666	0.08933333333333333	0.07533333333333334	0.09	0.08	0.06266666666666666	0.056	0.058	0.043333333333333335	0.023333333333333334	0.012666666666666666	0.012	0.008666666666666666	0.008666666666666666	0.004	0.0013333333333333333	0.004666666666666667	0.005333333333333333	0.0013333333333333333	0.0	0.0006666666666666666	0.0	0.0	0.0	0.0	0.0	0.0	0.0	0.0	0.0	0.0	0.0	0.0	0.0	0.0	0.0	0.0	0.0	0.0	0.0	0.0	0.0	0.0	0.0	0.0	0.0	0.0	0.0	0.0	0.0	0.0	0.0	0.0	0.0	0.0	0.0	0.0	0.0	0.0	0.0	0.0	0.0	0.0	
7.921333333333333	7.816	7.034	5.833333333333333	3.8113333333333332	3.55	3.224	2.732	2.6093333333333333	2.5313333333333334	2.3346666666666667	2.3333333333333335	1.996	1.7266666666666666	1.664	1.3586666666666667	0.914	0.8726666666666667	0.8893333333333333	0.742	0.7213333333333334	0.7493333333333333	0.6853333333333333	0.512	0.44133333333333336	0.414	0.44866666666666666	0.31333333333333335	0.132	0.12533333333333332	0.12333333333333334	0.11533333333333333	0.096	0.08333333333333333	0.10066666666666667	0.088	0.09133333333333334	0.07666666666666666	0.08066666666666666	0.08	0.07	0.06466666666666666	0.059333333333333335	0.048	0.04933333333333333	0.021333333333333333	0.015333333333333332	0.013333333333333334	0.013333333333333334	0.010666666666666666	0.004666666666666667	0.0033333333333333335	0.002	0.0026666666666666666	0.0006666666666666666	0.0006666666666666666	0.0006666666666666666	0.0006666666666666666	0.0	0.0	0.0	0.0	0.0	0.0	0.0	0.0	0.0	0.0	0.0	0.0	0.0	0.0	0.0	0.0	0.0	0.0	0.0	0.0	0.0	0.0	0.0	0.0	0.0	0.0	0.0	0.0	0.0	0.0	0.0	0.0	0.0	0.0	0.0	0.0	0.0	0.0	0.0	0.0	0.0	
