0.01	0.5149494949494949	1.0198989898989899	1.5248484848484847	2.0297979797979795	2.5347474747474745	3.039696969696969	3.544646464646464	4.049595959595959	4.554545454545454	5.059494949494949	5.564444444444444	6.0693939393939385	6.574343434343434	7.0792929292929285	7.584242424242424	8.089191919191919	8.594141414141413	9.099090909090908	9.604040404040404	10.108989898989899	10.613939393939393	11.118888888888888	11.623838383838383	12.128787878787877	12.633737373737373	13.138686868686868	13.643636363636363	14.148585858585857	14.653535353535352	15.158484848484848	15.663434343434343	16.16838383838384	16.673333333333336	17.17828282828283	17.683232323232325	18.188181818181818	18.693131313131314	19.19808080808081	19.703030303030303	20.2079797979798	20.712929292929292	21.21787878787879	21.722828282828285	22.227777777777778	22.732727272727274	23.237676767676767	23.742626262626263	24.247575757575756	24.752525252525253	25.25747474747475	25.762424242424242	26.267373737373738	26.77232323232323	27.277272727272727	27.782222222222224	28.287171717171717	28.792121212121213	29.297070707070706	29.802020202020202	30.3069696969697	30.81191919191919	31.316868686868688	31.82181818181818	32.32676767676767	32.831717171717166	33.336666666666666	33.84161616161616	34.34656565656565	34.851515151515144	35.356464646464644	35.86141414141414	36.36636363636363	36.87131313131313	37.37626262626262	37.881212121212116	38.386161616161615	38.89111111111111	39.3960606060606	39.901010101010094	40.405959595959594	40.91090909090909	41.41585858585858	41.92080808080808	42.42575757575757	42.930707070707065	43.435656565656565	43.94060606060606	44.44555555555555	44.95050505050504	45.45545454545454	45.960404040404036	46.46535353535353	46.97030303030303	47.47525252525252	47.980202020202015	48.48515151515151	48.99010101010101	49.4950505050505	50.0	
7.034	4.662	3.7413333333333334	3.8706666666666667	6.568	6.511333333333333	6.311333333333334	6.252666666666666	6.255333333333334	6.212666666666666	6.0	5.698666666666667	5.357333333333333	3.688	3.1186666666666665	3.8446666666666665	4.406666666666666	4.447333333333333	4.267333333333333	3.9446666666666665	4.013333333333334	3.9713333333333334	3.9633333333333334	3.6526666666666667	3.4406666666666665	3.4206666666666665	3.5206666666666666	3.5573333333333332	3.6153333333333335	3.66	3.6026666666666665	3.514	2.8226666666666667	2.68	2.5813333333333333	2.5886666666666667	2.2346666666666666	2.005333333333333	2.088	2.0573333333333332	1.9046666666666667	1.9093333333333333	1.842	1.8713333333333333	1.796	1.7746666666666666	1.7933333333333332	1.7466666666666666	1.7513333333333334	1.67	1.5986666666666667	1.6033333333333333	1.662	1.626	1.446	1.3906666666666667	1.3893333333333333	1.3126666666666666	1.2853333333333334	1.254	1.2826666666666666	1.2673333333333334	1.1266666666666667	0.938	0.8653333333333333	0.862	0.7793333333333333	0.624	0.5026666666666667	0.5333333333333333	0.5353333333333333	0.5226666666666666	0.528	0.5166666666666667	0.5273333333333333	0.5213333333333333	0.5026666666666667	0.492	0.4613333333333333	0.476	0.4613333333333333	0.4653333333333333	0.4653333333333333	0.4713333333333333	0.412	0.412	0.408	0.4066666666666667	0.38866666666666666	0.37466666666666665	0.348	0.37466666666666665	0.426	0.3993333333333333	0.3873333333333333	0.35533333333333333	0.36	0.3353333333333333	0.32133333333333336	
6.816666666666666	4.7	3.7333333333333334	3.9026666666666667	6.278	6.494666666666666	6.173333333333333	6.116	6.048666666666667	5.992	5.852666666666667	5.778	5.304666666666667	3.562666666666667	3.0946666666666665	3.7226666666666666	4.206666666666667	4.219333333333333	4.1626666666666665	4.0	3.9273333333333333	3.9086666666666665	3.9193333333333333	3.5453333333333332	3.402	3.332666666666667	3.322	3.476	3.516	3.5353333333333334	3.5553333333333335	3.4066666666666667	2.8146666666666667	2.636	2.6153333333333335	2.52	2.25	2.0153333333333334	2.066666666666667	2.03	1.9093333333333333	1.8853333333333333	1.828	1.7846666666666666	1.7766666666666666	1.7186666666666666	1.7553333333333334	1.804	1.726	1.686	1.6066666666666667	1.586	1.5573333333333332	1.5273333333333334	1.342	1.2453333333333334	1.314	1.246	1.2393333333333334	1.2373333333333334	1.228	1.236	1.098	0.8693333333333333	0.8146666666666667	0.842	0.7486666666666667	0.64	0.556	0.532	0.5306666666666666	0.54	0.5113333333333333	0.5293333333333333	0.5013333333333333	0.49666666666666665	0.498	0.5	0.5006666666666667	0.468	0.434	0.464	0.4766666666666667	0.4513333333333333	0.434	0.36733333333333335	0.4086666666666667	0.39	0.3933333333333333	0.3913333333333333	0.39866666666666667	0.36866666666666664	0.36466666666666664	0.39	0.36666666666666664	0.3626666666666667	0.3433333333333333	0.3273333333333333	0.30133333333333334	
6.760666666666666	4.466	3.608	3.7173333333333334	6.21	6.246666666666667	5.973333333333334	6.072	6.037333333333334	5.944	5.784	5.562666666666667	5.272	3.6013333333333333	3.1033333333333335	3.6586666666666665	4.270666666666667	4.207333333333334	4.242	3.929333333333333	3.8713333333333333	3.736	3.858	3.513333333333333	3.3466666666666667	3.37	3.3273333333333333	3.526666666666667	3.5366666666666666	3.504	3.616	3.4446666666666665	2.758	2.5286666666666666	2.588	2.5926666666666667	2.226	1.9693333333333334	1.9626666666666666	1.924	1.9633333333333334	1.7406666666666666	1.7926666666666666	1.7506666666666666	1.7586666666666666	1.7	1.6933333333333334	1.702	1.648	1.6213333333333333	1.5946666666666667	1.554	1.5846666666666667	1.492	1.338	1.3013333333333332	1.312	1.27	1.2793333333333334	1.216	1.2633333333333334	1.234	1.1253333333333333	0.888	0.8126666666666666	0.7806666666666666	0.7893333333333333	0.616	0.5613333333333334	0.49	0.516	0.49133333333333334	0.47333333333333333	0.5066666666666667	0.522	0.5186666666666667	0.4633333333333333	0.45	0.44866666666666666	0.4646666666666667	0.434	0.42133333333333334	0.462	0.398	0.41733333333333333	0.38266666666666665	0.38533333333333336	0.37066666666666664	0.38	0.33866666666666667	0.3433333333333333	0.378	0.364	0.33666666666666667	0.34933333333333333	0.358	0.3413333333333333	0.32666666666666666	0.334	
6.639333333333333	4.526666666666666	3.5773333333333333	3.694	6.157333333333334	6.185333333333333	5.916	6.086666666666667	6.028	5.91	5.806666666666667	5.465333333333334	5.173333333333333	3.452	2.986666666666667	3.5926666666666667	4.182666666666667	4.092	4.006666666666667	3.8626666666666667	3.8513333333333333	3.786	3.8406666666666665	3.4473333333333334	3.2613333333333334	3.3253333333333335	3.284666666666667	3.3886666666666665	3.4633333333333334	3.456	3.458666666666667	3.36	2.598	2.509333333333333	2.476	2.574	2.168	1.9473333333333334	1.904	1.944	1.9526666666666668	1.8033333333333332	1.7706666666666666	1.7786666666666666	1.7266666666666666	1.7026666666666668	1.6233333333333333	1.72	1.6873333333333334	1.594	1.5486666666666666	1.5533333333333332	1.5406666666666666	1.448	1.3266666666666667	1.2646666666666666	1.2506666666666666	1.2773333333333334	1.2106666666666666	1.166	1.23	1.1806666666666668	1.094	0.8433333333333334	0.804	0.8266666666666667	0.7706666666666667	0.5766666666666667	0.4786666666666667	0.5286666666666666	0.4766666666666667	0.5373333333333333	0.4686666666666667	0.5106666666666667	0.472	0.49933333333333335	0.4593333333333333	0.476	0.486	0.456	0.42933333333333334	0.43133333333333335	0.43	0.426	0.40066666666666667	0.3953333333333333	0.392	0.37266666666666665	0.356	0.37866666666666665	0.38666666666666666	0.384	0.37666666666666665	0.3546666666666667	0.3426666666666667	0.35533333333333333	0.37466666666666665	0.33866666666666667	0.2846666666666667	
6.526	4.482666666666667	3.554666666666667	3.6193333333333335	6.112666666666667	6.206	5.948666666666667	5.978666666666666	5.9093333333333335	5.855333333333333	5.683333333333334	5.457333333333334	5.140666666666666	3.4353333333333333	3.0533333333333332	3.496	4.12	4.145333333333333	4.011333333333333	3.8253333333333335	3.7426666666666666	3.7826666666666666	3.7253333333333334	3.3473333333333333	3.244666666666667	3.1786666666666665	3.2146666666666666	3.3113333333333332	3.4433333333333334	3.506	3.3753333333333333	3.3053333333333335	2.691333333333333	2.4833333333333334	2.517333333333333	2.528	2.215333333333333	1.9273333333333333	1.9153333333333333	1.996	1.868	1.7773333333333334	1.722	1.7433333333333334	1.728	1.722	1.6713333333333333	1.7026666666666668	1.682	1.6206666666666667	1.4573333333333334	1.5186666666666666	1.5473333333333332	1.4346666666666668	1.32	1.31	1.2713333333333334	1.2193333333333334	1.1946666666666668	1.246	1.1633333333333333	1.1493333333333333	1.052	0.852	0.8293333333333334	0.7913333333333333	0.7866666666666666	0.614	0.5173333333333333	0.5093333333333333	0.506	0.49	0.476	0.5366666666666666	0.49866666666666665	0.4766666666666667	0.454	0.448	0.49	0.456	0.46066666666666667	0.43533333333333335	0.444	0.44666666666666666	0.396	0.39866666666666667	0.38533333333333336	0.37666666666666665	0.366	0.35333333333333333	0.36666666666666664	0.37	0.366	0.3426666666666667	0.37	0.36666666666666664	0.32666666666666666	0.3293333333333333	0.30333333333333334	
6.4366666666666665	4.35	3.533333333333333	3.606	5.95	6.0	5.740666666666667	5.841333333333333	5.784	5.592666666666666	5.5633333333333335	5.425333333333334	5.137333333333333	3.4246666666666665	2.9186666666666667	3.484	4.0906666666666665	3.972	3.9546666666666668	3.67	3.666	3.731333333333333	3.6526666666666667	3.2893333333333334	3.171333333333333	3.1813333333333333	3.208666666666667	3.2573333333333334	3.3866666666666667	3.3033333333333332	3.37	3.1893333333333334	2.6893333333333334	2.47	2.461333333333333	2.3933333333333335	2.1433333333333335	1.8973333333333333	1.898	1.8973333333333333	1.842	1.766	1.6486666666666667	1.6833333333333333	1.722	1.6246666666666667	1.638	1.676	1.6506666666666667	1.562	1.5466666666666666	1.45	1.4906666666666666	1.436	1.2773333333333334	1.2933333333333332	1.232	1.214	1.1646666666666667	1.1666666666666667	1.2233333333333334	1.1466666666666667	0.9953333333333333	0.8813333333333333	0.7586666666666667	0.8266666666666667	0.716	0.588	0.4846666666666667	0.4826666666666667	0.5	0.504	0.484	0.458	0.502	0.4786666666666667	0.4633333333333333	0.4553333333333333	0.4553333333333333	0.466	0.45866666666666667	0.43333333333333335	0.4186666666666667	0.4186666666666667	0.37066666666666664	0.37	0.374	0.35133333333333333	0.3893333333333333	0.37466666666666665	0.34933333333333333	0.372	0.3393333333333333	0.3413333333333333	0.3446666666666667	0.33866666666666667	0.3433333333333333	0.32266666666666666	0.282	
6.484	4.298	3.3873333333333333	3.59	5.92	5.978666666666666	5.7973333333333334	5.783333333333333	5.646	5.645333333333333	5.460666666666667	5.343333333333334	4.908666666666667	3.42	2.8906666666666667	3.584	3.96	4.008666666666667	3.964	3.683333333333333	3.496	3.5866666666666664	3.6586666666666665	3.384	3.2346666666666666	3.1146666666666665	3.1286666666666667	3.191333333333333	3.3626666666666667	3.296666666666667	3.3133333333333335	3.216666666666667	2.6173333333333333	2.3946666666666667	2.4066666666666667	2.4186666666666667	2.1173333333333333	1.8733333333333333	1.878	1.894	1.8186666666666667	1.6613333333333333	1.7033333333333334	1.664	1.6493333333333333	1.5966666666666667	1.5546666666666666	1.586	1.626	1.5873333333333333	1.5393333333333334	1.5226666666666666	1.494	1.3886666666666667	1.182	1.224	1.196	1.22	1.1766666666666667	1.1946666666666668	1.176	1.1786666666666668	1.0506666666666666	0.8473333333333334	0.7966666666666666	0.8193333333333334	0.6706666666666666	0.5833333333333334	0.5006666666666667	0.4666666666666667	0.486	0.5013333333333333	0.51	0.484	0.49533333333333335	0.47933333333333333	0.428	0.464	0.4826666666666667	0.42933333333333334	0.41333333333333333	0.43666666666666665	0.428	0.422	0.35533333333333333	0.356	0.36533333333333334	0.368	0.3506666666666667	0.362	0.39266666666666666	0.31	0.3526666666666667	0.3473333333333333	0.3406666666666667	0.2946666666666667	0.326	0.32066666666666666	0.286	
6.113333333333333	4.281333333333333	3.486666666666667	3.5286666666666666	5.742	5.879333333333333	5.720666666666666	5.698	5.704	5.664	5.4446666666666665	5.184666666666667	4.849333333333333	3.3466666666666667	2.914	3.3573333333333335	3.996	3.9446666666666665	3.784	3.6013333333333333	3.6133333333333333	3.6106666666666665	3.676	3.2186666666666666	3.0813333333333333	3.1506666666666665	3.1273333333333335	3.13	3.328	3.352	3.296666666666667	3.188	2.4306666666666668	2.484	2.4146666666666667	2.2986666666666666	2.142	1.8473333333333333	1.812	1.8013333333333332	1.8386666666666667	1.6146666666666667	1.6286666666666667	1.6446666666666667	1.7253333333333334	1.6606666666666667	1.5473333333333332	1.5733333333333333	1.5806666666666667	1.5046666666666666	1.498	1.4713333333333334	1.4853333333333334	1.4466666666666668	1.2533333333333334	1.1153333333333333	1.1653333333333333	1.1713333333333333	1.1593333333333333	1.132	1.128	1.114	1.0386666666666666	0.8266666666666667	0.7806666666666666	0.7453333333333333	0.724	0.582	0.506	0.47733333333333333	0.47	0.444	0.46266666666666667	0.478	0.49	0.4533333333333333	0.43266666666666664	0.44666666666666666	0.42866666666666664	0.43933333333333335	0.44333333333333336	0.42	0.444	0.44866666666666666	0.382	0.354	0.37	0.348	0.344	0.368	0.344	0.3446666666666667	0.34	0.33	0.31266666666666665	0.318	0.33	0.31666666666666665	0.29	
6.1	4.1386666666666665	3.36	3.5326666666666666	5.664	5.712666666666666	5.500666666666667	5.610666666666667	5.53	5.402	5.220666666666666	5.122	4.8213333333333335	3.2986666666666666	2.748666666666667	3.4	3.8433333333333333	3.9146666666666667	3.743333333333333	3.578666666666667	3.6213333333333333	3.602	3.530666666666667	3.243333333333333	3.078666666666667	3.088	3.056	3.1853333333333333	3.279333333333333	3.287333333333333	3.2466666666666666	3.096	2.482666666666667	2.352	2.3466666666666667	2.3506666666666667	1.9826666666666666	1.8293333333333333	1.792	1.8326666666666667	1.788	1.6833333333333333	1.6126666666666667	1.6493333333333333	1.6513333333333333	1.6	1.5793333333333333	1.5346666666666666	1.4906666666666666	1.516	1.446	1.4686666666666666	1.412	1.3893333333333333	1.228	1.1353333333333333	1.1853333333333333	1.2326666666666666	1.1746666666666667	1.154	1.0993333333333333	1.102	1.0026666666666666	0.8433333333333334	0.73	0.7546666666666667	0.7126666666666667	0.5766666666666667	0.5313333333333333	0.44466666666666665	0.4846666666666667	0.4693333333333333	0.48933333333333334	0.4653333333333333	0.49	0.4766666666666667	0.43933333333333335	0.4266666666666667	0.416	0.438	0.42733333333333334	0.40066666666666667	0.3973333333333333	0.4033333333333333	0.4073333333333333	0.3466666666666667	0.36333333333333334	0.35933333333333334	0.32666666666666666	0.3313333333333333	0.33866666666666667	0.35533333333333333	0.328	0.36733333333333335	0.33666666666666667	0.30733333333333335	0.32866666666666666	0.288	0.2886666666666667	
6.1066666666666665	4.052666666666667	3.203333333333333	3.4246666666666665	5.6706666666666665	5.788	5.542666666666666	5.597333333333333	5.478666666666666	5.442	5.358	5.120666666666667	4.742666666666667	3.242	2.794	3.2626666666666666	3.8946666666666667	3.888	3.744666666666667	3.554	3.486	3.5713333333333335	3.4713333333333334	3.1306666666666665	2.9726666666666666	2.99	3.026666666666667	3.029333333333333	3.2186666666666666	3.2026666666666666	3.204	3.0233333333333334	2.504	2.4	2.292	2.247333333333333	1.9706666666666666	1.784	1.782	1.7593333333333334	1.742	1.6526666666666667	1.6306666666666667	1.6546666666666667	1.596	1.5726666666666667	1.5346666666666666	1.532	1.5826666666666667	1.5566666666666666	1.4766666666666666	1.4486666666666668	1.428	1.44	1.1466666666666667	1.2533333333333334	1.184	1.1706666666666667	1.188	1.092	1.14	1.1506666666666667	0.9846666666666667	0.832	0.786	0.7533333333333333	0.7053333333333334	0.552	0.49266666666666664	0.466	0.45866666666666667	0.456	0.464	0.456	0.4693333333333333	0.43466666666666665	0.406	0.4266666666666667	0.43533333333333335	0.452	0.416	0.4013333333333333	0.4013333333333333	0.392	0.3953333333333333	0.348	0.32	0.3546666666666667	0.34933333333333333	0.3433333333333333	0.3453333333333333	0.344	0.36533333333333334	0.338	0.3273333333333333	0.33	0.3373333333333333	0.296	0.29333333333333333	
6.032	4.1033333333333335	3.262	3.434	5.6433333333333335	5.655333333333333	5.548	5.528666666666667	5.488666666666667	5.356	5.228	5.054666666666667	4.702	3.2226666666666666	2.6866666666666665	3.264	3.778	3.816666666666667	3.588	3.4246666666666665	3.4873333333333334	3.4113333333333333	3.3373333333333335	3.232	2.978666666666667	3.009333333333333	3.002666666666667	3.0773333333333333	3.0873333333333335	3.1433333333333335	3.21	3.1246666666666667	2.472	2.3033333333333332	2.2986666666666666	2.26	1.998	1.78	1.7753333333333334	1.79	1.7086666666666666	1.5793333333333333	1.5406666666666666	1.6113333333333333	1.5393333333333334	1.542	1.46	1.5693333333333332	1.52	1.524	1.3966666666666667	1.4413333333333334	1.394	1.3746666666666667	1.2113333333333334	1.088	1.152	1.1313333333333333	1.1433333333333333	1.11	1.0906666666666667	1.0513333333333332	0.9973333333333333	0.814	0.7693333333333333	0.766	0.6766666666666666	0.536	0.4646666666666667	0.48333333333333334	0.4573333333333333	0.4693333333333333	0.4573333333333333	0.44866666666666666	0.4146666666666667	0.462	0.44466666666666665	0.41533333333333333	0.4053333333333333	0.43933333333333335	0.38066666666666665	0.394	0.4053333333333333	0.37533333333333335	0.37666666666666665	0.3486666666666667	0.31533333333333335	0.342	0.3526666666666667	0.32466666666666666	0.326	0.3446666666666667	0.31866666666666665	0.322	0.3486666666666667	0.3313333333333333	0.32	0.304	0.276	
6.074	4.069333333333334	3.291333333333333	3.3306666666666667	5.614	5.578	5.4046666666666665	5.408666666666667	5.339333333333333	5.196	5.086	4.9	4.734666666666667	3.187333333333333	2.707333333333333	3.2746666666666666	3.854	3.766	3.68	3.457333333333333	3.3773333333333335	3.4166666666666665	3.5	3.1133333333333333	3.0086666666666666	2.981333333333333	2.9566666666666666	2.9526666666666666	3.1806666666666668	3.1446666666666667	3.13	2.9593333333333334	2.493333333333333	2.296	2.27	2.216666666666667	1.968	1.832	1.79	1.7753333333333334	1.7633333333333334	1.6146666666666667	1.528	1.5326666666666666	1.5773333333333333	1.5473333333333332	1.536	1.5006666666666666	1.5406666666666666	1.3966666666666667	1.3693333333333333	1.382	1.3613333333333333	1.32	1.2026666666666668	1.1666666666666667	1.1413333333333333	1.15	1.0946666666666667	1.1006666666666667	1.0613333333333332	1.1093333333333333	0.9746666666666667	0.742	0.7113333333333334	0.742	0.694	0.5726666666666667	0.4646666666666667	0.47333333333333333	0.448	0.45266666666666666	0.4493333333333333	0.428	0.45	0.43533333333333335	0.4046666666666667	0.4066666666666667	0.43	0.422	0.4	0.356	0.386	0.406	0.386	0.3506666666666667	0.3426666666666667	0.3353333333333333	0.3406666666666667	0.318	0.32133333333333336	0.33066666666666666	0.32066666666666666	0.34	0.312	0.326	0.304	0.2986666666666667	0.2966666666666667	
5.8613333333333335	3.892	3.1886666666666668	3.2666666666666666	5.418	5.518666666666666	5.388	5.352	5.278666666666667	5.218666666666667	5.065333333333333	4.810666666666667	4.524666666666667	3.1513333333333335	2.712	3.192	3.7146666666666666	3.782	3.6093333333333333	3.4226666666666667	3.318	3.288	3.3426666666666667	3.041333333333333	2.9553333333333334	2.9526666666666666	2.8953333333333333	3.005333333333333	3.062666666666667	3.0526666666666666	3.1646666666666667	2.984	2.3866666666666667	2.2293333333333334	2.247333333333333	2.1633333333333336	1.8726666666666667	1.748	1.7313333333333334	1.7466666666666666	1.6506666666666667	1.5846666666666667	1.5993333333333333	1.5466666666666666	1.5593333333333332	1.5386666666666666	1.5066666666666666	1.4666666666666666	1.486	1.3706666666666667	1.3933333333333333	1.36	1.3646666666666667	1.2893333333333334	1.2113333333333334	1.156	1.1446666666666667	1.1486666666666667	1.0926666666666667	1.0173333333333334	1.066	1.0866666666666667	0.9893333333333333	0.7513333333333333	0.7246666666666667	0.7386666666666667	0.6406666666666667	0.57	0.468	0.43866666666666665	0.464	0.434	0.43133333333333335	0.434	0.434	0.414	0.388	0.404	0.42133333333333334	0.38466666666666666	0.396	0.37066666666666664	0.37533333333333335	0.36466666666666664	0.35133333333333333	0.334	0.32466666666666666	0.32466666666666666	0.31	0.31933333333333336	0.31933333333333336	0.32466666666666666	0.316	0.31133333333333335	0.314	0.30733333333333335	0.30866666666666664	0.2833333333333333	0.27	
5.790666666666667	3.812666666666667	3.1333333333333333	3.1766666666666667	5.518666666666666	5.3853333333333335	5.218666666666667	5.206	5.171333333333333	5.2026666666666666	5.168	4.864	4.553333333333334	3.1246666666666667	2.671333333333333	3.1986666666666665	3.7046666666666668	3.7586666666666666	3.502666666666667	3.3666666666666667	3.271333333333333	3.3	3.3646666666666665	3.025333333333333	2.892	2.9366666666666665	2.9366666666666665	3.0353333333333334	3.022666666666667	3.108	3.0866666666666664	2.8753333333333333	2.275333333333333	2.254	2.2173333333333334	2.2253333333333334	1.878	1.738	1.6853333333333333	1.7273333333333334	1.6486666666666667	1.5726666666666667	1.47	1.5266666666666666	1.5026666666666666	1.5066666666666666	1.4866666666666666	1.4953333333333334	1.5026666666666666	1.4246666666666667	1.3373333333333333	1.342	1.338	1.3126666666666666	1.114	1.0993333333333333	1.1266666666666667	1.0866666666666667	1.0486666666666666	1.0486666666666666	1.0573333333333332	1.0326666666666666	0.9673333333333334	0.7586666666666667	0.7026666666666667	0.7006666666666667	0.698	0.5666666666666667	0.448	0.44333333333333336	0.486	0.45066666666666666	0.4053333333333333	0.44266666666666665	0.4086666666666667	0.4086666666666667	0.4086666666666667	0.37133333333333335	0.414	0.42866666666666664	0.402	0.388	0.374	0.374	0.3586666666666667	0.3333333333333333	0.3393333333333333	0.336	0.338	0.3313333333333333	0.30533333333333335	0.316	0.3373333333333333	0.32266666666666666	0.29133333333333333	0.30733333333333335	0.3006666666666667	0.3	0.25733333333333336	
5.645333333333333	3.884	3.13	3.231333333333333	5.467333333333333	5.427333333333333	5.200666666666667	5.265333333333333	5.066	5.182	5.025333333333333	4.81	4.444	3.0453333333333332	2.6033333333333335	3.066	3.694	3.6313333333333335	3.5566666666666666	3.3886666666666665	3.322	3.3406666666666665	3.280666666666667	3.0446666666666666	2.8053333333333335	2.8133333333333335	2.872	2.8893333333333335	3.034	3.036	3.0946666666666665	2.906	2.320666666666667	2.247333333333333	2.2426666666666666	2.11	1.8253333333333333	1.6353333333333333	1.6366666666666667	1.74	1.632	1.522	1.5213333333333334	1.496	1.5266666666666666	1.4133333333333333	1.3993333333333333	1.4673333333333334	1.4913333333333334	1.3433333333333333	1.358	1.326	1.2753333333333334	1.32	1.148	1.094	1.118	1.0986666666666667	1.05	1.0566666666666666	1.022	1.062	0.94	0.7813333333333333	0.732	0.7493333333333333	0.6666666666666666	0.542	0.472	0.44866666666666666	0.41	0.44533333333333336	0.458	0.426	0.4106666666666667	0.3993333333333333	0.41533333333333333	0.404	0.414	0.4033333333333333	0.3913333333333333	0.35933333333333334	0.382	0.368	0.3506666666666667	0.3473333333333333	0.328	0.31266666666666665	0.33466666666666667	0.2966666666666667	0.32133333333333336	0.322	0.3233333333333333	0.31933333333333336	0.312	0.354	0.2926666666666667	0.2833333333333333	0.292	
5.610666666666667	3.9546666666666668	3.082666666666667	3.192	5.338	5.396	5.096	5.207333333333334	5.128	4.982	4.926666666666667	4.77	4.49	3.002	2.5753333333333335	3.108	3.632	3.5766666666666667	3.468	3.2906666666666666	3.264666666666667	3.2953333333333332	3.2453333333333334	3.0246666666666666	2.866	2.892	2.9033333333333333	2.8426666666666667	2.996	2.9766666666666666	3.0033333333333334	2.779333333333333	2.2986666666666666	2.1933333333333334	2.1266666666666665	2.126	1.8793333333333333	1.714	1.6853333333333333	1.6693333333333333	1.5646666666666667	1.5073333333333334	1.5313333333333334	1.508	1.4966666666666666	1.4486666666666668	1.4066666666666667	1.424	1.4866666666666666	1.3533333333333333	1.3673333333333333	1.284	1.3086666666666666	1.2233333333333334	1.1713333333333333	1.0933333333333333	1.0786666666666667	1.1126666666666667	1.062	0.996	1.036	1.0146666666666666	0.8846666666666667	0.7446666666666667	0.664	0.75	0.6606666666666666	0.508	0.44466666666666665	0.44266666666666665	0.41733333333333333	0.412	0.462	0.42333333333333334	0.4573333333333333	0.41133333333333333	0.43	0.4106666666666667	0.38	0.4246666666666667	0.39866666666666667	0.356	0.37266666666666665	0.38266666666666665	0.35	0.314	0.324	0.328	0.326	0.312	0.29	0.32066666666666666	0.30866666666666664	0.306	0.30933333333333335	0.324	0.296	0.30466666666666664	0.26	
5.667333333333334	3.800666666666667	3.0113333333333334	3.1786666666666665	5.193333333333333	5.224	5.136666666666667	5.187333333333333	4.998	4.974666666666667	4.865333333333333	4.6433333333333335	4.486	2.9753333333333334	2.5813333333333333	3.0193333333333334	3.602	3.466	3.47	3.255333333333333	3.3333333333333335	3.171333333333333	3.214	2.9606666666666666	2.764	2.814	2.8106666666666666	2.8526666666666665	3.002	2.9886666666666666	2.9226666666666667	2.82	2.3893333333333335	2.224	2.156	2.0766666666666667	1.8593333333333333	1.638	1.6553333333333333	1.6753333333333333	1.61	1.522	1.4366666666666668	1.4706666666666666	1.4893333333333334	1.4173333333333333	1.384	1.4133333333333333	1.4513333333333334	1.3853333333333333	1.3246666666666667	1.3013333333333332	1.2553333333333334	1.2726666666666666	1.098	1.1073333333333333	1.112	1.068	1.066	1.0446666666666666	0.988	1.008	0.864	0.706	0.702	0.7146666666666667	0.624	0.5186666666666667	0.43933333333333335	0.4053333333333333	0.44466666666666665	0.448	0.4266666666666667	0.444	0.432	0.434	0.378	0.37266666666666665	0.4106666666666667	0.362	0.38466666666666666	0.364	0.362	0.342	0.3606666666666667	0.32466666666666666	0.2946666666666667	0.336	0.31466666666666665	0.29733333333333334	0.298	0.30266666666666664	0.31933333333333336	0.2826666666666667	0.29933333333333334	0.29933333333333334	0.2846666666666667	0.278	0.256	
5.6386666666666665	3.864	3.002666666666667	3.192	5.218666666666667	5.255333333333334	5.022666666666667	5.212	5.201333333333333	4.905333333333333	4.818666666666667	4.5793333333333335	4.434	2.9193333333333333	2.6446666666666667	3.009333333333333	3.529333333333333	3.4553333333333334	3.366	3.244666666666667	3.219333333333333	3.2293333333333334	3.1366666666666667	2.8726666666666665	2.828	2.7613333333333334	2.7853333333333334	2.8613333333333335	2.954	2.9013333333333335	2.984	2.8253333333333335	2.2946666666666666	2.1306666666666665	2.0973333333333333	2.1266666666666665	1.8186666666666667	1.6393333333333333	1.698	1.634	1.572	1.508	1.4753333333333334	1.5446666666666666	1.4506666666666668	1.42	1.4226666666666667	1.3733333333333333	1.42	1.3653333333333333	1.3153333333333332	1.3073333333333332	1.2926666666666666	1.2213333333333334	1.1106666666666667	1.0426666666666666	1.0213333333333334	1.062	1.0353333333333334	0.9646666666666667	1.0633333333333332	0.9906666666666667	0.876	0.6873333333333334	0.658	0.692	0.6546666666666666	0.47533333333333333	0.4066666666666667	0.4613333333333333	0.43466666666666665	0.43133333333333335	0.42333333333333334	0.396	0.424	0.39266666666666666	0.3973333333333333	0.378	0.378	0.368	0.37	0.362	0.4033333333333333	0.358	0.3526666666666667	0.31333333333333335	0.31533333333333335	0.284	0.31533333333333335	0.294	0.2733333333333333	0.30866666666666664	0.30333333333333334	0.318	0.32266666666666666	0.25266666666666665	0.2806666666666667	0.2886666666666667	0.25466666666666665	
5.537333333333334	3.695333333333333	2.9313333333333333	3.0573333333333332	5.0633333333333335	5.233333333333333	5.0473333333333334	5.056	5.012666666666667	4.883333333333334	4.876	4.625333333333334	4.17	2.9426666666666668	2.476	2.982	3.550666666666667	3.461333333333333	3.4053333333333335	3.1846666666666668	3.278	3.0813333333333333	3.204	2.844	2.7533333333333334	2.7133333333333334	2.862	2.748666666666667	2.9993333333333334	2.984	2.8586666666666667	2.8673333333333333	2.1886666666666668	2.050666666666667	2.134	2.037333333333333	1.7546666666666666	1.63	1.6266666666666667	1.6373333333333333	1.6366666666666667	1.4866666666666666	1.4373333333333334	1.45	1.47	1.412	1.3893333333333333	1.4473333333333334	1.448	1.296	1.2273333333333334	1.28	1.3066666666666666	1.178	1.0806666666666667	1.1006666666666667	1.0206666666666666	1.0266666666666666	0.9833333333333333	0.992	0.9866666666666667	0.994	0.936	0.748	0.696	0.656	0.6246666666666667	0.482	0.42533333333333334	0.43866666666666665	0.41933333333333334	0.414	0.41533333333333333	0.44333333333333336	0.384	0.434	0.36666666666666664	0.37533333333333335	0.37133333333333335	0.3973333333333333	0.374	0.3233333333333333	0.33266666666666667	0.35333333333333333	0.3546666666666667	0.294	0.324	0.30333333333333334	0.3273333333333333	0.31733333333333336	0.2946666666666667	0.2806666666666667	0.296	0.28933333333333333	0.30866666666666664	0.2866666666666667	0.31333333333333335	0.276	0.23933333333333334	
5.470666666666666	3.72	2.8913333333333333	3.017333333333333	5.054	5.040666666666667	4.874666666666666	4.952	4.899333333333334	4.730666666666667	4.781333333333333	4.532666666666667	4.284666666666666	2.8833333333333333	2.534	2.986	3.5533333333333332	3.425333333333333	3.3373333333333335	3.1513333333333335	3.18	3.1293333333333333	3.1513333333333335	2.766	2.716666666666667	2.63	2.718	2.7853333333333334	2.8466666666666667	2.944	2.896	2.836	2.252	2.0486666666666666	2.1346666666666665	2.058	1.8046666666666666	1.692	1.614	1.622	1.51	1.478	1.4246666666666667	1.4233333333333333	1.394	1.3553333333333333	1.388	1.352	1.3646666666666667	1.2766666666666666	1.3426666666666667	1.2613333333333334	1.3106666666666666	1.198	1.08	1.0073333333333334	1.064	1.1026666666666667	1.0766666666666667	0.9706666666666667	0.9446666666666667	0.96	0.912	0.7286666666666667	0.6666666666666666	0.65	0.6213333333333333	0.528	0.4266666666666667	0.43133333333333335	0.446	0.408	0.44133333333333336	0.44333333333333336	0.4093333333333333	0.3873333333333333	0.38866666666666666	0.3566666666666667	0.3893333333333333	0.3526666666666667	0.34	0.3566666666666667	0.338	0.3586666666666667	0.324	0.33	0.29533333333333334	0.2853333333333333	0.2926666666666667	0.27466666666666667	0.29	0.29533333333333334	0.33	0.284	0.284	0.278	0.2793333333333333	0.2813333333333333	0.256	
5.464	3.702	2.854	2.96	4.942666666666667	5.096	4.912	4.838	4.8213333333333335	4.848	4.658666666666667	4.490666666666667	4.195333333333333	2.8706666666666667	2.4353333333333333	2.957333333333333	3.4446666666666665	3.372	3.332666666666667	3.062666666666667	3.076	3.088	3.0966666666666667	2.751333333333333	2.6586666666666665	2.6446666666666667	2.726	2.7306666666666666	2.8146666666666667	2.822	2.866	2.7413333333333334	2.192	2.082	2.138	2.0166666666666666	1.7566666666666666	1.5546666666666666	1.6233333333333333	1.5486666666666666	1.518	1.4306666666666668	1.3826666666666667	1.4686666666666666	1.4633333333333334	1.3926666666666667	1.3986666666666667	1.4026666666666667	1.3566666666666667	1.3366666666666667	1.2466666666666666	1.24	1.2593333333333334	1.228	1.1153333333333333	1.0233333333333334	1.0266666666666666	1.0346666666666666	0.98	1.0133333333333334	0.956	0.9826666666666667	0.892	0.696	0.684	0.682	0.6133333333333333	0.5093333333333333	0.39466666666666667	0.432	0.406	0.42133333333333334	0.392	0.3953333333333333	0.4026666666666667	0.406	0.37933333333333336	0.3953333333333333	0.36	0.38	0.36866666666666664	0.36933333333333335	0.344	0.3606666666666667	0.3446666666666667	0.32066666666666666	0.296	0.29933333333333334	0.304	0.2833333333333333	0.32266666666666666	0.27666666666666667	0.30133333333333334	0.2673333333333333	0.29533333333333334	0.288	0.30133333333333334	0.2853333333333333	0.22533333333333333	
5.364	3.678	2.8793333333333333	2.9566666666666666	4.948	5.045333333333334	4.835333333333334	4.874666666666666	4.8646666666666665	4.732666666666667	4.5633333333333335	4.351333333333334	4.173333333333333	2.84	2.386	2.8973333333333335	3.3906666666666667	3.300666666666667	3.2946666666666666	2.992	3.146	3.088	3.08	2.764666666666667	2.546666666666667	2.596	2.6553333333333335	2.638	2.798	2.8173333333333335	2.808666666666667	2.734	2.2453333333333334	2.058	2.114	2.036	1.7766666666666666	1.608	1.532	1.5446666666666666	1.5053333333333334	1.464	1.4493333333333334	1.3293333333333333	1.4066666666666667	1.408	1.312	1.3713333333333333	1.362	1.27	1.2233333333333334	1.2066666666666668	1.212	1.1673333333333333	1.0666666666666667	1.024	1.0393333333333334	1.0053333333333334	0.998	0.926	0.958	0.9826666666666667	0.824	0.6726666666666666	0.6606666666666666	0.6793333333333333	0.638	0.47333333333333333	0.43	0.4246666666666667	0.38	0.3973333333333333	0.38533333333333336	0.388	0.402	0.4106666666666667	0.358	0.3626666666666667	0.36733333333333335	0.36533333333333334	0.3526666666666667	0.3506666666666667	0.3253333333333333	0.36	0.32266666666666666	0.30266666666666664	0.302	0.306	0.30866666666666664	0.292	0.29	0.2826666666666667	0.2806666666666667	0.2846666666666667	0.282	0.28	0.2946666666666667	0.258	0.26066666666666666	
5.271333333333334	3.5793333333333335	2.8613333333333335	2.9886666666666666	4.918	4.94	4.769333333333333	4.854666666666667	4.819333333333334	4.676	4.620666666666667	4.366	4.172666666666666	2.762	2.4546666666666668	2.8566666666666665	3.3406666666666665	3.3113333333333332	3.2453333333333334	3.052	3.032	3.046666666666667	3.0606666666666666	2.8553333333333333	2.574	2.6393333333333335	2.6206666666666667	2.7533333333333334	2.764	2.8453333333333335	2.744666666666667	2.692	2.0946666666666665	1.9613333333333334	2.029333333333333	1.9726666666666666	1.69	1.546	1.566	1.5313333333333334	1.514	1.4053333333333333	1.378	1.3826666666666667	1.368	1.3586666666666667	1.3353333333333333	1.3186666666666667	1.3066666666666666	1.3133333333333332	1.2693333333333334	1.2306666666666666	1.2166666666666666	1.192	1.0866666666666667	1.0066666666666666	1.066	0.9866666666666667	0.9606666666666667	0.926	0.9433333333333334	0.9866666666666667	0.8393333333333334	0.7033333333333334	0.642	0.6426666666666667	0.5986666666666667	0.456	0.4226666666666667	0.426	0.42533333333333334	0.388	0.41133333333333333	0.38333333333333336	0.37866666666666665	0.39266666666666666	0.35733333333333334	0.3913333333333333	0.35333333333333333	0.38133333333333336	0.35133333333333333	0.3473333333333333	0.3406666666666667	0.324	0.324	0.2853333333333333	0.2886666666666667	0.30133333333333334	0.29333333333333333	0.27466666666666667	0.28	0.274	0.2853333333333333	0.28	0.262	0.26466666666666666	0.2773333333333333	0.24933333333333332	0.25666666666666665	
5.228666666666666	3.486	2.804666666666667	2.9313333333333333	4.824	4.939333333333333	4.802	4.732666666666667	4.726	4.624	4.57	4.351333333333334	4.094666666666667	2.7746666666666666	2.4206666666666665	2.760666666666667	3.3386666666666667	3.259333333333333	3.124	2.976	2.9686666666666666	2.965333333333333	2.9346666666666668	2.7226666666666666	2.64	2.6166666666666667	2.5446666666666666	2.7093333333333334	2.7933333333333334	2.7066666666666666	2.7493333333333334	2.682	2.1286666666666667	1.9906666666666666	2.002	1.9486666666666668	1.7413333333333334	1.5026666666666666	1.5526666666666666	1.486	1.5506666666666666	1.4066666666666667	1.42	1.3733333333333333	1.372	1.3593333333333333	1.3206666666666667	1.3293333333333333	1.3393333333333333	1.2773333333333334	1.184	1.1326666666666667	1.2486666666666666	1.1026666666666667	1.0233333333333334	1.0046666666666666	0.98	1.0	0.99	0.9286666666666666	0.958	0.8586666666666667	0.8186666666666667	0.7226666666666667	0.596	0.628	0.59	0.4786666666666667	0.4166666666666667	0.372	0.382	0.38666666666666666	0.3873333333333333	0.3953333333333333	0.364	0.384	0.368	0.38	0.37866666666666665	0.376	0.36466666666666664	0.3506666666666667	0.33066666666666666	0.314	0.32266666666666666	0.30733333333333335	0.2906666666666667	0.304	0.2846666666666667	0.266	0.2926666666666667	0.26866666666666666	0.294	0.246	0.2826666666666667	0.30466666666666664	0.2653333333333333	0.2613333333333333	0.23666666666666666	
5.264666666666667	3.468	2.808	2.8773333333333335	4.85	4.975333333333333	4.5953333333333335	4.733333333333333	4.726666666666667	4.622	4.576	4.306666666666667	4.038	2.7466666666666666	2.3966666666666665	2.739333333333333	3.3426666666666667	3.3886666666666665	3.2253333333333334	2.94	2.91	2.9886666666666666	2.9006666666666665	2.6526666666666667	2.586	2.554666666666667	2.544	2.6846666666666668	2.6946666666666665	2.708666666666667	2.756666666666667	2.682	2.124	2.036	2.0246666666666666	1.9873333333333334	1.6613333333333333	1.574	1.536	1.5053333333333334	1.492	1.4246666666666667	1.406	1.4006666666666667	1.3726666666666667	1.356	1.3006666666666666	1.3266666666666667	1.2506666666666666	1.2653333333333334	1.2133333333333334	1.2026666666666668	1.1893333333333334	1.0926666666666667	0.9973333333333333	0.9786666666666667	1.014	1.008	0.928	0.944	0.926	0.9133333333333333	0.8393333333333334	0.7346666666666667	0.6306666666666667	0.616	0.594	0.4886666666666667	0.40066666666666667	0.426	0.4033333333333333	0.414	0.38066666666666665	0.38333333333333336	0.36666666666666664	0.378	0.406	0.3626666666666667	0.3606666666666667	0.33266666666666667	0.36533333333333334	0.37466666666666665	0.31933333333333336	0.34933333333333333	0.304	0.286	0.296	0.2926666666666667	0.30533333333333335	0.2813333333333333	0.2853333333333333	0.25666666666666665	0.2613333333333333	0.262	0.26266666666666666	0.2853333333333333	0.2733333333333333	0.246	0.234	
5.168	3.4486666666666665	2.6906666666666665	2.8273333333333333	4.8406666666666665	4.874	4.5873333333333335	4.715333333333334	4.584666666666666	4.558	4.511333333333333	4.319333333333334	4.020666666666667	2.752	2.3486666666666665	2.8053333333333335	3.3253333333333335	3.175333333333333	3.154	2.978666666666667	2.906	2.933333333333333	2.862	2.6666666666666665	2.546666666666667	2.4833333333333334	2.5686666666666667	2.606	2.784666666666667	2.656	2.716666666666667	2.606	2.142	1.922	1.9453333333333334	1.9233333333333333	1.7053333333333334	1.492	1.512	1.5033333333333334	1.466	1.3606666666666667	1.286	1.3313333333333333	1.3486666666666667	1.2833333333333334	1.278	1.3066666666666666	1.3013333333333332	1.2633333333333334	1.222	1.2053333333333334	1.1986666666666668	1.1893333333333334	1.0406666666666666	1.0166666666666666	1.0	0.996	0.9146666666666666	0.9166666666666666	0.946	0.9333333333333333	0.848	0.6893333333333334	0.6113333333333333	0.6166666666666667	0.6	0.48733333333333334	0.388	0.4053333333333333	0.382	0.4106666666666667	0.364	0.356	0.3933333333333333	0.37466666666666665	0.358	0.384	0.3506666666666667	0.31533333333333335	0.3473333333333333	0.352	0.33266666666666667	0.3253333333333333	0.30533333333333335	0.29733333333333334	0.27	0.284	0.284	0.292	0.28	0.2753333333333333	0.32666666666666666	0.2806666666666667	0.266	0.25466666666666665	0.25933333333333336	0.2906666666666667	0.23266666666666666	
5.181333333333333	3.4186666666666667	2.748	2.917333333333333	4.772666666666667	4.739333333333334	4.562666666666667	4.641333333333334	4.658666666666667	4.626666666666667	4.464666666666667	4.302666666666667	3.992	2.736666666666667	2.3133333333333335	2.7426666666666666	3.144	3.234	3.1893333333333334	2.8993333333333333	2.91	2.985333333333333	2.902	2.656	2.47	2.501333333333333	2.546	2.5366666666666666	2.675333333333333	2.723333333333333	2.724666666666667	2.5973333333333333	2.1233333333333335	1.9633333333333334	1.9146666666666667	1.8926666666666667	1.7333333333333334	1.526	1.486	1.542	1.41	1.4	1.3713333333333333	1.3573333333333333	1.2966666666666666	1.2986666666666666	1.2866666666666666	1.3266666666666667	1.2606666666666666	1.252	1.198	1.1653333333333333	1.2073333333333334	1.0933333333333333	0.9933333333333333	0.9833333333333333	0.9653333333333334	0.9713333333333334	0.94	0.918	0.9613333333333334	0.9293333333333333	0.7893333333333333	0.7013333333333334	0.6493333333333333	0.5806666666666667	0.5513333333333333	0.46066666666666667	0.42	0.3933333333333333	0.386	0.39	0.36666666666666664	0.3606666666666667	0.374	0.37066666666666664	0.35333333333333333	0.36333333333333334	0.38266666666666665	0.374	0.3426666666666667	0.33066666666666666	0.33	0.32466666666666666	0.288	0.33	0.2886666666666667	0.256	0.294	0.27	0.302	0.282	0.2926666666666667	0.27666666666666667	0.258	0.262	0.25466666666666665	0.25133333333333335	0.22466666666666665	
5.029333333333334	3.308	2.752	2.894	4.606	4.642	4.515333333333333	4.634	4.484	4.406	4.35	4.1353333333333335	3.85	2.64	2.2946666666666666	2.7413333333333334	3.1293333333333333	3.1593333333333335	3.054666666666667	2.925333333333333	2.8593333333333333	2.838	2.884	2.6246666666666667	2.442	2.457333333333333	2.474666666666667	2.5793333333333335	2.6553333333333335	2.6273333333333335	2.6	2.57	2.1326666666666667	1.9286666666666668	1.8986666666666667	1.8853333333333333	1.68	1.518	1.512	1.5086666666666666	1.4213333333333333	1.3453333333333333	1.356	1.338	1.3206666666666667	1.2693333333333334	1.2233333333333334	1.3026666666666666	1.2446666666666666	1.2086666666666666	1.1253333333333333	1.1613333333333333	1.15	1.1233333333333333	0.976	0.9806666666666667	0.9253333333333333	0.97	0.9593333333333334	0.918	0.9273333333333333	0.8753333333333333	0.816	0.6986666666666667	0.6026666666666667	0.63	0.5606666666666666	0.4686666666666667	0.41933333333333334	0.39466666666666667	0.388	0.39666666666666667	0.4013333333333333	0.37333333333333335	0.39066666666666666	0.38133333333333336	0.3293333333333333	0.344	0.32866666666666666	0.3333333333333333	0.33866666666666667	0.3333333333333333	0.318	0.336	0.31133333333333335	0.29133333333333333	0.2826666666666667	0.2833333333333333	0.2733333333333333	0.266	0.28	0.27	0.24866666666666667	0.27266666666666667	0.244	0.27266666666666667	0.28	0.248	0.21133333333333335	
5.03	3.35	2.6586666666666665	2.806	4.741333333333333	4.718	4.498666666666667	4.577333333333334	4.405333333333333	4.423333333333333	4.42	4.222666666666667	3.898	2.7346666666666666	2.304666666666667	2.736	3.3066666666666666	3.142	2.9846666666666666	2.894	2.8873333333333333	2.882	2.878	2.5686666666666667	2.433333333333333	2.529333333333333	2.4726666666666666	2.5273333333333334	2.616	2.634	2.6046666666666667	2.5446666666666666	1.9746666666666666	1.888	1.8933333333333333	1.882	1.7266666666666666	1.4733333333333334	1.4673333333333334	1.4993333333333334	1.4133333333333333	1.3766666666666667	1.322	1.3386666666666667	1.3193333333333332	1.274	1.226	1.272	1.2593333333333334	1.2213333333333334	1.2066666666666668	1.1553333333333333	1.174	1.1373333333333333	1.0093333333333334	0.9533333333333334	0.9586666666666667	0.9753333333333334	0.884	0.954	0.8966666666666666	0.8973333333333333	0.8046666666666666	0.644	0.6406666666666667	0.5993333333333334	0.5866666666666667	0.43666666666666665	0.37933333333333336	0.4086666666666667	0.3873333333333333	0.36333333333333334	0.36666666666666664	0.38333333333333336	0.36	0.35	0.3353333333333333	0.328	0.35933333333333334	0.32466666666666666	0.33666666666666667	0.334	0.31866666666666665	0.33266666666666667	0.30266666666666664	0.2773333333333333	0.292	0.292	0.24733333333333332	0.288	0.248	0.2733333333333333	0.27	0.26666666666666666	0.272	0.24533333333333332	0.25333333333333335	0.26066666666666666	0.21333333333333335	
4.884	3.2986666666666666	2.666	2.7106666666666666	4.468666666666667	4.666666666666667	4.505333333333334	4.534666666666666	4.425333333333334	4.308666666666666	4.342	4.169333333333333	3.8306666666666667	2.6233333333333335	2.2613333333333334	2.652	3.1553333333333335	3.198	3.098	2.8793333333333333	2.8253333333333335	2.918	2.83	2.6446666666666667	2.4846666666666666	2.476	2.46	2.6206666666666667	2.6733333333333333	2.6506666666666665	2.572	2.5313333333333334	2.0286666666666666	1.8906666666666667	1.9126666666666667	1.898	1.7153333333333334	1.4686666666666666	1.4213333333333333	1.452	1.4413333333333334	1.3093333333333332	1.336	1.322	1.2853333333333334	1.2726666666666666	1.226	1.2266666666666666	1.2606666666666666	1.19	1.2153333333333334	1.1613333333333333	1.168	1.076	0.968	0.932	1.0313333333333334	0.928	0.8886666666666667	0.87	0.9073333333333333	0.864	0.8246666666666667	0.6166666666666667	0.5906666666666667	0.6306666666666667	0.5753333333333334	0.43466666666666665	0.358	0.376	0.38666666666666666	0.38133333333333336	0.35933333333333334	0.38333333333333336	0.396	0.392	0.35333333333333333	0.348	0.33066666666666666	0.354	0.32266666666666666	0.3233333333333333	0.3446666666666667	0.33866666666666667	0.30733333333333335	0.30666666666666664	0.29733333333333334	0.292	0.2886666666666667	0.26866666666666666	0.27266666666666667	0.2733333333333333	0.26266666666666666	0.296	0.27266666666666667	0.26066666666666666	0.2753333333333333	0.256	0.23	
4.916666666666667	3.3426666666666667	2.66	2.682	4.679333333333333	4.631333333333333	4.484	4.469333333333333	4.428	4.426	4.228	4.1706666666666665	3.978	2.5946666666666665	2.1893333333333334	2.676	3.1226666666666665	3.0633333333333335	3.0313333333333334	2.8706666666666667	2.8473333333333333	2.836	2.8726666666666665	2.55	2.449333333333333	2.3826666666666667	2.408	2.4466666666666668	2.5853333333333333	2.676	2.667333333333333	2.5073333333333334	2.018666666666667	1.8933333333333333	1.936	1.884	1.5873333333333333	1.3966666666666667	1.4693333333333334	1.4453333333333334	1.4053333333333333	1.2993333333333332	1.2913333333333334	1.2973333333333332	1.2766666666666666	1.2733333333333334	1.2873333333333334	1.2226666666666666	1.2426666666666666	1.1953333333333334	1.1773333333333333	1.1253333333333333	1.1666666666666667	1.026	1.048	0.8953333333333333	0.934	0.9153333333333333	0.8846666666666667	0.93	0.8973333333333333	0.9073333333333333	0.7826666666666666	0.668	0.584	0.588	0.5653333333333334	0.44333333333333336	0.36	0.382	0.36933333333333335	0.376	0.37733333333333335	0.378	0.35533333333333333	0.3526666666666667	0.3586666666666667	0.362	0.36866666666666664	0.3353333333333333	0.3293333333333333	0.30533333333333335	0.31066666666666665	0.31466666666666665	0.29	0.2886666666666667	0.2673333333333333	0.278	0.2793333333333333	0.31066666666666665	0.2786666666666667	0.2653333333333333	0.26666666666666666	0.25533333333333336	0.26066666666666666	0.22133333333333333	0.2733333333333333	0.2753333333333333	0.22333333333333333	
4.903333333333333	3.268	2.5993333333333335	2.636	4.57	4.506666666666667	4.441333333333334	4.482666666666667	4.387333333333333	4.288666666666667	4.244666666666666	4.062	3.7993333333333332	2.6373333333333333	2.218	2.624	3.1593333333333335	3.026	2.9686666666666666	2.7973333333333334	2.78	2.808	2.804666666666667	2.5513333333333335	2.421333333333333	2.3973333333333335	2.465333333333333	2.4486666666666665	2.5473333333333334	2.5673333333333335	2.554	2.510666666666667	2.0193333333333334	1.9106666666666667	1.8453333333333333	1.7866666666666666	1.6286666666666667	1.3766666666666667	1.378	1.45	1.4246666666666667	1.2753333333333334	1.2986666666666666	1.2686666666666666	1.2846666666666666	1.2413333333333334	1.234	1.2266666666666666	1.1473333333333333	1.1666666666666667	1.182	1.1566666666666667	1.0886666666666667	1.09	0.954	0.938	0.8966666666666666	0.886	0.9213333333333333	0.9073333333333333	0.8486666666666667	0.894	0.7646666666666667	0.652	0.6053333333333333	0.5986666666666667	0.5526666666666666	0.4533333333333333	0.35533333333333333	0.352	0.376	0.37066666666666664	0.3546666666666667	0.36666666666666664	0.35933333333333334	0.36466666666666664	0.34	0.36933333333333335	0.322	0.318	0.3353333333333333	0.3233333333333333	0.33066666666666666	0.276	0.28733333333333333	0.2673333333333333	0.268	0.25933333333333336	0.2786666666666667	0.2773333333333333	0.2613333333333333	0.2633333333333333	0.22466666666666665	0.2846666666666667	0.252	0.25266666666666665	0.24733333333333332	0.23733333333333334	0.21466666666666667	
4.832	3.1393333333333335	2.5886666666666667	2.6326666666666667	4.372	4.608666666666666	4.408666666666667	4.498666666666667	4.347333333333333	4.244666666666666	4.317333333333333	4.018	3.933333333333333	2.582	2.1986666666666665	2.6506666666666665	3.072	3.1386666666666665	2.974	2.776666666666667	2.764	2.752	2.7746666666666666	2.516	2.434	2.4753333333333334	2.4053333333333335	2.4273333333333333	2.5193333333333334	2.509333333333333	2.552	2.5033333333333334	1.9446666666666668	1.8526666666666667	1.8213333333333332	1.8013333333333332	1.584	1.4646666666666666	1.406	1.442	1.3473333333333333	1.2726666666666666	1.2813333333333334	1.3153333333333332	1.276	1.2426666666666666	1.1886666666666668	1.2246666666666666	1.202	1.1726666666666667	1.1453333333333333	1.084	1.08	1.064	0.9673333333333334	0.9073333333333333	0.9366666666666666	0.9593333333333334	0.9213333333333333	0.8473333333333334	0.9093333333333333	0.8593333333333333	0.7853333333333333	0.616	0.5706666666666667	0.582	0.574	0.454	0.3893333333333333	0.358	0.368	0.368	0.37866666666666665	0.34933333333333333	0.37666666666666665	0.36533333333333334	0.322	0.3233333333333333	0.3426666666666667	0.346	0.324	0.326	0.29333333333333333	0.30466666666666664	0.31933333333333336	0.274	0.26266666666666666	0.2866666666666667	0.2633333333333333	0.26466666666666666	0.30733333333333335	0.2653333333333333	0.256	0.26866666666666666	0.25266666666666665	0.248	0.248	0.226	0.24133333333333334	
4.810666666666667	3.179333333333333	2.532	2.624	4.415333333333334	4.443333333333333	4.255333333333334	4.382	4.3	4.229333333333333	4.109333333333334	3.904	3.718	2.582666666666667	2.124	2.5813333333333333	3.0286666666666666	3.018	2.978666666666667	2.6633333333333336	2.739333333333333	2.7146666666666666	2.6246666666666667	2.458666666666667	2.3793333333333333	2.314	2.296	2.3553333333333333	2.4766666666666666	2.489333333333333	2.5526666666666666	2.428	1.9693333333333334	1.832	1.758	1.776	1.5686666666666667	1.3413333333333333	1.4233333333333333	1.3953333333333333	1.33	1.2406666666666666	1.2753333333333334	1.2486666666666666	1.224	1.2466666666666666	1.204	1.1893333333333334	1.2333333333333334	1.158	1.074	1.1306666666666667	1.0726666666666667	1.0606666666666666	0.902	0.9146666666666666	0.894	0.8886666666666667	0.9066666666666666	0.8806666666666667	0.888	0.8786666666666667	0.768	0.6193333333333333	0.594	0.578	0.5193333333333333	0.41533333333333333	0.3526666666666667	0.37066666666666664	0.356	0.3253333333333333	0.34933333333333333	0.3506666666666667	0.33	0.3586666666666667	0.336	0.32	0.36133333333333334	0.31933333333333336	0.32866666666666666	0.3	0.31066666666666665	0.32266666666666666	0.31666666666666665	0.2813333333333333	0.254	0.24666666666666667	0.27266666666666667	0.2653333333333333	0.256	0.2693333333333333	0.25466666666666665	0.26666666666666666	0.23666666666666666	0.246	0.25066666666666665	0.23666666666666666	0.20866666666666667	
4.6193333333333335	3.162	2.48	2.7006666666666668	4.382666666666666	4.357333333333333	4.136666666666667	4.150666666666667	4.212	4.121333333333333	3.962	3.9473333333333334	3.6213333333333333	2.4806666666666666	2.167333333333333	2.494	2.985333333333333	2.958666666666667	2.898	2.708	2.684	2.686	2.668	2.4086666666666665	2.36	2.3353333333333333	2.3466666666666667	2.3593333333333333	2.462666666666667	2.508	2.4766666666666666	2.4013333333333335	1.904	1.816	1.7506666666666666	1.756	1.5146666666666666	1.3626666666666667	1.4153333333333333	1.3873333333333333	1.3346666666666667	1.2206666666666666	1.2546666666666666	1.2993333333333332	1.2726666666666666	1.214	1.14	1.1533333333333333	1.2326666666666666	1.1	1.1333333333333333	1.078	1.09	1.0226666666666666	0.96	0.8873333333333333	0.9206666666666666	0.9226666666666666	0.8573333333333333	0.894	0.8966666666666666	0.856	0.7053333333333334	0.6006666666666667	0.524	0.5533333333333333	0.5126666666666667	0.442	0.3506666666666667	0.364	0.35133333333333333	0.3586666666666667	0.3526666666666667	0.3473333333333333	0.3426666666666667	0.332	0.30866666666666664	0.3426666666666667	0.30533333333333335	0.3253333333333333	0.29733333333333334	0.31066666666666665	0.312	0.30533333333333335	0.2633333333333333	0.2886666666666667	0.25	0.2866666666666667	0.268	0.264	0.25933333333333336	0.238	0.25133333333333335	0.25866666666666666	0.252	0.26466666666666666	0.244	0.22066666666666668	0.20533333333333334	
4.710666666666667	3.1213333333333333	2.45	2.6073333333333335	4.209333333333333	4.242	4.220666666666666	4.268	4.116666666666666	4.077333333333334	4.040666666666667	3.8953333333333333	3.594	2.4346666666666668	2.0713333333333335	2.512	2.9673333333333334	2.8606666666666665	2.8726666666666665	2.676	2.6613333333333333	2.707333333333333	2.628	2.406	2.266	2.3573333333333335	2.1766666666666667	2.304666666666667	2.485333333333333	2.4126666666666665	2.432	2.252666666666667	1.8833333333333333	1.71	1.7726666666666666	1.682	1.5326666666666666	1.3446666666666667	1.3313333333333333	1.3193333333333332	1.3313333333333333	1.23	1.204	1.1806666666666668	1.1946666666666668	1.172	1.192	1.1673333333333333	1.15	1.102	1.0826666666666667	1.0133333333333334	1.0566666666666666	0.9846666666666667	0.94	0.9046666666666666	0.8726666666666667	0.8846666666666667	0.8446666666666667	0.8193333333333334	0.848	0.798	0.7606666666666667	0.5806666666666667	0.554	0.57	0.5126666666666667	0.41133333333333333	0.348	0.35533333333333333	0.3446666666666667	0.336	0.326	0.37266666666666665	0.3233333333333333	0.31933333333333336	0.31466666666666665	0.31266666666666665	0.33266666666666667	0.314	0.2806666666666667	0.2786666666666667	0.2946666666666667	0.29533333333333334	0.2653333333333333	0.24066666666666667	0.24866666666666667	0.24466666666666667	0.272	0.24733333333333332	0.25933333333333336	0.246	0.23866666666666667	0.24466666666666667	0.25266666666666665	0.25533333333333336	0.226	0.21466666666666667	0.2	
4.57	3.058666666666667	2.4566666666666666	2.5	4.248	4.332	4.122	4.136	4.089333333333333	3.9966666666666666	4.02	3.8033333333333332	3.534666666666667	2.3406666666666665	2.1186666666666665	2.518666666666667	2.9246666666666665	2.8586666666666667	2.824	2.6433333333333335	2.522666666666667	2.59	2.5946666666666665	2.306	2.266	2.279333333333333	2.2173333333333334	2.328666666666667	2.3993333333333333	2.366	2.4033333333333333	2.256666666666667	1.8433333333333333	1.726	1.7633333333333334	1.7073333333333334	1.5073333333333334	1.336	1.3473333333333333	1.3426666666666667	1.27	1.204	1.2433333333333334	1.2173333333333334	1.2146666666666666	1.192	1.1313333333333333	1.136	1.1453333333333333	1.1313333333333333	1.06	1.0393333333333334	1.0766666666666667	1.0253333333333334	0.892	0.8526666666666667	0.8846666666666667	0.8673333333333333	0.8213333333333334	0.8453333333333334	0.796	0.8393333333333334	0.7453333333333333	0.5673333333333334	0.5466666666666666	0.5353333333333333	0.512	0.396	0.354	0.36	0.332	0.348	0.3446666666666667	0.3313333333333333	0.37666666666666665	0.324	0.31933333333333336	0.326	0.30533333333333335	0.30533333333333335	0.29333333333333333	0.322	0.294	0.29133333333333333	0.29	0.24733333333333332	0.24933333333333332	0.258	0.264	0.25533333333333336	0.26	0.26666666666666666	0.23933333333333334	0.25	0.22666666666666666	0.24133333333333334	0.24	0.22	0.19266666666666668	
4.514	2.9133333333333336	2.4273333333333333	2.4713333333333334	4.168666666666667	4.0553333333333335	4.027333333333333	4.073333333333333	4.023333333333333	3.9233333333333333	3.8473333333333333	3.787333333333333	3.5673333333333335	2.3793333333333333	2.026	2.3713333333333333	2.8073333333333332	2.786	2.7706666666666666	2.634	2.5553333333333335	2.596	2.494	2.3306666666666667	2.1446666666666667	2.19	2.2946666666666666	2.2386666666666666	2.3553333333333333	2.3373333333333335	2.3346666666666667	2.216	1.798	1.682	1.7373333333333334	1.7393333333333334	1.5026666666666666	1.2986666666666666	1.2693333333333334	1.2946666666666666	1.278	1.2326666666666666	1.216	1.164	1.1806666666666668	1.1713333333333333	1.124	1.13	1.156	1.146	0.9826666666666667	1.1086666666666667	1.0606666666666666	0.9613333333333334	0.8906666666666667	0.87	0.8286666666666667	0.8266666666666667	0.8506666666666667	0.8453333333333334	0.794	0.8053333333333333	0.7313333333333333	0.6073333333333333	0.5566666666666666	0.542	0.55	0.39266666666666666	0.3426666666666667	0.3473333333333333	0.35933333333333334	0.3293333333333333	0.31133333333333335	0.324	0.3446666666666667	0.326	0.32133333333333336	0.30733333333333335	0.29933333333333334	0.298	0.3006666666666667	0.30666666666666664	0.28933333333333333	0.302	0.262	0.24533333333333332	0.24533333333333332	0.24666666666666667	0.24333333333333335	0.26066666666666666	0.224	0.23333333333333334	0.22133333333333333	0.226	0.23866666666666667	0.232	0.25466666666666665	0.21533333333333332	0.19266666666666668	
4.469333333333333	2.985333333333333	2.3913333333333333	2.4646666666666666	4.070666666666667	4.099333333333333	4.013333333333334	4.044	4.024666666666667	3.918	3.8873333333333333	3.7493333333333334	3.466	2.364	1.992	2.3413333333333335	2.7493333333333334	2.6773333333333333	2.6726666666666667	2.4993333333333334	2.6393333333333335	2.533333333333333	2.5166666666666666	2.222	2.1826666666666665	2.1906666666666665	2.187333333333333	2.224666666666667	2.3313333333333333	2.4093333333333335	2.3513333333333333	2.2013333333333334	1.8373333333333333	1.7146666666666666	1.7146666666666666	1.64	1.418	1.3446666666666667	1.3046666666666666	1.264	1.246	1.1866666666666668	1.188	1.1486666666666667	1.1726666666666667	1.1286666666666667	1.0753333333333333	1.068	1.0926666666666667	1.0846666666666667	1.0753333333333333	1.0466666666666666	1.0686666666666667	0.9986666666666667	0.896	0.854	0.8333333333333334	0.876	0.8313333333333334	0.7713333333333333	0.8173333333333334	0.808	0.7246666666666667	0.588	0.5413333333333333	0.566	0.5053333333333333	0.4206666666666667	0.3526666666666667	0.332	0.3526666666666667	0.3273333333333333	0.32866666666666666	0.34933333333333333	0.31333333333333335	0.30266666666666664	0.30733333333333335	0.2806666666666667	0.334	0.3233333333333333	0.298	0.276	0.276	0.30266666666666664	0.28733333333333333	0.252	0.23666666666666666	0.24333333333333335	0.24933333333333332	0.24933333333333332	0.24733333333333332	0.25333333333333335	0.24	0.21933333333333332	0.246	0.244	0.214	0.216	0.188	
4.293333333333333	2.974666666666667	2.3366666666666664	2.4466666666666668	3.954	4.195333333333333	3.858	4.0986666666666665	3.965333333333333	3.844	3.8306666666666667	3.6806666666666668	3.47	2.278	1.962	2.3113333333333332	2.727333333333333	2.736666666666667	2.6146666666666665	2.5286666666666666	2.529333333333333	2.5573333333333332	2.48	2.276	2.146	2.1433333333333335	2.1373333333333333	2.26	2.306	2.264	2.3293333333333335	2.280666666666667	1.736	1.632	1.7213333333333334	1.6626666666666667	1.398	1.2453333333333334	1.2953333333333332	1.2493333333333334	1.1946666666666668	1.1413333333333333	1.1273333333333333	1.144	1.1606666666666667	1.166	1.0613333333333332	1.0553333333333332	1.1106666666666667	1.12	1.0293333333333334	0.9853333333333333	0.998	1.002	0.8726666666666667	0.8486666666666667	0.8453333333333334	0.8173333333333334	0.8133333333333334	0.7906666666666666	0.8246666666666667	0.7786666666666666	0.6906666666666667	0.566	0.5626666666666666	0.5553333333333333	0.49133333333333334	0.362	0.346	0.32266666666666666	0.31066666666666665	0.32133333333333336	0.31733333333333336	0.338	0.334	0.30933333333333335	0.314	0.2886666666666667	0.2906666666666667	0.2813333333333333	0.26866666666666666	0.2866666666666667	0.2773333333333333	0.294	0.266	0.24666666666666667	0.23866666666666667	0.24666666666666667	0.23666666666666666	0.23733333333333334	0.226	0.228	0.206	0.228	0.21333333333333335	0.23	0.22066666666666668	0.20066666666666666	0.17666666666666667	
4.311333333333334	2.921333333333333	2.3253333333333335	2.412	4.016	4.0473333333333334	3.9246666666666665	4.010666666666666	3.8566666666666665	3.8433333333333333	3.7066666666666666	3.514	3.2786666666666666	2.254	1.9806666666666666	2.2933333333333334	2.796	2.707333333333333	2.6633333333333336	2.4806666666666666	2.4966666666666666	2.493333333333333	2.432	2.276	2.1246666666666667	2.1566666666666667	2.126	2.1293333333333333	2.272666666666667	2.236666666666667	2.2666666666666666	2.1726666666666667	1.782	1.646	1.646	1.556	1.3966666666666667	1.2353333333333334	1.2473333333333334	1.274	1.23	1.132	1.1606666666666667	1.0953333333333333	1.15	1.1253333333333333	1.1033333333333333	1.0506666666666666	1.1013333333333333	1.042	0.95	1.0406666666666666	1.0373333333333334	0.914	0.8513333333333334	0.7986666666666666	0.848	0.7873333333333333	0.8106666666666666	0.808	0.7806666666666666	0.7526666666666667	0.678	0.5493333333333333	0.5226666666666666	0.532	0.5033333333333333	0.3626666666666667	0.32066666666666666	0.33	0.314	0.326	0.29133333333333333	0.32266666666666666	0.334	0.30933333333333335	0.3233333333333333	0.27266666666666667	0.2986666666666667	0.30133333333333334	0.27466666666666667	0.2833333333333333	0.252	0.25333333333333335	0.25866666666666666	0.244	0.242	0.222	0.24	0.23933333333333334	0.23266666666666666	0.20733333333333334	0.23466666666666666	0.21933333333333332	0.22	0.23066666666666666	0.22133333333333333	0.21333333333333335	0.16866666666666666	
4.233333333333333	2.8726666666666665	2.274	2.3813333333333335	3.8766666666666665	3.9466666666666668	3.8353333333333333	3.808666666666667	3.81	3.8233333333333333	3.707333333333333	3.542	3.3633333333333333	2.302	1.8486666666666667	2.2986666666666666	2.68	2.698	2.568	2.457333333333333	2.49	2.4526666666666666	2.438	2.2306666666666666	2.1293333333333333	2.152	2.1166666666666667	2.1486666666666667	2.22	2.167333333333333	2.215333333333333	2.192	1.6686666666666667	1.6226666666666667	1.6166666666666667	1.5893333333333333	1.4006666666666667	1.2246666666666666	1.216	1.2333333333333334	1.138	1.1613333333333333	1.1286666666666667	1.1513333333333333	1.0713333333333332	1.0406666666666666	1.052	1.054	1.0693333333333332	1.0166666666666666	1.006	0.9793333333333333	0.9333333333333333	0.918	0.826	0.7626666666666667	0.8413333333333334	0.8326666666666667	0.7686666666666667	0.7173333333333334	0.7453333333333333	0.7386666666666667	0.674	0.544	0.5133333333333333	0.5293333333333333	0.4653333333333333	0.40066666666666667	0.312	0.31533333333333335	0.338	0.30866666666666664	0.36	0.30266666666666664	0.30866666666666664	0.318	0.2826666666666667	0.2793333333333333	0.29533333333333334	0.294	0.27066666666666667	0.27666666666666667	0.2673333333333333	0.2773333333333333	0.25	0.23933333333333334	0.242	0.24	0.208	0.22733333333333333	0.212	0.24466666666666667	0.23	0.224	0.208	0.20666666666666667	0.23533333333333334	0.198	0.19666666666666666	
4.132666666666666	2.796	2.236666666666667	2.284666666666667	3.88	3.8513333333333333	3.844	3.846	3.77	3.722	3.616	3.521333333333333	3.3153333333333332	2.174	1.8813333333333333	2.2826666666666666	2.7133333333333334	2.53	2.494666666666667	2.482	2.3993333333333333	2.433333333333333	2.3726666666666665	2.1906666666666665	2.142	2.0966666666666667	2.11	2.128	2.174	2.1886666666666668	2.186	2.1733333333333333	1.6666666666666667	1.6126666666666667	1.598	1.5646666666666667	1.4086666666666667	1.2126666666666666	1.1913333333333334	1.2433333333333334	1.2006666666666668	1.0713333333333332	1.1633333333333333	1.1186666666666667	1.1713333333333333	1.1333333333333333	1.0493333333333332	1.07	1.0526666666666666	0.9886666666666667	1.0006666666666666	0.994	0.9553333333333334	0.924	0.8386666666666667	0.7766666666666666	0.7806666666666666	0.816	0.7606666666666667	0.8126666666666666	0.7633333333333333	0.7113333333333334	0.6226666666666667	0.5386666666666666	0.538	0.5266666666666666	0.49533333333333335	0.368	0.336	0.32	0.3006666666666667	0.298	0.2966666666666667	0.326	0.312	0.31866666666666665	0.2633333333333333	0.29533333333333334	0.292	0.27266666666666667	0.26666666666666666	0.266	0.272	0.28933333333333333	0.24666666666666667	0.26666666666666666	0.21933333333333332	0.26	0.22733333333333333	0.23466666666666666	0.21	0.22933333333333333	0.206	0.20733333333333334	0.228	0.21666666666666667	0.20933333333333334	0.21866666666666668	0.196	
4.07	2.7373333333333334	2.1786666666666665	2.386	3.775333333333333	3.8666666666666667	3.682	3.767333333333333	3.727333333333333	3.687333333333333	3.5926666666666667	3.454	3.2546666666666666	2.146	1.906	2.2733333333333334	2.6293333333333333	2.5393333333333334	2.5206666666666666	2.362	2.39	2.392	2.322	2.172	1.9866666666666666	2.1126666666666667	2.0286666666666666	2.052	2.176	2.1333333333333333	2.17	2.0926666666666667	1.7113333333333334	1.5066666666666666	1.528	1.5886666666666667	1.3113333333333332	1.206	1.212	1.21	1.2446666666666666	1.114	1.1146666666666667	1.088	1.0766666666666667	1.04	1.042	1.006	1.076	0.9686666666666667	0.976	0.8766666666666667	0.9406666666666667	0.8733333333333333	0.8413333333333334	0.7606666666666667	0.7853333333333333	0.7813333333333333	0.7893333333333333	0.758	0.754	0.71	0.6346666666666667	0.5273333333333333	0.49133333333333334	0.5286666666666666	0.4553333333333333	0.378	0.306	0.3273333333333333	0.318	0.2986666666666667	0.30133333333333334	0.328	0.30266666666666664	0.292	0.2926666666666667	0.26666666666666666	0.28733333333333333	0.28	0.258	0.25266666666666665	0.2806666666666667	0.26066666666666666	0.24733333333333332	0.22666666666666666	0.22133333333333333	0.22466666666666665	0.22133333333333333	0.19133333333333333	0.19866666666666666	0.214	0.196	0.20266666666666666	0.23	0.21533333333333332	0.21266666666666667	0.22666666666666666	0.18866666666666668	
4.097333333333333	2.65	2.196	2.251333333333333	3.7653333333333334	3.7786666666666666	3.68	3.7133333333333334	3.720666666666667	3.6466666666666665	3.5533333333333332	3.438	3.22	2.186	1.91	2.2346666666666666	2.5566666666666666	2.521333333333333	2.6146666666666665	2.312	2.306	2.302	2.32	2.1186666666666665	2.054666666666667	2.002666666666667	2.058	2.1093333333333333	2.156	2.096	2.1093333333333333	2.0866666666666664	1.634	1.5593333333333332	1.526	1.5486666666666666	1.3393333333333333	1.2373333333333334	1.2166666666666666	1.1706666666666667	1.1653333333333333	1.0386666666666666	1.0793333333333333	1.1153333333333333	1.0926666666666667	1.0306666666666666	1.066	1.0353333333333334	0.988	1.0053333333333334	0.914	0.9226666666666666	0.936	0.8593333333333333	0.834	0.7873333333333333	0.7666666666666667	0.7186666666666667	0.772	0.724	0.7426666666666667	0.6853333333333333	0.6533333333333333	0.5206666666666667	0.5066666666666667	0.4513333333333333	0.4573333333333333	0.41533333333333333	0.3	0.324	0.322	0.2866666666666667	0.32866666666666666	0.2926666666666667	0.298	0.29133333333333333	0.26266666666666666	0.274	0.2786666666666667	0.2793333333333333	0.2733333333333333	0.25	0.26	0.268	0.242	0.232	0.21733333333333332	0.228	0.21466666666666667	0.22466666666666665	0.232	0.23133333333333334	0.22266666666666668	0.23466666666666666	0.23333333333333334	0.19933333333333333	0.238	0.212	0.17733333333333334	
4.026666666666666	2.724666666666667	2.1566666666666667	2.172	3.798	3.734	3.6566666666666667	3.6566666666666667	3.5446666666666666	3.5526666666666666	3.6086666666666667	3.4166666666666665	3.1966666666666668	2.1066666666666665	1.8586666666666667	2.235333333333333	2.6	2.5533333333333332	2.4913333333333334	2.3546666666666667	2.2773333333333334	2.3386666666666667	2.2906666666666666	2.1566666666666667	2.034	2.016	2.064	2.0853333333333333	2.07	2.124	2.0486666666666666	2.018	1.63	1.534	1.56	1.508	1.3053333333333332	1.1613333333333333	1.152	1.178	1.1226666666666667	1.0413333333333334	1.018	1.0866666666666667	1.03	1.0426666666666666	1.018	1.0233333333333334	0.9733333333333334	0.9873333333333333	0.944	0.9173333333333333	0.8653333333333333	0.9106666666666666	0.824	0.764	0.7753333333333333	0.72	0.7686666666666667	0.7386666666666667	0.6766666666666666	0.7193333333333334	0.6553333333333333	0.49	0.48733333333333334	0.5126666666666667	0.456	0.36866666666666664	0.318	0.314	0.28933333333333333	0.31933333333333336	0.288	0.27466666666666667	0.27266666666666667	0.278	0.2833333333333333	0.2733333333333333	0.2813333333333333	0.2833333333333333	0.2613333333333333	0.274	0.23533333333333334	0.24666666666666667	0.24866666666666667	0.224	0.21733333333333332	0.21666666666666667	0.23666666666666666	0.21	0.19733333333333333	0.23533333333333334	0.22466666666666665	0.20866666666666667	0.218	0.20933333333333334	0.22133333333333333	0.204	0.168	
4.004666666666667	2.699333333333333	2.1453333333333333	2.1593333333333335	3.73	3.716	3.6126666666666667	3.6626666666666665	3.638	3.556	3.4646666666666666	3.2706666666666666	3.186	2.0933333333333333	1.8126666666666666	2.1266666666666665	2.48	2.5493333333333332	2.46	2.242	2.3446666666666665	2.2973333333333334	2.2106666666666666	2.01	1.9306666666666668	1.9953333333333334	1.908	2.038666666666667	2.034	2.1306666666666665	2.0946666666666665	2.010666666666667	1.6213333333333333	1.5073333333333334	1.576	1.4493333333333334	1.33	1.1953333333333334	1.12	1.2053333333333334	1.1306666666666667	1.0293333333333334	1.0493333333333332	1.0433333333333332	1.0026666666666666	1.0433333333333332	0.96	1.0073333333333334	0.9973333333333333	0.9806666666666667	0.8973333333333333	0.918	0.948	0.85	0.7273333333333334	0.802	0.7686666666666667	0.742	0.706	0.7413333333333333	0.712	0.6946666666666667	0.6493333333333333	0.5266666666666666	0.494	0.51	0.4806666666666667	0.34933333333333333	0.31866666666666665	0.32133333333333336	0.288	0.2853333333333333	0.30333333333333334	0.2846666666666667	0.296	0.3006666666666667	0.276	0.272	0.2806666666666667	0.26266666666666666	0.284	0.264	0.25266666666666665	0.2613333333333333	0.24666666666666667	0.21	0.228	0.22933333333333333	0.22533333333333333	0.208	0.226	0.22933333333333333	0.208	0.19666666666666666	0.194	0.19933333333333333	0.194	0.204	0.17866666666666667	
3.994666666666667	2.708	2.0613333333333332	2.188	3.582	3.6633333333333336	3.4873333333333334	3.602	3.5633333333333335	3.4726666666666666	3.4386666666666668	3.3646666666666665	3.0513333333333335	2.0686666666666667	1.76	2.1493333333333333	2.45	2.4486666666666665	2.3953333333333333	2.3573333333333335	2.286	2.304	2.264	2.052	1.9266666666666667	1.9573333333333334	1.9333333333333333	1.946	2.022	2.068	2.1066666666666665	1.976	1.5753333333333333	1.506	1.5246666666666666	1.452	1.292	1.1773333333333333	1.1426666666666667	1.1773333333333333	1.132	1.0486666666666666	1.0093333333333334	1.0533333333333332	1.0713333333333332	0.934	0.97	0.9986666666666667	0.9813333333333333	0.9493333333333334	0.8813333333333333	0.906	0.9	0.8806666666666667	0.772	0.7433333333333333	0.7333333333333333	0.768	0.726	0.7173333333333334	0.7553333333333333	0.658	0.6106666666666667	0.5233333333333333	0.4633333333333333	0.4513333333333333	0.44466666666666665	0.3406666666666667	0.3006666666666667	0.2866666666666667	0.3	0.27466666666666667	0.2633333333333333	0.31066666666666665	0.2906666666666667	0.28933333333333333	0.2846666666666667	0.2653333333333333	0.2733333333333333	0.238	0.24	0.24933333333333332	0.24333333333333335	0.232	0.24666666666666667	0.218	0.21333333333333335	0.21866666666666668	0.212	0.218	0.21066666666666667	0.22533333333333333	0.196	0.204	0.19066666666666668	0.21	0.18666666666666668	0.202	0.18133333333333335	
3.9846666666666666	2.532	2.0126666666666666	2.1053333333333333	3.6286666666666667	3.6073333333333335	3.530666666666667	3.574666666666667	3.454	3.3946666666666667	3.4053333333333335	3.3066666666666666	3.078666666666667	2.0766666666666667	1.7213333333333334	2.144	2.412	2.4486666666666665	2.3806666666666665	2.2706666666666666	2.203333333333333	2.236	2.216666666666667	2.052	1.8733333333333333	1.9053333333333333	1.9573333333333334	1.9726666666666666	2.058666666666667	1.974	2.0733333333333333	1.9113333333333333	1.572	1.46	1.456	1.4726666666666666	1.246	1.1166666666666667	1.0973333333333333	1.132	1.0846666666666667	1.044	1.0213333333333334	1.014	0.9986666666666667	0.9993333333333333	0.9253333333333333	0.978	0.9673333333333334	0.952	0.96	0.8866666666666667	0.8653333333333333	0.8393333333333334	0.7733333333333333	0.7553333333333333	0.746	0.7526666666666667	0.6806666666666666	0.718	0.6973333333333334	0.6913333333333334	0.6233333333333333	0.482	0.49866666666666665	0.4573333333333333	0.45466666666666666	0.35133333333333333	0.30466666666666664	0.29933333333333334	0.2733333333333333	0.30533333333333335	0.286	0.30266666666666664	0.268	0.26	0.2633333333333333	0.27666666666666667	0.274	0.27666666666666667	0.2886666666666667	0.26	0.26466666666666666	0.252	0.24866666666666667	0.21466666666666667	0.20266666666666666	0.222	0.20533333333333334	0.22333333333333333	0.21066666666666667	0.23533333333333334	0.206	0.202	0.206	0.19	0.19333333333333333	0.182	0.158	
3.946	2.56	1.994	2.1406666666666667	3.61	3.671333333333333	3.5126666666666666	3.512	3.478	3.466666666666667	3.2813333333333334	3.1226666666666665	3.078666666666667	2.025333333333333	1.704	2.06	2.4566666666666666	2.3926666666666665	2.3473333333333333	2.192	2.2186666666666666	2.23	2.1926666666666668	1.9386666666666668	1.89	1.9926666666666666	1.8986666666666667	1.9673333333333334	1.9593333333333334	2.0246666666666666	1.9593333333333334	1.924	1.6513333333333333	1.4506666666666668	1.4153333333333333	1.4633333333333334	1.25	1.106	1.122	1.124	1.11	0.996	1.032	1.006	1.028	0.95	0.9946666666666667	0.9266666666666666	0.9653333333333334	0.9026666666666666	0.878	0.8593333333333333	0.8846666666666667	0.8326666666666667	0.774	0.736	0.7273333333333334	0.7233333333333334	0.7253333333333334	0.702	0.678	0.714	0.5746666666666667	0.4866666666666667	0.4766666666666667	0.47	0.4266666666666667	0.3453333333333333	0.29	0.326	0.2813333333333333	0.304	0.27066666666666667	0.3	0.2613333333333333	0.2793333333333333	0.2806666666666667	0.25533333333333336	0.25333333333333335	0.266	0.25266666666666665	0.25733333333333336	0.24	0.24933333333333332	0.21866666666666668	0.20266666666666666	0.20733333333333334	0.21533333333333332	0.218	0.20933333333333334	0.20933333333333334	0.20933333333333334	0.20133333333333334	0.19266666666666668	0.20666666666666667	0.198	0.19466666666666665	0.18333333333333332	0.172	
3.832666666666667	2.554	2.0806666666666667	2.0453333333333332	3.5893333333333333	3.5326666666666666	3.46	3.474666666666667	3.4013333333333335	3.3573333333333335	3.2626666666666666	3.1706666666666665	3.02	1.9846666666666666	1.7266666666666666	2.066	2.4473333333333334	2.3433333333333333	2.338	2.19	2.236666666666667	2.199333333333333	2.1413333333333333	1.994	1.8813333333333333	1.94	1.8713333333333333	1.9226666666666667	1.9746666666666666	2.0193333333333334	2.0553333333333335	1.9046666666666667	1.5793333333333333	1.464	1.5466666666666666	1.4173333333333333	1.2686666666666666	1.1186666666666667	1.1013333333333333	1.1346666666666667	1.0606666666666666	1.062	0.988	0.9706666666666667	1.0226666666666666	1.012	0.9953333333333333	0.9373333333333334	0.932	0.916	0.9306666666666666	0.858	0.9146666666666666	0.834	0.7206666666666667	0.738	0.722	0.6946666666666667	0.7413333333333333	0.684	0.6913333333333334	0.674	0.596	0.4806666666666667	0.454	0.452	0.42733333333333334	0.3413333333333333	0.298	0.29133333333333333	0.30866666666666664	0.27466666666666667	0.2833333333333333	0.28733333333333333	0.322	0.272	0.26466666666666666	0.27466666666666667	0.25333333333333335	0.25	0.22933333333333333	0.22933333333333333	0.24333333333333335	0.23333333333333334	0.226	0.226	0.21933333333333332	0.20266666666666666	0.182	0.20866666666666667	0.19733333333333333	0.19866666666666666	0.19866666666666666	0.23	0.20666666666666667	0.2	0.20066666666666666	0.16333333333333333	0.18	
3.8426666666666667	2.509333333333333	2.0033333333333334	2.08	3.528	3.5753333333333335	3.39	3.478666666666667	3.3373333333333335	3.3346666666666667	3.276666666666667	3.188	3.0166666666666666	1.9573333333333334	1.7346666666666666	2.0733333333333333	2.3866666666666667	2.356	2.3393333333333333	2.1313333333333335	2.1146666666666665	2.2093333333333334	2.112	1.9233333333333333	1.8626666666666667	1.876	1.84	1.8833333333333333	2.0046666666666666	2.0126666666666666	2.046	1.922	1.526	1.422	1.456	1.4326666666666668	1.266	1.1026666666666667	1.056	1.08	1.068	1.0206666666666666	1.0213333333333334	1.0086666666666666	0.958	0.9493333333333334	0.932	0.956	0.9186666666666666	0.9186666666666666	0.8633333333333333	0.8526666666666667	0.882	0.8406666666666667	0.7146666666666667	0.7146666666666667	0.7166666666666667	0.7233333333333334	0.7026666666666667	0.682	0.676	0.676	0.5706666666666667	0.462	0.44333333333333336	0.44066666666666665	0.428	0.344	0.2853333333333333	0.28733333333333333	0.28	0.272	0.2713333333333333	0.26266666666666666	0.28933333333333333	0.2773333333333333	0.24866666666666667	0.26266666666666666	0.25333333333333335	0.22	0.248	0.22933333333333333	0.24066666666666667	0.24933333333333332	0.22266666666666668	0.20533333333333334	0.22133333333333333	0.232	0.21266666666666667	0.21066666666666667	0.206	0.196	0.18466666666666667	0.19133333333333333	0.184	0.19066666666666668	0.18	0.176	0.15733333333333333	
3.671333333333333	2.4353333333333333	1.9746666666666666	2.0913333333333335	3.4346666666666668	3.5086666666666666	3.3533333333333335	3.5206666666666666	3.396	3.396	3.274	3.1393333333333335	2.9433333333333334	2.002666666666667	1.6913333333333334	2.018	2.3813333333333335	2.324666666666667	2.328	2.112	2.1093333333333333	2.138	2.078	2.0006666666666666	1.878	1.8373333333333333	1.8773333333333333	1.9526666666666668	1.954	1.9033333333333333	1.9693333333333334	1.9053333333333333	1.488	1.436	1.402	1.404	1.3046666666666666	1.1006666666666667	1.0853333333333333	1.084	1.1046666666666667	0.9453333333333334	0.9653333333333334	0.9846666666666667	0.9673333333333334	0.9786666666666667	0.9293333333333333	0.972	0.92	0.8906666666666667	0.89	0.8246666666666667	0.8546666666666667	0.8073333333333333	0.6913333333333334	0.6873333333333334	0.7153333333333334	0.706	0.7066666666666667	0.6746666666666666	0.6486666666666666	0.6933333333333334	0.6053333333333333	0.4766666666666667	0.44333333333333336	0.41733333333333333	0.418	0.31266666666666665	0.25866666666666666	0.288	0.2853333333333333	0.282	0.27	0.2693333333333333	0.2806666666666667	0.248	0.24733333333333332	0.24466666666666667	0.25	0.276	0.24533333333333332	0.244	0.24266666666666667	0.23733333333333334	0.22666666666666666	0.19466666666666665	0.208	0.20133333333333334	0.21866666666666668	0.184	0.20066666666666666	0.19933333333333333	0.20933333333333334	0.19466666666666665	0.19733333333333333	0.18466666666666667	0.17266666666666666	0.18866666666666668	0.15066666666666667	
3.696	2.521333333333333	1.9873333333333334	2.038	3.42	3.4146666666666667	3.32	3.3693333333333335	3.322	3.32	3.1906666666666665	3.104	2.856	1.9806666666666666	1.6586666666666667	1.9406666666666668	2.3106666666666666	2.3353333333333333	2.1893333333333334	2.1273333333333335	2.108	2.1686666666666667	2.1133333333333333	1.8833333333333333	1.8066666666666666	1.8453333333333333	1.8486666666666667	1.8313333333333333	1.8893333333333333	1.9373333333333334	1.9573333333333334	1.826	1.484	1.448	1.3986666666666667	1.3326666666666667	1.2166666666666666	1.1126666666666667	1.0633333333333332	1.074	1.0353333333333334	0.9726666666666667	0.9566666666666667	0.988	0.9553333333333334	0.96	0.9353333333333333	0.972	0.9346666666666666	0.8953333333333333	0.8693333333333333	0.8353333333333334	0.8273333333333334	0.7726666666666666	0.7426666666666667	0.6673333333333333	0.6886666666666666	0.708	0.6906666666666667	0.6526666666666666	0.628	0.65	0.5813333333333334	0.4666666666666667	0.44466666666666665	0.444	0.42	0.346	0.27066666666666667	0.276	0.29	0.296	0.266	0.2713333333333333	0.26466666666666666	0.24666666666666667	0.262	0.24133333333333334	0.24933333333333332	0.264	0.23266666666666666	0.24933333333333332	0.23266666666666666	0.224	0.214	0.19466666666666665	0.19933333333333333	0.20266666666666666	0.20733333333333334	0.19933333333333333	0.18666666666666668	0.20466666666666666	0.18333333333333332	0.21066666666666667	0.19333333333333333	0.18933333333333333	0.18533333333333332	0.17	0.164	
3.6946666666666665	2.537333333333333	1.9246666666666667	1.968	3.3726666666666665	3.4553333333333334	3.2266666666666666	3.3153333333333332	3.287333333333333	3.251333333333333	3.118	2.973333333333333	2.8746666666666667	1.9426666666666668	1.6993333333333334	2.0113333333333334	2.320666666666667	2.306	2.240666666666667	2.1006666666666667	2.102	2.0846666666666667	2.024	1.8946666666666667	1.758	1.7733333333333334	1.7846666666666666	1.8046666666666666	1.9246666666666667	1.8506666666666667	1.9493333333333334	1.852	1.4706666666666666	1.3586666666666667	1.3666666666666667	1.3746666666666667	1.264	1.0706666666666667	1.064	1.0866666666666667	1.0153333333333334	0.9693333333333334	0.9806666666666667	0.9566666666666667	0.99	0.9293333333333333	0.9246666666666666	0.9713333333333334	0.906	0.9486666666666667	0.8573333333333333	0.8326666666666667	0.8313333333333334	0.8126666666666666	0.698	0.6733333333333333	0.674	0.6886666666666666	0.69	0.6426666666666667	0.6733333333333333	0.6273333333333333	0.57	0.4533333333333333	0.44733333333333336	0.43733333333333335	0.38866666666666666	0.32666666666666666	0.31333333333333335	0.28733333333333333	0.28733333333333333	0.274	0.264	0.25866666666666666	0.27066666666666667	0.268	0.23266666666666666	0.26	0.24866666666666667	0.234	0.256	0.24266666666666667	0.20666666666666667	0.23333333333333334	0.18866666666666668	0.2	0.2	0.18466666666666667	0.17466666666666666	0.19333333333333333	0.18933333333333333	0.198	0.20133333333333334	0.18466666666666667	0.18733333333333332	0.182	0.188	0.18533333333333332	0.148	
3.586	2.4053333333333335	1.862	2.0153333333333334	3.314	3.4	3.218	3.264666666666667	3.2026666666666666	3.196	3.1446666666666667	3.0126666666666666	2.81	1.8733333333333333	1.6673333333333333	1.9733333333333334	2.314	2.332666666666667	2.078666666666667	1.962	2.1133333333333333	2.0046666666666666	2.134	1.8846666666666667	1.8086666666666666	1.752	1.768	1.8066666666666666	1.8873333333333333	1.8613333333333333	1.8946666666666667	1.8146666666666667	1.494	1.3313333333333333	1.37	1.3406666666666667	1.2026666666666668	1.0533333333333332	1.0773333333333333	1.0853333333333333	1.0146666666666666	1.0166666666666666	0.9886666666666667	0.9213333333333333	0.9233333333333333	0.9086666666666666	0.9406666666666667	0.8793333333333333	0.88	0.8406666666666667	0.8366666666666667	0.8806666666666667	0.8313333333333334	0.7526666666666667	0.694	0.654	0.6753333333333333	0.7013333333333334	0.67	0.6886666666666666	0.6213333333333333	0.6113333333333333	0.5466666666666666	0.4666666666666667	0.4246666666666667	0.42133333333333334	0.3933333333333333	0.33066666666666666	0.2846666666666667	0.26	0.24	0.264	0.2673333333333333	0.24866666666666667	0.25933333333333336	0.268	0.22133333333333333	0.24933333333333332	0.23466666666666666	0.264	0.24933333333333332	0.23666666666666666	0.22733333333333333	0.22466666666666665	0.20933333333333334	0.20333333333333334	0.198	0.198	0.18266666666666667	0.19933333333333333	0.20066666666666666	0.20266666666666666	0.20133333333333334	0.196	0.19533333333333333	0.188	0.18266666666666667	0.18133333333333335	0.158	
