0.01	0.5149494949494949	1.0198989898989899	1.5248484848484847	2.0297979797979795	2.5347474747474745	3.039696969696969	3.544646464646464	4.049595959595959	4.554545454545454	5.059494949494949	5.564444444444444	6.0693939393939385	6.574343434343434	7.0792929292929285	7.584242424242424	8.089191919191919	8.594141414141413	9.099090909090908	9.604040404040404	10.108989898989899	10.613939393939393	11.118888888888888	11.623838383838383	12.128787878787877	12.633737373737373	13.138686868686868	13.643636363636363	14.148585858585857	14.653535353535352	15.158484848484848	15.663434343434343	16.16838383838384	16.673333333333336	17.17828282828283	17.683232323232325	18.188181818181818	18.693131313131314	19.19808080808081	19.703030303030303	20.2079797979798	20.712929292929292	21.21787878787879	21.722828282828285	22.227777777777778	22.732727272727274	23.237676767676767	23.742626262626263	24.247575757575756	24.752525252525253	25.25747474747475	25.762424242424242	26.267373737373738	26.77232323232323	27.277272727272727	27.782222222222224	28.287171717171717	28.792121212121213	29.297070707070706	29.802020202020202	30.3069696969697	30.81191919191919	31.316868686868688	31.82181818181818	32.32676767676767	32.831717171717166	33.336666666666666	33.84161616161616	34.34656565656565	34.851515151515144	35.356464646464644	35.86141414141414	36.36636363636363	36.87131313131313	37.37626262626262	37.881212121212116	38.386161616161615	38.89111111111111	39.3960606060606	39.901010101010094	40.405959595959594	40.91090909090909	41.41585858585858	41.92080808080808	42.42575757575757	42.930707070707065	43.435656565656565	43.94060606060606	44.44555555555555	44.95050505050504	45.45545454545454	45.960404040404036	46.46535353535353	46.97030303030303	47.47525252525252	47.980202020202015	48.48515151515151	48.99010101010101	49.4950505050505	50.0	
1.968	1.9113333333333333	1.636	1.3226666666666667	0.878	0.7673333333333333	0.6886666666666666	0.5886666666666667	0.572	0.5473333333333333	0.518	0.5033333333333333	0.44333333333333336	0.3413333333333333	0.314	0.25733333333333336	0.17	0.186	0.156	0.14466666666666667	0.16333333333333333	0.14733333333333334	0.13333333333333333	0.09533333333333334	0.078	0.06933333333333333	0.06866666666666667	0.056666666666666664	0.03	0.03333333333333333	0.024	0.022	0.024666666666666667	0.014666666666666666	0.022	0.023333333333333334	0.01	0.022	0.014	0.013333333333333334	0.01	0.008	0.010666666666666666	0.008	0.009333333333333334	0.006666666666666667	0.0006666666666666666	0.0006666666666666666	0.002	0.0013333333333333333	0.0006666666666666666	0.0	0.0006666666666666666	0.0006666666666666666	0.0	0.0	0.0006666666666666666	0.0	0.0	0.0	0.0	0.0	0.0	0.0	0.0	0.0	0.0	0.0	0.0	0.0	0.0	0.0	0.0	0.0	0.0	0.0	0.0	0.0	0.0	0.0	0.0	0.0	0.0	0.0	0.0	0.0	0.0	0.0	0.0	0.0	0.0	0.0	0.0	0.0	0.0	0.0	0.0	0.0	0.0	
1.9866666666666666	1.8413333333333333	1.6646666666666667	1.3073333333333332	0.8453333333333334	0.772	0.6826666666666666	0.6226666666666667	0.5773333333333334	0.516	0.51	0.4886666666666667	0.4073333333333333	0.31533333333333335	0.334	0.264	0.20666666666666667	0.17266666666666666	0.18733333333333332	0.13533333333333333	0.14466666666666667	0.13066666666666665	0.15933333333333333	0.09133333333333334	0.072	0.056666666666666664	0.07466666666666667	0.059333333333333335	0.024	0.024	0.018	0.018	0.02266666666666667	0.02666666666666667	0.02266666666666667	0.02	0.017333333333333333	0.012666666666666666	0.017333333333333333	0.01	0.012	0.012	0.007333333333333333	0.01	0.012666666666666666	0.002	0.0026666666666666666	0.002	0.0013333333333333333	0.0013333333333333333	0.0	0.0006666666666666666	0.0	0.0	0.0	0.0	0.0	0.0	0.0	0.0	0.0	0.0	0.0	0.0	0.0	0.0	0.0	0.0	0.0	0.0	0.0	0.0	0.0	0.0	0.0	0.0	0.0	0.0	0.0	0.0	0.0	0.0	0.0	0.0	0.0	0.0	0.0	0.0	0.0	0.0	0.0	0.0	0.0	0.0	0.0	0.0	0.0	0.0	0.0	
1.9746666666666666	1.782	1.5686666666666667	1.2786666666666666	0.8206666666666667	0.722	0.65	0.5906666666666667	0.558	0.5606666666666666	0.5086666666666667	0.5026666666666667	0.4033333333333333	0.302	0.296	0.24666666666666667	0.18933333333333333	0.16333333333333333	0.16533333333333333	0.132	0.156	0.16533333333333333	0.12333333333333334	0.10133333333333333	0.07066666666666667	0.062	0.06733333333333333	0.048666666666666664	0.024666666666666667	0.016666666666666666	0.02266666666666667	0.021333333333333333	0.021333333333333333	0.023333333333333334	0.018666666666666668	0.022	0.020666666666666667	0.014666666666666666	0.012666666666666666	0.007333333333333333	0.009333333333333334	0.008	0.01	0.011333333333333334	0.005333333333333333	0.006	0.0006666666666666666	0.0033333333333333335	0.0033333333333333335	0.0013333333333333333	0.0	0.0	0.0006666666666666666	0.0006666666666666666	0.0006666666666666666	0.0	0.0	0.0006666666666666666	0.0	0.0	0.0	0.0	0.0	0.0	0.0	0.0	0.0	0.0	0.0	0.0	0.0	0.0	0.0	0.0	0.0	0.0	0.0	0.0	0.0	0.0	0.0	0.0	0.0	0.0	0.0	0.0	0.0	0.0	0.0	0.0	0.0	0.0	0.0	0.0	0.0	0.0	0.0	0.0	0.0	
1.928	1.842	1.582	1.3146666666666667	0.848	0.7566666666666667	0.678	0.5593333333333333	0.5693333333333334	0.5193333333333333	0.502	0.47933333333333333	0.386	0.296	0.306	0.25266666666666665	0.19	0.158	0.14533333333333334	0.138	0.12933333333333333	0.15466666666666667	0.14	0.1	0.07266666666666667	0.06333333333333334	0.06933333333333333	0.046	0.015333333333333332	0.023333333333333334	0.022	0.016666666666666666	0.02666666666666667	0.018666666666666668	0.020666666666666667	0.020666666666666667	0.014666666666666666	0.009333333333333334	0.014666666666666666	0.012666666666666666	0.011333333333333334	0.008666666666666666	0.01	0.011333333333333334	0.006666666666666667	0.004666666666666667	0.0013333333333333333	0.0013333333333333333	0.0013333333333333333	0.002	0.0	0.0006666666666666666	0.0	0.0006666666666666666	0.0	0.0	0.0	0.0	0.0	0.0	0.0	0.0	0.0	0.0	0.0	0.0	0.0	0.0	0.0	0.0	0.0	0.0	0.0	0.0	0.0	0.0	0.0	0.0	0.0	0.0	0.0	0.0	0.0	0.0	0.0	0.0	0.0	0.0	0.0	0.0	0.0	0.0	0.0	0.0	0.0	0.0	0.0	0.0	0.0	
1.924	1.774	1.5033333333333334	1.2473333333333334	0.8093333333333333	0.756	0.6793333333333333	0.57	0.5653333333333334	0.522	0.5126666666666667	0.44266666666666665	0.378	0.33	0.302	0.22466666666666665	0.18	0.176	0.152	0.14	0.13266666666666665	0.14266666666666666	0.14266666666666666	0.08533333333333333	0.06533333333333333	0.06466666666666666	0.06666666666666667	0.054	0.02	0.03133333333333333	0.03133333333333333	0.016666666666666666	0.018	0.017333333333333333	0.019333333333333334	0.02266666666666667	0.009333333333333334	0.013333333333333334	0.014	0.009333333333333334	0.008666666666666666	0.01	0.01	0.01	0.009333333333333334	0.0033333333333333335	0.002	0.0013333333333333333	0.0006666666666666666	0.002	0.0006666666666666666	0.0	0.0	0.0	0.0	0.0	0.0	0.0	0.0	0.0	0.0	0.0	0.0	0.0	0.0	0.0	0.0	0.0	0.0	0.0	0.0	0.0	0.0	0.0	0.0	0.0	0.0	0.0	0.0	0.0	0.0	0.0	0.0	0.0	0.0	0.0	0.0	0.0	0.0	0.0	0.0	0.0	0.0	0.0	0.0	0.0	0.0	0.0	0.0	
1.9093333333333333	1.7653333333333334	1.518	1.236	0.8246666666666667	0.766	0.648	0.5546666666666666	0.5386666666666666	0.534	0.44466666666666665	0.45666666666666667	0.38066666666666665	0.2886666666666667	0.30666666666666664	0.234	0.188	0.162	0.172	0.15066666666666667	0.13333333333333333	0.14266666666666666	0.13533333333333333	0.07866666666666666	0.06666666666666667	0.07066666666666667	0.06666666666666667	0.050666666666666665	0.026	0.024666666666666667	0.024	0.019333333333333334	0.028	0.016666666666666666	0.018666666666666668	0.024	0.014	0.018	0.008666666666666666	0.014666666666666666	0.011333333333333334	0.008	0.009333333333333334	0.006666666666666667	0.01	0.0026666666666666666	0.002	0.0006666666666666666	0.0026666666666666666	0.0013333333333333333	0.0006666666666666666	0.0006666666666666666	0.0006666666666666666	0.0006666666666666666	0.0	0.0	0.0	0.0	0.0	0.0	0.0	0.0	0.0	0.0	0.0	0.0	0.0	0.0	0.0	0.0	0.0	0.0	0.0	0.0	0.0	0.0	0.0	0.0	0.0	0.0	0.0	0.0	0.0	0.0	0.0	0.0	0.0	0.0	0.0	0.0	0.0	0.0	0.0	0.0	0.0	0.0	0.0	0.0	0.0	
1.8553333333333333	1.756	1.4773333333333334	1.2286666666666666	0.784	0.7173333333333334	0.6493333333333333	0.556	0.5326666666666666	0.5346666666666666	0.454	0.424	0.3466666666666667	0.31866666666666665	0.282	0.22733333333333333	0.18	0.16733333333333333	0.152	0.13533333333333333	0.12933333333333333	0.14733333333333334	0.13933333333333334	0.08933333333333333	0.05266666666666667	0.072	0.07333333333333333	0.04666666666666667	0.03133333333333333	0.024	0.024	0.017333333333333333	0.021333333333333333	0.02	0.021333333333333333	0.018	0.019333333333333334	0.014666666666666666	0.016666666666666666	0.015333333333333332	0.014	0.01	0.0033333333333333335	0.008	0.006666666666666667	0.004666666666666667	0.0013333333333333333	0.002	0.002	0.0026666666666666666	0.0013333333333333333	0.0	0.0006666666666666666	0.0	0.0	0.0	0.0	0.0	0.0	0.0	0.0	0.0	0.0	0.0	0.0	0.0	0.0	0.0	0.0	0.0	0.0	0.0	0.0	0.0	0.0	0.0	0.0	0.0	0.0	0.0	0.0	0.0	0.0	0.0	0.0	0.0	0.0	0.0	0.0	0.0	0.0	0.0	0.0	0.0	0.0	0.0	0.0	0.0	0.0	
1.8786666666666667	1.7433333333333334	1.5433333333333332	1.198	0.7986666666666666	0.7153333333333334	0.6126666666666667	0.5426666666666666	0.534	0.53	0.4686666666666667	0.42333333333333334	0.36533333333333334	0.2986666666666667	0.31333333333333335	0.23666666666666666	0.18466666666666667	0.184	0.14933333333333335	0.14066666666666666	0.118	0.142	0.13466666666666666	0.08133333333333333	0.06866666666666667	0.06733333333333333	0.076	0.04533333333333334	0.016666666666666666	0.025333333333333333	0.02	0.019333333333333334	0.015333333333333332	0.020666666666666667	0.017333333333333333	0.016	0.014	0.016666666666666666	0.019333333333333334	0.011333333333333334	0.011333333333333334	0.008	0.007333333333333333	0.008666666666666666	0.004666666666666667	0.004666666666666667	0.0026666666666666666	0.0006666666666666666	0.0013333333333333333	0.0006666666666666666	0.0006666666666666666	0.0013333333333333333	0.0006666666666666666	0.0	0.0	0.0	0.0	0.0	0.0	0.0	0.0	0.0	0.0	0.0	0.0	0.0	0.0	0.0	0.0	0.0	0.0	0.0	0.0	0.0	0.0	0.0	0.0	0.0	0.0	0.0	0.0	0.0	0.0	0.0	0.0	0.0	0.0	0.0	0.0	0.0	0.0	0.0	0.0	0.0	0.0	0.0	0.0	0.0	0.0	
1.8226666666666667	1.668	1.44	1.2186666666666666	0.78	0.696	0.6053333333333333	0.5486666666666666	0.504	0.48333333333333334	0.4673333333333333	0.42933333333333334	0.386	0.2793333333333333	0.30133333333333334	0.242	0.16933333333333334	0.16866666666666666	0.156	0.118	0.13066666666666665	0.15	0.10866666666666666	0.084	0.07266666666666667	0.068	0.06733333333333333	0.04133333333333333	0.018	0.02266666666666667	0.018	0.017333333333333333	0.021333333333333333	0.016666666666666666	0.027333333333333334	0.02	0.023333333333333334	0.012666666666666666	0.016	0.012666666666666666	0.01	0.011333333333333334	0.009333333333333334	0.008666666666666666	0.004	0.004	0.0006666666666666666	0.0013333333333333333	0.0006666666666666666	0.0013333333333333333	0.0	0.0	0.0006666666666666666	0.0006666666666666666	0.0	0.0	0.0	0.0006666666666666666	0.0	0.0	0.0	0.0	0.0	0.0	0.0	0.0	0.0	0.0	0.0	0.0	0.0	0.0	0.0	0.0	0.0	0.0	0.0	0.0	0.0	0.0	0.0	0.0	0.0	0.0	0.0	0.0	0.0	0.0	0.0	0.0	0.0	0.0	0.0	0.0	0.0	0.0	0.0	0.0	0.0	
1.7893333333333334	1.7066666666666668	1.4106666666666667	1.204	0.7746666666666666	0.666	0.6366666666666667	0.538	0.5313333333333333	0.4846666666666667	0.43666666666666665	0.4226666666666667	0.34933333333333333	0.30666666666666664	0.29	0.21733333333333332	0.18733333333333332	0.15466666666666667	0.134	0.134	0.12866666666666668	0.13733333333333334	0.11866666666666667	0.08933333333333333	0.06333333333333334	0.06733333333333333	0.06333333333333334	0.04466666666666667	0.028	0.022	0.024	0.014666666666666666	0.023333333333333334	0.022	0.018	0.017333333333333333	0.014	0.01	0.012666666666666666	0.008666666666666666	0.01	0.01	0.01	0.005333333333333333	0.008	0.004	0.0006666666666666666	0.004666666666666667	0.0006666666666666666	0.002	0.002	0.0	0.002	0.0006666666666666666	0.0	0.0	0.0	0.0	0.0006666666666666666	0.0	0.0	0.0	0.0	0.0	0.0	0.0	0.0	0.0	0.0	0.0	0.0	0.0	0.0	0.0	0.0	0.0	0.0	0.0	0.0	0.0	0.0	0.0	0.0	0.0	0.0	0.0	0.0	0.0	0.0	0.0	0.0	0.0	0.0	0.0	0.0	0.0	0.0	0.0	0.0	
1.8206666666666667	1.7406666666666666	1.4606666666666666	1.182	0.7373333333333333	0.6766666666666666	0.6466666666666666	0.5033333333333333	0.5093333333333333	0.4786666666666667	0.428	0.4186666666666667	0.3473333333333333	0.30733333333333335	0.2846666666666667	0.21133333333333335	0.18266666666666667	0.168	0.14666666666666667	0.12333333333333334	0.128	0.138	0.10933333333333334	0.07666666666666666	0.062	0.06533333333333333	0.06533333333333333	0.04066666666666666	0.02	0.021333333333333333	0.020666666666666667	0.021333333333333333	0.023333333333333334	0.016	0.014666666666666666	0.027333333333333334	0.020666666666666667	0.014	0.013333333333333334	0.016666666666666666	0.015333333333333332	0.004	0.010666666666666666	0.01	0.008666666666666666	0.0026666666666666666	0.0013333333333333333	0.002	0.0013333333333333333	0.0006666666666666666	0.0006666666666666666	0.0	0.0	0.0	0.0	0.0	0.0	0.0	0.0	0.0	0.0	0.0	0.0	0.0	0.0	0.0	0.0	0.0	0.0	0.0	0.0	0.0	0.0	0.0	0.0	0.0	0.0	0.0	0.0	0.0	0.0	0.0	0.0	0.0	0.0	0.0	0.0	0.0	0.0	0.0	0.0	0.0	0.0	0.0	0.0	0.0	0.0	0.0	0.0	
1.818	1.656	1.4066666666666667	1.1586666666666667	0.744	0.6693333333333333	0.634	0.504	0.506	0.5053333333333333	0.414	0.39866666666666667	0.34933333333333333	0.246	0.268	0.23066666666666666	0.16933333333333334	0.16466666666666666	0.142	0.13866666666666666	0.12333333333333334	0.128	0.12733333333333333	0.08266666666666667	0.056666666666666664	0.06266666666666666	0.062	0.04466666666666667	0.027333333333333334	0.022	0.023333333333333334	0.02	0.016666666666666666	0.015333333333333332	0.023333333333333334	0.021333333333333333	0.012666666666666666	0.010666666666666666	0.012666666666666666	0.010666666666666666	0.014	0.009333333333333334	0.008666666666666666	0.004666666666666667	0.004666666666666667	0.004666666666666667	0.002	0.0026666666666666666	0.002	0.002	0.0006666666666666666	0.0	0.0006666666666666666	0.0006666666666666666	0.0006666666666666666	0.0	0.0006666666666666666	0.0	0.0	0.0	0.0	0.0	0.0	0.0	0.0	0.0	0.0	0.0	0.0	0.0	0.0	0.0	0.0	0.0	0.0	0.0	0.0	0.0	0.0	0.0	0.0	0.0	0.0	0.0	0.0	0.0	0.0	0.0	0.0	0.0	0.0	0.0	0.0	0.0	0.0	0.0	0.0	0.0	0.0	
1.796	1.6553333333333333	1.3806666666666667	1.1566666666666667	0.7426666666666667	0.7053333333333334	0.5906666666666667	0.5426666666666666	0.4846666666666667	0.512	0.4266666666666667	0.4013333333333333	0.334	0.27	0.2813333333333333	0.22533333333333333	0.17333333333333334	0.14266666666666666	0.15466666666666667	0.12333333333333334	0.14266666666666666	0.132	0.12666666666666668	0.078	0.054	0.06266666666666666	0.062	0.04666666666666667	0.026	0.016666666666666666	0.018666666666666668	0.020666666666666667	0.014	0.018	0.024	0.023333333333333334	0.016	0.013333333333333334	0.009333333333333334	0.02	0.012666666666666666	0.013333333333333334	0.012	0.004666666666666667	0.005333333333333333	0.005333333333333333	0.0013333333333333333	0.002	0.0006666666666666666	0.0006666666666666666	0.0006666666666666666	0.0	0.0006666666666666666	0.0	0.0	0.0	0.0	0.0	0.0	0.0	0.0	0.0	0.0	0.0	0.0	0.0	0.0	0.0	0.0	0.0	0.0	0.0	0.0	0.0	0.0	0.0	0.0	0.0	0.0	0.0	0.0	0.0	0.0	0.0	0.0	0.0	0.0	0.0	0.0	0.0	0.0	0.0	0.0	0.0	0.0	0.0	0.0	0.0	0.0	
1.792	1.5533333333333332	1.3753333333333333	1.11	0.726	0.6533333333333333	0.5586666666666666	0.52	0.49133333333333334	0.5093333333333333	0.436	0.4053333333333333	0.3466666666666667	0.284	0.268	0.224	0.166	0.174	0.14	0.128	0.13066666666666665	0.14266666666666666	0.11333333333333333	0.08533333333333333	0.064	0.06066666666666667	0.058	0.04733333333333333	0.02	0.016666666666666666	0.016	0.018666666666666668	0.016666666666666666	0.020666666666666667	0.018	0.018	0.012	0.014666666666666666	0.008666666666666666	0.014666666666666666	0.009333333333333334	0.007333333333333333	0.009333333333333334	0.008666666666666666	0.004666666666666667	0.0026666666666666666	0.002	0.002	0.0013333333333333333	0.0006666666666666666	0.0013333333333333333	0.0	0.0	0.0	0.0	0.0	0.0	0.0006666666666666666	0.0	0.0	0.0	0.0	0.0	0.0	0.0	0.0	0.0	0.0	0.0	0.0	0.0	0.0	0.0	0.0	0.0	0.0	0.0	0.0	0.0	0.0	0.0	0.0	0.0	0.0	0.0	0.0	0.0	0.0	0.0	0.0	0.0	0.0	0.0	0.0	0.0	0.0	0.0	0.0	0.0	
1.7466666666666666	1.6226666666666667	1.4	1.1326666666666667	0.6966666666666667	0.6566666666666666	0.5933333333333334	0.484	0.496	0.4726666666666667	0.418	0.4053333333333333	0.32066666666666666	0.2786666666666667	0.2886666666666667	0.20133333333333334	0.14733333333333334	0.142	0.13533333333333333	0.118	0.12733333333333333	0.126	0.122	0.09133333333333334	0.05266666666666667	0.066	0.058	0.050666666666666665	0.013333333333333334	0.018	0.016666666666666666	0.015333333333333332	0.016	0.017333333333333333	0.016	0.016	0.008666666666666666	0.013333333333333334	0.006666666666666667	0.01	0.012	0.012666666666666666	0.005333333333333333	0.008666666666666666	0.005333333333333333	0.0033333333333333335	0.0013333333333333333	0.0026666666666666666	0.004	0.0006666666666666666	0.0006666666666666666	0.0	0.0006666666666666666	0.0	0.0	0.0006666666666666666	0.0	0.0	0.0	0.0	0.0	0.0	0.0	0.0	0.0	0.0	0.0	0.0	0.0	0.0	0.0	0.0	0.0	0.0	0.0	0.0	0.0	0.0	0.0	0.0	0.0	0.0	0.0	0.0	0.0	0.0	0.0	0.0	0.0	0.0	0.0	0.0	0.0	0.0	0.0	0.0	0.0	0.0	0.0	
1.796	1.54	1.4573333333333334	1.1166666666666667	0.7246666666666667	0.67	0.5933333333333334	0.5066666666666667	0.47933333333333333	0.45666666666666667	0.43933333333333335	0.36333333333333334	0.32866666666666666	0.286	0.23533333333333334	0.19466666666666665	0.17133333333333334	0.15	0.13866666666666666	0.122	0.12933333333333333	0.11866666666666667	0.11133333333333334	0.09266666666666666	0.07	0.06866666666666667	0.06266666666666666	0.04666666666666667	0.019333333333333334	0.020666666666666667	0.018666666666666668	0.018	0.014666666666666666	0.016666666666666666	0.012666666666666666	0.016666666666666666	0.014	0.012	0.011333333333333334	0.015333333333333332	0.01	0.005333333333333333	0.008666666666666666	0.005333333333333333	0.006	0.0026666666666666666	0.0033333333333333335	0.002	0.0013333333333333333	0.0006666666666666666	0.0006666666666666666	0.0	0.0	0.0	0.0	0.0	0.0	0.0	0.0	0.0	0.0	0.0	0.0	0.0	0.0	0.0	0.0	0.0	0.0	0.0	0.0	0.0	0.0	0.0	0.0	0.0	0.0	0.0	0.0	0.0	0.0	0.0	0.0	0.0	0.0	0.0	0.0	0.0	0.0	0.0	0.0	0.0	0.0	0.0	0.0	0.0	0.0	0.0	0.0	
1.7346666666666666	1.5613333333333332	1.3533333333333333	1.0633333333333332	0.6786666666666666	0.66	0.5753333333333334	0.45866666666666667	0.488	0.4246666666666667	0.4073333333333333	0.382	0.31933333333333336	0.27066666666666667	0.24133333333333334	0.208	0.15133333333333332	0.14266666666666666	0.13533333333333333	0.11533333333333333	0.12066666666666667	0.11466666666666667	0.12066666666666667	0.072	0.06066666666666667	0.056666666666666664	0.04066666666666666	0.04533333333333334	0.021333333333333333	0.019333333333333334	0.018666666666666668	0.024666666666666667	0.020666666666666667	0.021333333333333333	0.016	0.020666666666666667	0.012666666666666666	0.012666666666666666	0.015333333333333332	0.014666666666666666	0.013333333333333334	0.006666666666666667	0.008666666666666666	0.011333333333333334	0.009333333333333334	0.0033333333333333335	0.0013333333333333333	0.0	0.0013333333333333333	0.0013333333333333333	0.0	0.0	0.0	0.0	0.0	0.0	0.0	0.0	0.0	0.0	0.0	0.0	0.0	0.0	0.0	0.0	0.0	0.0	0.0	0.0	0.0	0.0	0.0	0.0	0.0	0.0	0.0	0.0	0.0	0.0	0.0	0.0	0.0	0.0	0.0	0.0	0.0	0.0	0.0	0.0	0.0	0.0	0.0	0.0	0.0	0.0	0.0	0.0	0.0	
1.726	1.5393333333333334	1.344	1.0713333333333332	0.7373333333333333	0.6466666666666666	0.5346666666666666	0.49866666666666665	0.45866666666666667	0.458	0.416	0.4086666666666667	0.3406666666666667	0.23666666666666666	0.23733333333333334	0.21	0.16666666666666666	0.13933333333333334	0.13133333333333333	0.12	0.12	0.11333333333333333	0.11933333333333333	0.08066666666666666	0.044	0.05266666666666667	0.051333333333333335	0.038	0.02266666666666667	0.016666666666666666	0.016666666666666666	0.015333333333333332	0.022	0.014666666666666666	0.020666666666666667	0.018	0.014	0.008666666666666666	0.010666666666666666	0.010666666666666666	0.006	0.004666666666666667	0.009333333333333334	0.011333333333333334	0.006666666666666667	0.002	0.002	0.0006666666666666666	0.0013333333333333333	0.0006666666666666666	0.0006666666666666666	0.0006666666666666666	0.0	0.0006666666666666666	0.0	0.0	0.0	0.0	0.0	0.0	0.0	0.0	0.0	0.0	0.0	0.0	0.0	0.0	0.0	0.0	0.0	0.0	0.0	0.0	0.0	0.0	0.0	0.0	0.0	0.0	0.0	0.0	0.0	0.0	0.0	0.0	0.0	0.0	0.0	0.0	0.0	0.0	0.0	0.0	0.0	0.0	0.0	0.0	0.0	
1.708	1.57	1.274	1.11	0.6933333333333334	0.592	0.554	0.4646666666666667	0.43133333333333335	0.45266666666666666	0.4066666666666667	0.39666666666666667	0.3333333333333333	0.278	0.252	0.19466666666666665	0.15133333333333332	0.13533333333333333	0.13133333333333333	0.11933333333333333	0.124	0.114	0.12066666666666667	0.07	0.051333333333333335	0.04933333333333333	0.054	0.054	0.02	0.014666666666666666	0.016666666666666666	0.021333333333333333	0.011333333333333334	0.015333333333333332	0.019333333333333334	0.017333333333333333	0.014	0.010666666666666666	0.008	0.009333333333333334	0.010666666666666666	0.008	0.006666666666666667	0.006666666666666667	0.004666666666666667	0.0033333333333333335	0.002	0.0006666666666666666	0.0	0.0006666666666666666	0.0	0.0	0.0	0.0013333333333333333	0.0006666666666666666	0.0	0.0	0.0	0.0	0.0	0.0	0.0	0.0	0.0	0.0	0.0	0.0	0.0	0.0	0.0	0.0	0.0	0.0	0.0	0.0	0.0	0.0	0.0	0.0	0.0	0.0	0.0	0.0	0.0	0.0	0.0	0.0	0.0	0.0	0.0	0.0	0.0	0.0	0.0	0.0	0.0	0.0	0.0	0.0	
1.748	1.5026666666666666	1.3586666666666667	1.0733333333333333	0.6793333333333333	0.63	0.5406666666666666	0.49533333333333335	0.4493333333333333	0.428	0.4146666666666667	0.38466666666666666	0.31333333333333335	0.276	0.24866666666666667	0.214	0.15733333333333333	0.138	0.15866666666666668	0.118	0.12066666666666667	0.12266666666666666	0.10933333333333334	0.084	0.05533333333333333	0.06266666666666666	0.056666666666666664	0.04066666666666666	0.016666666666666666	0.020666666666666667	0.02	0.024	0.019333333333333334	0.019333333333333334	0.015333333333333332	0.012	0.014666666666666666	0.01	0.012	0.010666666666666666	0.012	0.004666666666666667	0.006	0.009333333333333334	0.0033333333333333335	0.004666666666666667	0.0013333333333333333	0.0033333333333333335	0.0	0.0013333333333333333	0.0013333333333333333	0.0	0.0	0.0	0.0	0.0	0.0	0.0	0.0	0.0	0.0	0.0	0.0	0.0	0.0	0.0	0.0	0.0	0.0	0.0	0.0	0.0	0.0	0.0	0.0	0.0	0.0	0.0	0.0	0.0	0.0	0.0	0.0	0.0	0.0	0.0	0.0	0.0	0.0	0.0	0.0	0.0	0.0	0.0	0.0	0.0	0.0	0.0	0.0	
1.7133333333333334	1.4553333333333334	1.2966666666666666	1.0393333333333334	0.6986666666666667	0.614	0.598	0.4886666666666667	0.472	0.43666666666666665	0.4186666666666667	0.3353333333333333	0.31933333333333336	0.262	0.25266666666666665	0.18933333333333333	0.134	0.154	0.13733333333333334	0.11933333333333333	0.11466666666666667	0.10933333333333334	0.10466666666666667	0.08066666666666666	0.05266666666666667	0.05733333333333333	0.056666666666666664	0.032	0.02	0.018666666666666668	0.016	0.012666666666666666	0.020666666666666667	0.016	0.009333333333333334	0.014	0.010666666666666666	0.005333333333333333	0.015333333333333332	0.010666666666666666	0.014666666666666666	0.007333333333333333	0.005333333333333333	0.007333333333333333	0.0033333333333333335	0.0033333333333333335	0.002	0.0026666666666666666	0.002	0.0006666666666666666	0.0	0.0	0.0	0.0013333333333333333	0.0006666666666666666	0.0	0.0	0.0	0.0	0.0	0.0	0.0	0.0	0.0	0.0	0.0	0.0	0.0	0.0	0.0	0.0	0.0	0.0	0.0	0.0	0.0	0.0	0.0	0.0	0.0	0.0	0.0	0.0	0.0	0.0	0.0	0.0	0.0	0.0	0.0	0.0	0.0	0.0	0.0	0.0	0.0	0.0	0.0	0.0	
1.73	1.4826666666666666	1.2906666666666666	1.1226666666666667	0.698	0.646	0.534	0.42533333333333334	0.456	0.43866666666666665	0.3993333333333333	0.36666666666666664	0.31866666666666665	0.24266666666666667	0.24733333333333332	0.186	0.14733333333333334	0.11866666666666667	0.14333333333333334	0.11066666666666666	0.11333333333333333	0.124	0.10466666666666667	0.07266666666666667	0.04933333333333333	0.056666666666666664	0.06266666666666666	0.035333333333333335	0.02266666666666667	0.018	0.024666666666666667	0.016666666666666666	0.012666666666666666	0.011333333333333334	0.018	0.014666666666666666	0.010666666666666666	0.013333333333333334	0.012666666666666666	0.006	0.006666666666666667	0.006666666666666667	0.008	0.007333333333333333	0.005333333333333333	0.002	0.0006666666666666666	0.0006666666666666666	0.0026666666666666666	0.0013333333333333333	0.0006666666666666666	0.0006666666666666666	0.0006666666666666666	0.0	0.0	0.0006666666666666666	0.0	0.0006666666666666666	0.0	0.0	0.0	0.0	0.0	0.0	0.0	0.0	0.0	0.0	0.0	0.0	0.0	0.0	0.0	0.0	0.0	0.0	0.0	0.0	0.0	0.0	0.0	0.0	0.0	0.0	0.0	0.0	0.0	0.0	0.0	0.0	0.0	0.0	0.0	0.0	0.0	0.0	0.0	0.0	0.0	
1.6373333333333333	1.4326666666666668	1.2026666666666668	1.0206666666666666	0.6926666666666667	0.6033333333333334	0.54	0.4226666666666667	0.41	0.43066666666666664	0.4066666666666667	0.372	0.324	0.26066666666666666	0.202	0.21333333333333335	0.15733333333333333	0.136	0.11933333333333333	0.11333333333333333	0.11466666666666667	0.10133333333333333	0.102	0.06933333333333333	0.058666666666666666	0.050666666666666665	0.046	0.03666666666666667	0.024	0.024	0.022	0.014	0.015333333333333332	0.018666666666666668	0.015333333333333332	0.016666666666666666	0.017333333333333333	0.013333333333333334	0.01	0.015333333333333332	0.005333333333333333	0.01	0.004666666666666667	0.006666666666666667	0.004666666666666667	0.002	0.0013333333333333333	0.0006666666666666666	0.0013333333333333333	0.0	0.0006666666666666666	0.0	0.0	0.0	0.0	0.0	0.0	0.0	0.0	0.0	0.0	0.0	0.0	0.0	0.0	0.0	0.0	0.0	0.0	0.0	0.0	0.0	0.0	0.0	0.0	0.0	0.0	0.0	0.0	0.0	0.0	0.0	0.0	0.0	0.0	0.0	0.0	0.0	0.0	0.0	0.0	0.0	0.0	0.0	0.0	0.0	0.0	0.0	0.0	
1.6053333333333333	1.4226666666666667	1.2513333333333334	1.0006666666666666	0.692	0.6093333333333333	0.548	0.43933333333333335	0.4033333333333333	0.404	0.39266666666666666	0.38333333333333336	0.308	0.25133333333333335	0.22733333333333333	0.2	0.13866666666666666	0.12866666666666668	0.13666666666666666	0.13133333333333333	0.10533333333333333	0.1	0.09533333333333334	0.06666666666666667	0.05	0.038	0.05733333333333333	0.03866666666666667	0.014666666666666666	0.013333333333333334	0.013333333333333334	0.024	0.013333333333333334	0.01	0.012	0.017333333333333333	0.010666666666666666	0.006	0.009333333333333334	0.009333333333333334	0.008	0.0033333333333333335	0.006	0.005333333333333333	0.004666666666666667	0.004	0.0006666666666666666	0.0	0.002	0.0006666666666666666	0.0	0.0	0.0013333333333333333	0.0006666666666666666	0.0006666666666666666	0.0	0.0	0.0	0.0	0.0	0.0	0.0	0.0	0.0	0.0	0.0	0.0	0.0	0.0	0.0	0.0	0.0	0.0	0.0	0.0	0.0	0.0	0.0	0.0	0.0	0.0	0.0	0.0	0.0	0.0	0.0	0.0	0.0	0.0	0.0	0.0	0.0	0.0	0.0	0.0	0.0	0.0	0.0	0.0	
1.59	1.378	1.2393333333333334	0.9953333333333333	0.6806666666666666	0.5866666666666667	0.5113333333333333	0.43866666666666665	0.4186666666666667	0.394	0.36	0.362	0.2813333333333333	0.22533333333333333	0.23533333333333334	0.178	0.15	0.14133333333333334	0.126	0.10733333333333334	0.098	0.10866666666666666	0.09866666666666667	0.07266666666666667	0.06266666666666666	0.04533333333333334	0.05	0.03266666666666666	0.024666666666666667	0.02266666666666667	0.018666666666666668	0.015333333333333332	0.006666666666666667	0.015333333333333332	0.010666666666666666	0.014666666666666666	0.011333333333333334	0.014	0.012666666666666666	0.014	0.012666666666666666	0.007333333333333333	0.005333333333333333	0.004666666666666667	0.004	0.002	0.0013333333333333333	0.0026666666666666666	0.0013333333333333333	0.0013333333333333333	0.0	0.0006666666666666666	0.0	0.0	0.0	0.0	0.0	0.0	0.0	0.0	0.0	0.0	0.0	0.0	0.0	0.0	0.0	0.0	0.0	0.0	0.0	0.0	0.0	0.0	0.0	0.0	0.0	0.0	0.0	0.0	0.0	0.0	0.0	0.0	0.0	0.0	0.0	0.0	0.0	0.0	0.0	0.0	0.0	0.0	0.0	0.0	0.0	0.0	0.0	
1.5426666666666666	1.4706666666666666	1.2426666666666666	0.9813333333333333	0.61	0.5646666666666667	0.5366666666666666	0.454	0.408	0.45266666666666666	0.36666666666666664	0.35733333333333334	0.29	0.23333333333333334	0.23	0.16666666666666666	0.15333333333333332	0.14	0.12466666666666666	0.102	0.09933333333333333	0.12066666666666667	0.08733333333333333	0.06133333333333333	0.058	0.05466666666666667	0.050666666666666665	0.034666666666666665	0.017333333333333333	0.016	0.018666666666666668	0.014	0.012666666666666666	0.015333333333333332	0.007333333333333333	0.011333333333333334	0.018666666666666668	0.017333333333333333	0.008666666666666666	0.013333333333333334	0.004	0.006666666666666667	0.008	0.0026666666666666666	0.004	0.0033333333333333335	0.0013333333333333333	0.0033333333333333335	0.0013333333333333333	0.0026666666666666666	0.0006666666666666666	0.0006666666666666666	0.0006666666666666666	0.0006666666666666666	0.0	0.0	0.0	0.0	0.0006666666666666666	0.0	0.0	0.0	0.0	0.0	0.0	0.0	0.0	0.0	0.0	0.0	0.0	0.0	0.0	0.0	0.0	0.0	0.0	0.0	0.0	0.0	0.0	0.0	0.0	0.0	0.0	0.0	0.0	0.0	0.0	0.0	0.0	0.0	0.0	0.0	0.0	0.0	0.0	0.0	0.0	
1.5646666666666667	1.3986666666666667	1.1946666666666668	1.0233333333333334	0.6453333333333333	0.574	0.5246666666666666	0.44066666666666665	0.424	0.42533333333333334	0.362	0.33466666666666667	0.28	0.228	0.21066666666666667	0.18066666666666667	0.11866666666666667	0.14	0.11733333333333333	0.102	0.12	0.09733333333333333	0.10066666666666667	0.06	0.03866666666666667	0.048	0.04466666666666667	0.037333333333333336	0.022	0.014	0.012666666666666666	0.014	0.013333333333333334	0.016666666666666666	0.009333333333333334	0.012666666666666666	0.011333333333333334	0.012666666666666666	0.009333333333333334	0.010666666666666666	0.006	0.0033333333333333335	0.006	0.006	0.002	0.004666666666666667	0.002	0.0013333333333333333	0.0026666666666666666	0.0	0.0	0.0	0.0	0.0	0.0	0.0	0.0	0.0	0.0	0.0	0.0	0.0	0.0	0.0	0.0	0.0	0.0	0.0	0.0	0.0	0.0	0.0	0.0	0.0	0.0	0.0	0.0	0.0	0.0	0.0	0.0	0.0	0.0	0.0	0.0	0.0	0.0	0.0	0.0	0.0	0.0	0.0	0.0	0.0	0.0	0.0	0.0	0.0	0.0	
1.5253333333333334	1.3746666666666667	1.158	0.978	0.6413333333333333	0.5766666666666667	0.486	0.44	0.43266666666666664	0.4073333333333333	0.372	0.3626666666666667	0.28933333333333333	0.21533333333333332	0.224	0.16066666666666668	0.164	0.134	0.11733333333333333	0.106	0.11333333333333333	0.10733333333333334	0.114	0.05733333333333333	0.048	0.04666666666666667	0.043333333333333335	0.03133333333333333	0.014	0.014666666666666666	0.020666666666666667	0.02266666666666667	0.017333333333333333	0.019333333333333334	0.016	0.014	0.008	0.01	0.009333333333333334	0.007333333333333333	0.010666666666666666	0.008	0.008	0.007333333333333333	0.007333333333333333	0.0026666666666666666	0.0006666666666666666	0.0026666666666666666	0.0013333333333333333	0.0006666666666666666	0.0	0.0	0.0	0.0006666666666666666	0.0	0.0	0.0	0.0	0.0	0.0	0.0	0.0	0.0	0.0	0.0	0.0	0.0	0.0	0.0	0.0	0.0	0.0	0.0	0.0	0.0	0.0	0.0	0.0	0.0	0.0	0.0	0.0	0.0	0.0	0.0	0.0	0.0	0.0	0.0	0.0	0.0	0.0	0.0	0.0	0.0	0.0	0.0	0.0	0.0	
1.5033333333333334	1.3066666666666666	1.17	0.9933333333333333	0.6373333333333333	0.5613333333333334	0.516	0.4266666666666667	0.402	0.39066666666666666	0.364	0.32133333333333336	0.266	0.23133333333333334	0.206	0.15933333333333333	0.14266666666666666	0.126	0.12533333333333332	0.092	0.10733333333333334	0.11333333333333333	0.10533333333333333	0.068	0.04066666666666666	0.046	0.056	0.04	0.015333333333333332	0.015333333333333332	0.016	0.012	0.010666666666666666	0.008	0.02	0.012	0.014	0.008	0.01	0.012	0.008	0.006	0.007333333333333333	0.007333333333333333	0.008	0.005333333333333333	0.0006666666666666666	0.002	0.002	0.0	0.0	0.0	0.0006666666666666666	0.0	0.0	0.0	0.0	0.0	0.0	0.0	0.0	0.0	0.0	0.0	0.0	0.0	0.0	0.0	0.0	0.0	0.0	0.0	0.0	0.0	0.0	0.0	0.0	0.0	0.0	0.0	0.0	0.0	0.0	0.0	0.0	0.0	0.0	0.0	0.0	0.0	0.0	0.0	0.0	0.0	0.0	0.0	0.0	0.0	0.0	
1.482	1.338	1.202	0.9466666666666667	0.6073333333333333	0.5513333333333333	0.5086666666666667	0.444	0.41933333333333334	0.37133333333333335	0.34933333333333333	0.348	0.27066666666666667	0.22133333333333333	0.24133333333333334	0.164	0.15266666666666667	0.12933333333333333	0.11333333333333333	0.104	0.10533333333333333	0.098	0.1	0.068	0.05	0.05	0.050666666666666665	0.03933333333333333	0.018666666666666668	0.014	0.018	0.014	0.012	0.008	0.015333333333333332	0.016	0.012666666666666666	0.012	0.006	0.011333333333333334	0.005333333333333333	0.009333333333333334	0.006	0.0033333333333333335	0.005333333333333333	0.002	0.0	0.002	0.0013333333333333333	0.0013333333333333333	0.0	0.0006666666666666666	0.0	0.0	0.0	0.0	0.0	0.0	0.0	0.0	0.0	0.0	0.0	0.0	0.0	0.0	0.0	0.0	0.0	0.0	0.0	0.0	0.0	0.0	0.0	0.0	0.0	0.0	0.0	0.0	0.0	0.0	0.0	0.0	0.0	0.0	0.0	0.0	0.0	0.0	0.0	0.0	0.0	0.0	0.0	0.0	0.0	0.0	0.0	
1.442	1.3113333333333332	1.202	0.988	0.636	0.544	0.45666666666666667	0.4086666666666667	0.3973333333333333	0.362	0.35533333333333333	0.348	0.254	0.21866666666666668	0.20466666666666666	0.17466666666666666	0.14066666666666666	0.12466666666666666	0.10666666666666667	0.098	0.10266666666666667	0.09933333333333333	0.09	0.06133333333333333	0.054	0.044	0.048666666666666664	0.04066666666666666	0.017333333333333333	0.014666666666666666	0.01	0.012666666666666666	0.01	0.014	0.018666666666666668	0.010666666666666666	0.008666666666666666	0.009333333333333334	0.01	0.010666666666666666	0.01	0.007333333333333333	0.004	0.005333333333333333	0.006	0.0026666666666666666	0.0006666666666666666	0.0	0.0033333333333333335	0.002	0.0	0.0	0.0006666666666666666	0.0	0.0	0.0	0.0	0.0	0.0	0.0	0.0	0.0	0.0	0.0	0.0	0.0	0.0	0.0	0.0	0.0	0.0	0.0	0.0	0.0	0.0	0.0	0.0	0.0	0.0	0.0	0.0	0.0	0.0	0.0	0.0	0.0	0.0	0.0	0.0	0.0	0.0	0.0	0.0	0.0	0.0	0.0	0.0	0.0	0.0	
1.4613333333333334	1.3806666666666667	1.1246666666666667	0.9246666666666666	0.5946666666666667	0.5373333333333333	0.4513333333333333	0.4613333333333333	0.4073333333333333	0.38133333333333336	0.334	0.3233333333333333	0.27266666666666667	0.20866666666666667	0.192	0.18866666666666668	0.146	0.128	0.10066666666666667	0.10733333333333334	0.09066666666666667	0.09466666666666666	0.09333333333333334	0.06333333333333334	0.048666666666666664	0.044	0.046	0.035333333333333335	0.02	0.022	0.016666666666666666	0.014666666666666666	0.012	0.016666666666666666	0.016	0.011333333333333334	0.010666666666666666	0.007333333333333333	0.012666666666666666	0.008666666666666666	0.005333333333333333	0.004666666666666667	0.006666666666666667	0.0026666666666666666	0.0026666666666666666	0.004	0.0026666666666666666	0.0006666666666666666	0.0006666666666666666	0.0006666666666666666	0.0	0.0	0.0	0.0	0.0	0.0006666666666666666	0.0	0.0	0.0	0.0	0.0	0.0	0.0	0.0	0.0	0.0	0.0	0.0	0.0	0.0	0.0	0.0	0.0	0.0	0.0	0.0	0.0	0.0	0.0	0.0	0.0	0.0	0.0	0.0	0.0	0.0	0.0	0.0	0.0	0.0	0.0	0.0	0.0	0.0	0.0	0.0	0.0	0.0	0.0	
1.37	1.3093333333333332	1.18	0.9253333333333333	0.6046666666666667	0.5433333333333333	0.4846666666666667	0.39066666666666666	0.3873333333333333	0.364	0.34933333333333333	0.3546666666666667	0.2753333333333333	0.23533333333333334	0.18866666666666668	0.158	0.13666666666666666	0.128	0.13266666666666665	0.10666666666666667	0.10533333333333333	0.09533333333333334	0.102	0.062	0.04533333333333334	0.04066666666666666	0.042	0.034	0.020666666666666667	0.011333333333333334	0.013333333333333334	0.016666666666666666	0.015333333333333332	0.011333333333333334	0.012	0.016666666666666666	0.015333333333333332	0.014	0.009333333333333334	0.007333333333333333	0.010666666666666666	0.004	0.0033333333333333335	0.008666666666666666	0.007333333333333333	0.0033333333333333335	0.0013333333333333333	0.0013333333333333333	0.0	0.004	0.0013333333333333333	0.002	0.0006666666666666666	0.0	0.0	0.0	0.0	0.0	0.0	0.0	0.0	0.0	0.0	0.0	0.0	0.0	0.0	0.0	0.0	0.0	0.0	0.0	0.0	0.0	0.0	0.0	0.0	0.0	0.0	0.0	0.0	0.0	0.0	0.0	0.0	0.0	0.0	0.0	0.0	0.0	0.0	0.0	0.0	0.0	0.0	0.0	0.0	0.0	0.0	
1.3946666666666667	1.3106666666666666	1.128	0.92	0.5953333333333334	0.5366666666666666	0.476	0.4046666666666667	0.37266666666666665	0.388	0.3273333333333333	0.3466666666666667	0.262	0.21533333333333332	0.208	0.16266666666666665	0.13933333333333334	0.11466666666666667	0.10133333333333333	0.09533333333333334	0.08333333333333333	0.09933333333333333	0.08933333333333333	0.06333333333333334	0.03666666666666667	0.044	0.051333333333333335	0.032	0.013333333333333334	0.021333333333333333	0.017333333333333333	0.013333333333333334	0.012	0.017333333333333333	0.012	0.022	0.012	0.008	0.010666666666666666	0.01	0.008666666666666666	0.005333333333333333	0.004	0.004	0.0033333333333333335	0.002	0.0	0.0	0.0006666666666666666	0.0	0.0	0.0	0.0006666666666666666	0.0006666666666666666	0.0	0.0	0.0	0.0	0.0	0.0	0.0	0.0	0.0	0.0	0.0	0.0	0.0	0.0	0.0	0.0	0.0	0.0	0.0	0.0	0.0	0.0	0.0	0.0	0.0	0.0	0.0	0.0	0.0	0.0	0.0	0.0	0.0	0.0	0.0	0.0	0.0	0.0	0.0	0.0	0.0	0.0	0.0	0.0	0.0	
1.4413333333333334	1.318	1.116	0.932	0.5766666666666667	0.5393333333333333	0.4786666666666667	0.4266666666666667	0.39	0.3433333333333333	0.34933333333333333	0.33	0.258	0.196	0.202	0.15266666666666667	0.13266666666666665	0.132	0.11466666666666667	0.096	0.09866666666666667	0.08933333333333333	0.096	0.058666666666666666	0.04733333333333333	0.048666666666666664	0.04466666666666667	0.032	0.018	0.013333333333333334	0.010666666666666666	0.011333333333333334	0.013333333333333334	0.007333333333333333	0.012666666666666666	0.016666666666666666	0.012	0.01	0.011333333333333334	0.010666666666666666	0.007333333333333333	0.006	0.004666666666666667	0.0013333333333333333	0.004666666666666667	0.0033333333333333335	0.0006666666666666666	0.0006666666666666666	0.002	0.002	0.0	0.0	0.0006666666666666666	0.0	0.0	0.0	0.0	0.0	0.0	0.0	0.0	0.0	0.0	0.0	0.0	0.0	0.0	0.0	0.0	0.0	0.0	0.0	0.0	0.0	0.0	0.0	0.0	0.0	0.0	0.0	0.0	0.0	0.0	0.0	0.0	0.0	0.0	0.0	0.0	0.0	0.0	0.0	0.0	0.0	0.0	0.0	0.0	0.0	0.0	
1.302	1.21	1.0486666666666666	0.8553333333333333	0.5626666666666666	0.52	0.452	0.37266666666666665	0.3473333333333333	0.352	0.2833333333333333	0.30866666666666664	0.24933333333333332	0.20666666666666667	0.18866666666666668	0.15733333333333333	0.11733333333333333	0.10866666666666666	0.10933333333333334	0.10066666666666667	0.09133333333333334	0.08933333333333333	0.09333333333333334	0.06333333333333334	0.046	0.038	0.04	0.037333333333333336	0.014	0.011333333333333334	0.019333333333333334	0.013333333333333334	0.013333333333333334	0.005333333333333333	0.012666666666666666	0.010666666666666666	0.008	0.009333333333333334	0.008666666666666666	0.009333333333333334	0.007333333333333333	0.008666666666666666	0.007333333333333333	0.006	0.0026666666666666666	0.002	0.002	0.0006666666666666666	0.0013333333333333333	0.0	0.0	0.0006666666666666666	0.0	0.0	0.0	0.0	0.0	0.0	0.0	0.0	0.0	0.0	0.0	0.0	0.0	0.0	0.0	0.0	0.0	0.0	0.0	0.0	0.0	0.0	0.0	0.0	0.0	0.0	0.0	0.0	0.0	0.0	0.0	0.0	0.0	0.0	0.0	0.0	0.0	0.0	0.0	0.0	0.0	0.0	0.0	0.0	0.0	0.0	0.0	
1.3593333333333333	1.164	1.0053333333333334	0.8093333333333333	0.5113333333333333	0.46266666666666667	0.42866666666666664	0.366	0.33266666666666667	0.33466666666666667	0.304	0.276	0.21466666666666667	0.198	0.17733333333333334	0.13733333333333334	0.132	0.10866666666666666	0.112	0.07933333333333334	0.08133333333333333	0.088	0.08533333333333333	0.06	0.042666666666666665	0.043333333333333335	0.030666666666666665	0.027333333333333334	0.016666666666666666	0.012	0.010666666666666666	0.010666666666666666	0.011333333333333334	0.015333333333333332	0.010666666666666666	0.012	0.008	0.007333333333333333	0.006	0.004666666666666667	0.007333333333333333	0.005333333333333333	0.004	0.004	0.005333333333333333	0.0006666666666666666	0.0	0.0006666666666666666	0.0006666666666666666	0.0013333333333333333	0.0	0.0	0.0	0.0	0.0	0.0	0.0	0.0	0.0	0.0	0.0	0.0	0.0	0.0	0.0	0.0	0.0	0.0	0.0	0.0	0.0	0.0	0.0	0.0	0.0	0.0	0.0	0.0	0.0	0.0	0.0	0.0	0.0	0.0	0.0	0.0	0.0	0.0	0.0	0.0	0.0	0.0	0.0	0.0	0.0	0.0	0.0	0.0	0.0	
1.2893333333333334	1.224	0.9733333333333334	0.7746666666666666	0.492	0.4593333333333333	0.39	0.3506666666666667	0.354	0.32466666666666666	0.2946666666666667	0.256	0.212	0.17066666666666666	0.17866666666666667	0.12266666666666666	0.11266666666666666	0.09733333333333333	0.094	0.08866666666666667	0.06733333333333333	0.07133333333333333	0.07333333333333333	0.04466666666666667	0.046	0.034666666666666665	0.03266666666666666	0.025333333333333333	0.010666666666666666	0.014666666666666666	0.010666666666666666	0.010666666666666666	0.008666666666666666	0.010666666666666666	0.012	0.010666666666666666	0.015333333333333332	0.01	0.005333333333333333	0.007333333333333333	0.01	0.0026666666666666666	0.004666666666666667	0.004	0.006	0.004	0.0	0.0	0.0	0.0013333333333333333	0.0	0.0	0.0	0.0	0.0	0.0	0.0	0.0	0.0	0.0	0.0	0.0	0.0	0.0	0.0	0.0	0.0	0.0	0.0	0.0	0.0	0.0	0.0	0.0	0.0	0.0	0.0	0.0	0.0	0.0	0.0	0.0	0.0	0.0	0.0	0.0	0.0	0.0	0.0	0.0	0.0	0.0	0.0	0.0	0.0	0.0	0.0	0.0	0.0	
1.234	1.118	0.9106666666666666	0.7033333333333334	0.44733333333333336	0.44066666666666665	0.4	0.34	0.31733333333333336	0.31066666666666665	0.264	0.262	0.18533333333333332	0.15466666666666667	0.156	0.12533333333333332	0.094	0.1	0.074	0.08266666666666667	0.07666666666666666	0.076	0.082	0.044	0.032	0.038	0.026	0.018666666666666668	0.015333333333333332	0.012666666666666666	0.01	0.014	0.011333333333333334	0.011333333333333334	0.006666666666666667	0.005333333333333333	0.008666666666666666	0.007333333333333333	0.007333333333333333	0.006	0.008	0.008	0.0033333333333333335	0.005333333333333333	0.004666666666666667	0.0033333333333333335	0.0006666666666666666	0.002	0.0	0.0006666666666666666	0.0006666666666666666	0.0	0.0006666666666666666	0.0	0.0	0.0	0.0	0.0	0.0	0.0	0.0	0.0	0.0	0.0	0.0	0.0	0.0	0.0	0.0	0.0	0.0	0.0	0.0	0.0	0.0	0.0	0.0	0.0	0.0	0.0	0.0	0.0	0.0	0.0	0.0	0.0	0.0	0.0	0.0	0.0	0.0	0.0	0.0	0.0	0.0	0.0	0.0	0.0	0.0	
1.126	1.058	0.896	0.7113333333333334	0.47	0.41333333333333333	0.372	0.30466666666666664	0.2886666666666667	0.292	0.236	0.23533333333333334	0.2	0.14666666666666667	0.13866666666666666	0.114	0.098	0.10133333333333333	0.09066666666666667	0.07266666666666667	0.07333333333333333	0.07733333333333334	0.06466666666666666	0.03133333333333333	0.038	0.034	0.03133333333333333	0.02266666666666667	0.007333333333333333	0.014	0.014666666666666666	0.011333333333333334	0.009333333333333334	0.006	0.011333333333333334	0.010666666666666666	0.005333333333333333	0.008666666666666666	0.006666666666666667	0.010666666666666666	0.005333333333333333	0.004	0.007333333333333333	0.006	0.005333333333333333	0.0033333333333333335	0.0006666666666666666	0.0	0.0006666666666666666	0.0013333333333333333	0.0006666666666666666	0.0006666666666666666	0.0006666666666666666	0.0	0.0	0.0	0.0	0.0	0.0	0.0	0.0	0.0	0.0	0.0	0.0	0.0	0.0	0.0	0.0	0.0	0.0	0.0	0.0	0.0	0.0	0.0	0.0	0.0	0.0	0.0	0.0	0.0	0.0	0.0	0.0	0.0	0.0	0.0	0.0	0.0	0.0	0.0	0.0	0.0	0.0	0.0	0.0	0.0	0.0	
1.1033333333333333	1.016	0.8606666666666667	0.6793333333333333	0.4106666666666667	0.4026666666666667	0.344	0.3233333333333333	0.28733333333333333	0.27	0.24266666666666667	0.22333333333333333	0.182	0.13	0.13266666666666665	0.11333333333333333	0.09266666666666666	0.086	0.082	0.06	0.06666666666666667	0.06066666666666667	0.07333333333333333	0.042	0.027333333333333334	0.027333333333333334	0.030666666666666665	0.019333333333333334	0.013333333333333334	0.011333333333333334	0.015333333333333332	0.011333333333333334	0.011333333333333334	0.006	0.008	0.010666666666666666	0.008666666666666666	0.008666666666666666	0.006	0.006666666666666667	0.004666666666666667	0.0033333333333333335	0.006666666666666667	0.004	0.002	0.0033333333333333335	0.0006666666666666666	0.002	0.0006666666666666666	0.002	0.0	0.0	0.0	0.0	0.0	0.0	0.0	0.0	0.0	0.0	0.0	0.0	0.0	0.0	0.0	0.0	0.0	0.0	0.0	0.0	0.0	0.0	0.0	0.0	0.0	0.0	0.0	0.0	0.0	0.0	0.0	0.0	0.0	0.0	0.0	0.0	0.0	0.0	0.0	0.0	0.0	0.0	0.0	0.0	0.0	0.0	0.0	0.0	0.0	
1.066	0.9206666666666666	0.7913333333333333	0.6433333333333333	0.4126666666666667	0.3606666666666667	0.30466666666666664	0.2906666666666667	0.2866666666666667	0.2713333333333333	0.23133333333333334	0.202	0.17466666666666666	0.13	0.12866666666666668	0.104	0.076	0.08133333333333333	0.08466666666666667	0.06133333333333333	0.068	0.06266666666666666	0.05466666666666667	0.04466666666666667	0.02	0.03266666666666666	0.02666666666666667	0.03	0.010666666666666666	0.011333333333333334	0.01	0.008666666666666666	0.009333333333333334	0.008666666666666666	0.004666666666666667	0.01	0.006666666666666667	0.007333333333333333	0.008	0.007333333333333333	0.009333333333333334	0.007333333333333333	0.006	0.0033333333333333335	0.0033333333333333335	0.004666666666666667	0.0	0.0	0.0	0.002	0.0006666666666666666	0.0	0.0	0.0	0.0	0.0	0.0	0.0	0.0006666666666666666	0.0	0.0	0.0	0.0	0.0	0.0	0.0	0.0	0.0	0.0	0.0	0.0	0.0	0.0	0.0	0.0	0.0	0.0	0.0	0.0	0.0	0.0	0.0	0.0	0.0	0.0	0.0	0.0	0.0	0.0	0.0	0.0	0.0	0.0	0.0	0.0	0.0	0.0	0.0	0.0	
1.01	0.8966666666666666	0.7973333333333333	0.642	0.4226666666666667	0.36733333333333335	0.30733333333333335	0.27666666666666667	0.2633333333333333	0.258	0.21266666666666667	0.20666666666666667	0.17333333333333334	0.12733333333333333	0.13066666666666665	0.112	0.09666666666666666	0.08133333333333333	0.078	0.06266666666666666	0.059333333333333335	0.06866666666666667	0.058666666666666666	0.034	0.034	0.025333333333333333	0.026	0.018666666666666668	0.008666666666666666	0.014	0.013333333333333334	0.009333333333333334	0.006	0.01	0.006666666666666667	0.006	0.004	0.006666666666666667	0.004	0.004	0.006666666666666667	0.0033333333333333335	0.0026666666666666666	0.0026666666666666666	0.004666666666666667	0.0006666666666666666	0.0006666666666666666	0.0	0.002	0.0006666666666666666	0.0	0.0	0.0	0.0013333333333333333	0.0	0.0	0.0	0.0	0.0	0.0	0.0	0.0	0.0	0.0	0.0	0.0	0.0	0.0	0.0	0.0	0.0	0.0	0.0	0.0	0.0	0.0	0.0	0.0	0.0	0.0	0.0	0.0	0.0	0.0	0.0	0.0	0.0	0.0	0.0	0.0	0.0	0.0	0.0	0.0	0.0	0.0	0.0	0.0	0.0	
0.9993333333333333	0.846	0.7446666666666667	0.5906666666666667	0.36866666666666664	0.3526666666666667	0.31733333333333336	0.24066666666666667	0.25066666666666665	0.23333333333333334	0.21666666666666667	0.17333333333333334	0.18	0.11933333333333333	0.132	0.102	0.07666666666666666	0.072	0.06933333333333333	0.066	0.059333333333333335	0.064	0.04933333333333333	0.03933333333333333	0.030666666666666665	0.028666666666666667	0.034	0.022	0.011333333333333334	0.014666666666666666	0.008666666666666666	0.01	0.005333333333333333	0.011333333333333334	0.006	0.005333333333333333	0.01	0.006666666666666667	0.008666666666666666	0.006666666666666667	0.004666666666666667	0.0013333333333333333	0.0033333333333333335	0.004666666666666667	0.002	0.002	0.0	0.0013333333333333333	0.0006666666666666666	0.002	0.0	0.0	0.0	0.0006666666666666666	0.0	0.0	0.0	0.0	0.0	0.0	0.0	0.0	0.0	0.0	0.0	0.0	0.0	0.0	0.0	0.0	0.0	0.0	0.0	0.0	0.0	0.0	0.0	0.0	0.0	0.0	0.0	0.0	0.0	0.0	0.0	0.0	0.0	0.0	0.0	0.0	0.0	0.0	0.0	0.0	0.0	0.0	0.0	0.0	0.0	
0.9306666666666666	0.8173333333333334	0.714	0.5813333333333334	0.364	0.30133333333333334	0.27666666666666667	0.23266666666666666	0.23933333333333334	0.238	0.184	0.214	0.13066666666666665	0.11066666666666666	0.098	0.098	0.06066666666666667	0.07466666666666667	0.072	0.054	0.04533333333333334	0.05333333333333334	0.05266666666666667	0.03666666666666667	0.025333333333333333	0.02666666666666667	0.027333333333333334	0.018666666666666668	0.009333333333333334	0.007333333333333333	0.012	0.010666666666666666	0.008	0.009333333333333334	0.005333333333333333	0.011333333333333334	0.011333333333333334	0.007333333333333333	0.006	0.007333333333333333	0.004	0.006	0.0013333333333333333	0.0026666666666666666	0.002	0.0	0.0	0.0	0.0	0.0	0.0	0.0	0.0	0.0006666666666666666	0.0	0.0	0.0	0.0	0.0	0.0	0.0	0.0	0.0	0.0	0.0	0.0	0.0	0.0	0.0	0.0	0.0	0.0	0.0	0.0	0.0	0.0	0.0	0.0	0.0	0.0	0.0	0.0	0.0	0.0	0.0	0.0	0.0	0.0	0.0	0.0	0.0	0.0	0.0	0.0	0.0	0.0	0.0	0.0	0.0	
0.9053333333333333	0.798	0.704	0.5426666666666666	0.37533333333333335	0.31933333333333336	0.27666666666666667	0.23333333333333334	0.23066666666666666	0.196	0.19733333333333333	0.17733333333333334	0.15266666666666667	0.10066666666666667	0.13	0.09933333333333333	0.07933333333333334	0.06266666666666666	0.05333333333333334	0.04933333333333333	0.048666666666666664	0.052	0.054	0.032	0.02266666666666667	0.024666666666666667	0.017333333333333333	0.021333333333333333	0.005333333333333333	0.004	0.007333333333333333	0.010666666666666666	0.007333333333333333	0.007333333333333333	0.004666666666666667	0.008	0.006666666666666667	0.006	0.0026666666666666666	0.005333333333333333	0.004	0.0033333333333333335	0.0033333333333333335	0.005333333333333333	0.0026666666666666666	0.0006666666666666666	0.002	0.0013333333333333333	0.0	0.0	0.0	0.0	0.0	0.0006666666666666666	0.0	0.0	0.0	0.0	0.0	0.0	0.0	0.0	0.0	0.0	0.0	0.0	0.0	0.0	0.0	0.0	0.0	0.0	0.0	0.0	0.0	0.0	0.0	0.0	0.0	0.0	0.0	0.0	0.0	0.0	0.0	0.0	0.0	0.0	0.0	0.0	0.0	0.0	0.0	0.0	0.0	0.0	0.0	0.0	0.0	
0.8693333333333333	0.756	0.636	0.5206666666666667	0.34933333333333333	0.30133333333333334	0.25466666666666665	0.24133333333333334	0.20266666666666666	0.20533333333333334	0.16666666666666666	0.18466666666666667	0.14933333333333335	0.12733333333333333	0.112	0.09733333333333333	0.06666666666666667	0.07266666666666667	0.06133333333333333	0.06	0.04733333333333333	0.03866666666666667	0.052	0.021333333333333333	0.02266666666666667	0.018666666666666668	0.018	0.017333333333333333	0.012666666666666666	0.010666666666666666	0.01	0.009333333333333334	0.008	0.010666666666666666	0.005333333333333333	0.004666666666666667	0.007333333333333333	0.006666666666666667	0.007333333333333333	0.004666666666666667	0.004	0.0026666666666666666	0.004	0.0026666666666666666	0.002	0.0013333333333333333	0.0013333333333333333	0.0	0.0006666666666666666	0.0	0.0	0.0	0.0	0.0	0.0	0.0	0.0	0.0	0.0	0.0	0.0	0.0	0.0	0.0	0.0	0.0	0.0	0.0	0.0	0.0	0.0	0.0	0.0	0.0	0.0	0.0	0.0	0.0	0.0	0.0	0.0	0.0	0.0	0.0	0.0	0.0	0.0	0.0	0.0	0.0	0.0	0.0	0.0	0.0	0.0	0.0	0.0	0.0	0.0	
0.856	0.7226666666666667	0.6346666666666667	0.5046666666666667	0.32066666666666666	0.298	0.24666666666666667	0.21266666666666667	0.21733333333333332	0.194	0.192	0.16933333333333334	0.13133333333333333	0.10133333333333333	0.10133333333333333	0.08333333333333333	0.07066666666666667	0.06266666666666666	0.056	0.051333333333333335	0.04733333333333333	0.056	0.04533333333333334	0.03666666666666667	0.02266666666666667	0.021333333333333333	0.016	0.018666666666666668	0.016666666666666666	0.008	0.007333333333333333	0.006	0.009333333333333334	0.006666666666666667	0.005333333333333333	0.007333333333333333	0.0026666666666666666	0.005333333333333333	0.004	0.0033333333333333335	0.004	0.006	0.004	0.0033333333333333335	0.002	0.0026666666666666666	0.0013333333333333333	0.0	0.0006666666666666666	0.002	0.0006666666666666666	0.0	0.0	0.0006666666666666666	0.0	0.0	0.0	0.0	0.0	0.0	0.0	0.0	0.0	0.0	0.0	0.0	0.0	0.0	0.0	0.0	0.0	0.0	0.0	0.0	0.0	0.0	0.0	0.0	0.0	0.0	0.0	0.0	0.0	0.0	0.0	0.0	0.0	0.0	0.0	0.0	0.0	0.0	0.0	0.0	0.0	0.0	0.0	0.0	0.0	
0.8106666666666666	0.7273333333333334	0.604	0.5006666666666667	0.3413333333333333	0.288	0.24933333333333332	0.21133333333333335	0.21933333333333332	0.17533333333333334	0.17533333333333334	0.172	0.12533333333333332	0.10066666666666667	0.09466666666666666	0.08533333333333333	0.06133333333333333	0.054	0.05466666666666667	0.050666666666666665	0.05333333333333334	0.044	0.04733333333333333	0.030666666666666665	0.014	0.016	0.012666666666666666	0.021333333333333333	0.006666666666666667	0.006666666666666667	0.006666666666666667	0.010666666666666666	0.0033333333333333335	0.006666666666666667	0.008666666666666666	0.0026666666666666666	0.004666666666666667	0.0026666666666666666	0.005333333333333333	0.004	0.0026666666666666666	0.0013333333333333333	0.004666666666666667	0.0006666666666666666	0.0006666666666666666	0.0006666666666666666	0.0	0.0	0.0013333333333333333	0.0	0.0	0.0	0.0	0.0	0.0	0.0	0.0	0.0	0.0	0.0	0.0	0.0	0.0	0.0	0.0	0.0	0.0	0.0	0.0	0.0	0.0	0.0	0.0	0.0	0.0	0.0	0.0	0.0	0.0	0.0	0.0	0.0	0.0	0.0	0.0	0.0	0.0	0.0	0.0	0.0	0.0	0.0	0.0	0.0	0.0	0.0	0.0	0.0	0.0	
0.8286666666666667	0.67	0.5773333333333334	0.49333333333333335	0.30866666666666664	0.28933333333333333	0.216	0.21466666666666667	0.194	0.20266666666666666	0.164	0.14333333333333334	0.11266666666666666	0.096	0.09066666666666667	0.08266666666666667	0.064	0.06133333333333333	0.06	0.04466666666666667	0.03866666666666667	0.034666666666666665	0.04	0.028666666666666667	0.014666666666666666	0.024666666666666667	0.016	0.014666666666666666	0.006666666666666667	0.008	0.010666666666666666	0.010666666666666666	0.007333333333333333	0.006666666666666667	0.004666666666666667	0.004666666666666667	0.01	0.004	0.0026666666666666666	0.002	0.004	0.0033333333333333335	0.0013333333333333333	0.0026666666666666666	0.0013333333333333333	0.0033333333333333335	0.0006666666666666666	0.0006666666666666666	0.0	0.0	0.0	0.0	0.0006666666666666666	0.0	0.0	0.0	0.0	0.0	0.0	0.0	0.0	0.0	0.0	0.0	0.0	0.0	0.0	0.0	0.0	0.0	0.0	0.0	0.0	0.0	0.0	0.0	0.0	0.0	0.0	0.0	0.0	0.0	0.0	0.0	0.0	0.0	0.0	0.0	0.0	0.0	0.0	0.0	0.0	0.0	0.0	0.0	0.0	0.0	0.0	
0.7926666666666666	0.704	0.5833333333333334	0.48533333333333334	0.29733333333333334	0.284	0.206	0.19266666666666668	0.176	0.18	0.146	0.15733333333333333	0.11	0.08733333333333333	0.08733333333333333	0.08333333333333333	0.051333333333333335	0.05333333333333334	0.046	0.03	0.038	0.04466666666666667	0.046	0.026	0.014	0.02	0.016666666666666666	0.010666666666666666	0.008	0.006	0.008	0.008	0.006	0.007333333333333333	0.010666666666666666	0.005333333333333333	0.007333333333333333	0.006	0.002	0.004666666666666667	0.0026666666666666666	0.0026666666666666666	0.0033333333333333335	0.0006666666666666666	0.002	0.0	0.0006666666666666666	0.0006666666666666666	0.0	0.0013333333333333333	0.0	0.0	0.0	0.0	0.0	0.0	0.0	0.0	0.0	0.0	0.0	0.0	0.0	0.0	0.0	0.0	0.0	0.0	0.0	0.0	0.0	0.0	0.0	0.0	0.0	0.0	0.0	0.0	0.0	0.0	0.0	0.0	0.0	0.0	0.0	0.0	0.0	0.0	0.0	0.0	0.0	0.0	0.0	0.0	0.0	0.0	0.0	0.0	0.0	
0.748	0.6493333333333333	0.5646666666666667	0.43	0.2713333333333333	0.266	0.20333333333333334	0.20666666666666667	0.17066666666666666	0.174	0.14133333333333334	0.13066666666666665	0.11133333333333334	0.086	0.08666666666666667	0.07866666666666666	0.05533333333333333	0.048666666666666664	0.042666666666666665	0.04533333333333334	0.042666666666666665	0.04	0.03133333333333333	0.030666666666666665	0.016	0.018666666666666668	0.018	0.008666666666666666	0.004666666666666667	0.005333333333333333	0.007333333333333333	0.004666666666666667	0.006	0.0033333333333333335	0.006666666666666667	0.008666666666666666	0.004	0.0026666666666666666	0.0033333333333333335	0.004	0.0033333333333333335	0.0006666666666666666	0.0013333333333333333	0.0013333333333333333	0.0026666666666666666	0.0	0.0006666666666666666	0.0	0.0	0.0006666666666666666	0.0	0.0	0.0	0.0	0.0	0.0006666666666666666	0.0	0.0	0.0	0.0	0.0	0.0	0.0	0.0	0.0	0.0	0.0	0.0	0.0	0.0	0.0	0.0	0.0	0.0	0.0	0.0	0.0	0.0	0.0	0.0	0.0	0.0	0.0	0.0	0.0	0.0	0.0	0.0	0.0	0.0	0.0	0.0	0.0	0.0	0.0	0.0	0.0	0.0	0.0	
0.73	0.6166666666666667	0.5593333333333333	0.45066666666666666	0.262	0.24933333333333332	0.20133333333333334	0.198	0.17333333333333334	0.166	0.15666666666666668	0.12866666666666668	0.10333333333333333	0.082	0.07866666666666666	0.072	0.048	0.04533333333333334	0.042	0.03866666666666667	0.04066666666666666	0.04066666666666666	0.032	0.022	0.016666666666666666	0.015333333333333332	0.012	0.016	0.0033333333333333335	0.005333333333333333	0.007333333333333333	0.006	0.0026666666666666666	0.0033333333333333335	0.006666666666666667	0.0013333333333333333	0.004666666666666667	0.004666666666666667	0.0026666666666666666	0.006	0.006	0.0026666666666666666	0.0033333333333333335	0.002	0.002	0.0	0.0006666666666666666	0.0006666666666666666	0.0	0.0006666666666666666	0.0	0.0	0.0	0.0	0.0	0.0	0.0	0.0	0.0	0.0	0.0	0.0	0.0	0.0	0.0	0.0	0.0	0.0	0.0	0.0	0.0	0.0	0.0	0.0	0.0	0.0	0.0	0.0	0.0	0.0	0.0	0.0	0.0	0.0	0.0	0.0	0.0	0.0	0.0	0.0	0.0	0.0	0.0	0.0	0.0	0.0	0.0	0.0	0.0	
0.7233333333333334	0.634	0.5253333333333333	0.42	0.272	0.24866666666666667	0.20266666666666666	0.16933333333333334	0.154	0.178	0.14866666666666667	0.13266666666666665	0.08466666666666667	0.08333333333333333	0.07133333333333333	0.06133333333333333	0.051333333333333335	0.03866666666666667	0.04	0.038	0.034666666666666665	0.042	0.03933333333333333	0.03	0.015333333333333332	0.018	0.013333333333333334	0.016	0.005333333333333333	0.006	0.008	0.0033333333333333335	0.0033333333333333335	0.004666666666666667	0.0026666666666666666	0.006666666666666667	0.004666666666666667	0.004666666666666667	0.002	0.006	0.004	0.0006666666666666666	0.0006666666666666666	0.0013333333333333333	0.0026666666666666666	0.0	0.0013333333333333333	0.0	0.0	0.0	0.0	0.0	0.0	0.0	0.0	0.0	0.0	0.0	0.0	0.0	0.0	0.0	0.0	0.0	0.0	0.0	0.0	0.0	0.0	0.0	0.0	0.0	0.0	0.0	0.0	0.0	0.0	0.0	0.0	0.0	0.0	0.0	0.0	0.0	0.0	0.0	0.0	0.0	0.0	0.0	0.0	0.0	0.0	0.0	0.0	0.0	0.0	0.0	0.0	
0.7033333333333334	0.628	0.492	0.38466666666666666	0.248	0.21266666666666667	0.194	0.158	0.15666666666666668	0.16666666666666666	0.12733333333333333	0.11933333333333333	0.088	0.05266666666666667	0.078	0.068	0.042666666666666665	0.048666666666666664	0.036	0.035333333333333335	0.035333333333333335	0.03666666666666667	0.03266666666666666	0.018	0.016666666666666666	0.015333333333333332	0.019333333333333334	0.008666666666666666	0.006	0.006666666666666667	0.006666666666666667	0.005333333333333333	0.004666666666666667	0.004	0.004666666666666667	0.0033333333333333335	0.0026666666666666666	0.005333333333333333	0.004666666666666667	0.005333333333333333	0.004	0.0013333333333333333	0.0	0.0006666666666666666	0.0013333333333333333	0.0013333333333333333	0.0	0.0006666666666666666	0.0006666666666666666	0.0	0.0006666666666666666	0.0	0.0	0.0	0.0	0.0	0.0	0.0	0.0	0.0	0.0	0.0	0.0	0.0	0.0	0.0	0.0	0.0	0.0	0.0	0.0	0.0	0.0	0.0	0.0	0.0	0.0	0.0	0.0	0.0	0.0	0.0	0.0	0.0	0.0	0.0	0.0	0.0	0.0	0.0	0.0	0.0	0.0	0.0	0.0	0.0	0.0	0.0	0.0	
