E_nu nue anue nux
2.000000e-01 6.874791e+53 1.920011e+53 5.905061e+52
4.000000e-01 2.665434e+54 7.510404e+53 2.322568e+53
6.000000e-01 5.807844e+54 1.651780e+54 5.137106e+53
8.000000e-01 9.990256e+54 2.868977e+54 8.975254e+53
1.000000e+00 1.509054e+55 4.377690e+54 1.377853e+54
1.200000e+00 2.098959e+55 6.153294e+54 1.948886e+54
1.400000e+00 2.758429e+55 8.171571e+54 2.604882e+54
1.600000e+00 3.471035e+55 1.040878e+55 3.340139e+54
1.800000e+00 4.233241e+55 1.284172e+55 4.149091e+54
2.000000e+00 5.032093e+55 1.544782e+55 5.026185e+54
2.200000e+00 5.858058e+55 1.820516e+55 5.965997e+54
2.400000e+00 6.702843e+55 2.109257e+55 6.963239e+54
2.600000e+00 7.556450e+55 2.408963e+55 8.012698e+54
2.800000e+00 8.412255e+55 2.717675e+55 9.109294e+54
3.000000e+00 9.263270e+55 3.033519e+55 1.024808e+55
3.200000e+00 1.010316e+56 3.354709e+55 1.142423e+55
3.400000e+00 1.093393e+56 3.679550e+55 1.263308e+55
3.600000e+00 1.173096e+56 4.006440e+55 1.387011e+55
3.800000e+00 1.250266e+56 4.333870e+55 1.513095e+55
4.000000e+00 1.324506e+56 4.660426e+55 1.641136e+55
4.200000e+00 1.395691e+56 4.984787e+55 1.770728e+55
4.400000e+00 1.463194e+56 5.305729e+55 1.901485e+55
4.600000e+00 1.526662e+56 5.622119e+55 2.033031e+55
4.800000e+00 1.586395e+56 5.932914e+55 2.165011e+55
5.000000e+00 1.641986e+56 6.237168e+55 2.297085e+55
5.200000e+00 1.693340e+56 6.534018e+55 2.428930e+55
5.400000e+00 1.740390e+56 6.822687e+55 2.560240e+55
5.600000e+00 1.783101e+56 7.102482e+55 2.690725e+55
5.800000e+00 1.821159e+56 7.372790e+55 2.820112e+55
6.000000e+00 1.854975e+56 7.633032e+55 2.948145e+55
6.200000e+00 1.884500e+56 7.882831e+55 3.074583e+55
6.400000e+00 1.909805e+56 8.121754e+55 3.199203e+55
6.600000e+00 1.930975e+56 8.349474e+55 3.321797e+55
6.800000e+00 1.948096e+56 8.565730e+55 3.442113e+55
7.000000e+00 1.964131e+56 8.770320e+55 3.560086e+55
7.200000e+00 1.970545e+56 8.963096e+55 3.675495e+55
7.400000e+00 1.975965e+56 9.143966e+55 3.788192e+55
7.600000e+00 1.977427e+56 9.312882e+55 3.898040e+55
7.800000e+00 1.985977e+56 9.469845e+55 4.004919e+55
8.000000e+00 1.983119e+56 9.614895e+55 4.108718e+55
8.200000e+00 1.977376e+56 9.748112e+55 4.209340e+55
8.400000e+00 1.968517e+56 9.869611e+55 4.306701e+55
8.600000e+00 1.960549e+56 9.979537e+55 4.400726e+55
8.800000e+00 1.946699e+56 1.007807e+56 4.491354e+55
9.000000e+00 1.930696e+56 1.016540e+56 4.578531e+55
9.200000e+00 1.912686e+56 1.024176e+56 4.662214e+55
9.400000e+00 1.895021e+56 1.030739e+56 4.742374e+55
9.600000e+00 1.873350e+56 1.036255e+56 4.818986e+55
9.800000e+00 1.850114e+56 1.040753e+56 4.892034e+55
1.000000e+01 1.825455e+56 1.044261e+56 4.961511e+55
1.020000e+01 1.799506e+56 1.046810e+56 5.027417e+55
1.040000e+01 1.772397e+56 1.048430e+56 5.089763e+55
1.060000e+01 1.744254e+56 1.049153e+56 5.148558e+55
1.080000e+01 1.715197e+56 1.049013e+56 5.203822e+55
1.100000e+01 1.685341e+56 1.048041e+56 5.255587e+55
1.120000e+01 1.654793e+56 1.046272e+56 5.303881e+55
1.140000e+01 1.622634e+56 1.043738e+56 5.348741e+55
1.160000e+01 1.592029e+56 1.040472e+56 5.390300e+55
1.180000e+01 1.559251e+56 1.036508e+56 5.428419e+55
1.200000e+01 1.527671e+56 1.031879e+56 5.463240e+55
1.220000e+01 1.493820e+56 1.026617e+56 5.494816e+55
1.240000e+01 1.461150e+56 1.020755e+56 5.523104e+55
1.260000e+01 1.428396e+56 1.014324e+56 5.548361e+55
1.280000e+01 1.395623e+56 1.007357e+56 5.570550e+55
1.300000e+01 1.362895e+56 9.998828e+55 5.589732e+55
1.320000e+01 1.330267e+56 9.919326e+55 5.605976e+55
1.340000e+01 1.297793e+56 9.835357e+55 5.619346e+55
1.360000e+01 1.265520e+56 9.747208e+55 5.629913e+55
1.380000e+01 1.233493e+56 9.655160e+55 5.637747e+55
1.400000e+01 1.201753e+56 9.559484e+55 5.642918e+55
1.420000e+01 1.170337e+56 9.460400e+55 5.645499e+55
1.440000e+01 1.139278e+56 9.358304e+55 5.645563e+55
1.460000e+01 1.108605e+56 9.253304e+55 5.643183e+55
1.480000e+01 1.078348e+56 9.145645e+55 5.638431e+55
1.500000e+01 1.048529e+56 9.035646e+55 5.631382e+55
1.520000e+01 1.019169e+56 8.923486e+55 5.622109e+55
1.540000e+01 9.902893e+55 8.809381e+55 5.611777e+55
1.560000e+01 9.619044e+55 8.693537e+55 5.597191e+55
1.580000e+01 9.340290e+55 8.576155e+55 5.581685e+55
1.600000e+01 9.066751e+55 8.457425e+55 5.565272e+55
1.620000e+01 8.798527e+55 8.337529e+55 5.545953e+55
1.640000e+01 8.535700e+55 8.216642e+55 5.524871e+55
1.660000e+01 8.278356e+55 8.094932e+55 5.501059e+55
1.680000e+01 8.026500e+55 7.972558e+55 5.476601e+55
1.700000e+01 7.780188e+55 7.849672e+55 5.450553e+55
1.720000e+01 7.539440e+55 7.726419e+55 5.422979e+55
1.740000e+01 7.304263e+55 7.602937e+55 5.393964e+55
1.760000e+01 7.074652e+55 7.479355e+55 5.363568e+55
1.780000e+01 6.850601e+55 7.355151e+55 5.331851e+55
1.800000e+01 6.632068e+55 7.231791e+55 5.298875e+55
1.820000e+01 6.419029e+55 7.108683e+55 5.264703e+55
1.840000e+01 6.211440e+55 6.985932e+55 5.229394e+55
1.860000e+01 6.009250e+55 6.863636e+55 5.193007e+55
1.880000e+01 5.812409e+55 6.741889e+55 5.155599e+55
1.900000e+01 5.590639e+55 6.620777e+55 5.117228e+55
1.920000e+01 5.405421e+55 6.500381e+55 5.077947e+55
1.940000e+01 5.225314e+55 6.380778e+55 5.037811e+55
1.960000e+01 5.050244e+55 6.262193e+55 4.996871e+55
1.980000e+01 4.880129e+55 6.144329e+55 4.955178e+55
2.000000e+01 4.714888e+55 6.027460e+55 4.912782e+55
2.020000e+01 4.554418e+55 5.911641e+55 4.869731e+55
2.040000e+01 4.398662e+55 5.797136e+55 4.826070e+55
2.060000e+01 4.247515e+55 5.683526e+55 4.781848e+55
2.080000e+01 4.100884e+55 5.570993e+55 4.737093e+55
2.100000e+01 3.958677e+55 5.459863e+55 4.691877e+55
2.120000e+01 3.820799e+55 5.350008e+55 4.646226e+55
2.140000e+01 3.687155e+55 5.241461e+55 4.600181e+55
2.160000e+01 3.575650e+55 5.134255e+55 4.553780e+55
2.180000e+01 3.449424e+55 5.028416e+55 4.507061e+55
2.200000e+01 3.327196e+55 4.923968e+55 4.460061e+55
2.220000e+01 3.208846e+55 4.820955e+55 4.412814e+55
2.240000e+01 3.094279e+55 4.719352e+55 4.365367e+55
2.260000e+01 2.967649e+55 4.619197e+55 4.317728e+55
2.280000e+01 2.861108e+55 4.520488e+55 4.269942e+55
2.300000e+01 2.758027e+55 4.423271e+55 4.222037e+55
2.320000e+01 2.658329e+55 4.327538e+55 4.174044e+55
2.340000e+01 2.561915e+55 4.233295e+55 4.125990e+55
2.360000e+01 2.468698e+55 4.140549e+55 4.077903e+55
2.380000e+01 2.378589e+55 4.049303e+55 4.029809e+55
2.400000e+01 2.291500e+55 3.959557e+55 3.981733e+55
2.420000e+01 2.207260e+55 3.871312e+55 3.933698e+55
2.440000e+01 2.126044e+55 3.784581e+55 3.885728e+55
2.460000e+01 2.057139e+55 3.699318e+55 3.837846e+55
2.480000e+01 1.980819e+55 3.615561e+55 3.790071e+55
2.500000e+01 1.907129e+55 3.533292e+55 3.742424e+55
2.520000e+01 1.835991e+55 3.452502e+55 3.694924e+55
2.540000e+01 1.767327e+55 3.373184e+55 3.647590e+55
2.560000e+01 1.701061e+55 3.295329e+55 3.600439e+55
2.580000e+01 1.637119e+55 3.218926e+55 3.553489e+55
2.600000e+01 1.575429e+55 3.143966e+55 3.506754e+55
2.620000e+01 1.515921e+55 3.070436e+55 3.460250e+55
2.640000e+01 1.458523e+55 2.998323e+55 3.413992e+55
2.660000e+01 1.403173e+55 2.927615e+55 3.367992e+55
2.680000e+01 1.349804e+55 2.858298e+55 3.322264e+55
2.700000e+01 1.298350e+55 2.790357e+55 3.276821e+55
2.720000e+01 1.248750e+55 2.723777e+55 3.231674e+55
2.740000e+01 1.200940e+55 2.658543e+55 3.186833e+55
2.760000e+01 1.154867e+55 2.594638e+55 3.142309e+55
2.780000e+01 1.110471e+55 2.532047e+55 3.098111e+55
2.800000e+01 1.067696e+55 2.470752e+55 3.054250e+55
2.820000e+01 1.026488e+55 2.410736e+55 3.010732e+55
2.840000e+01 9.867927e+54 2.351983e+55 2.967566e+55
2.860000e+01 9.485603e+54 2.294495e+55 2.924760e+55
2.880000e+01 9.117407e+54 2.238212e+55 2.882320e+55
2.900000e+01 8.762854e+54 2.183136e+55 2.840100e+55
2.920000e+01 8.421477e+54 2.129253e+55 2.798414e+55
2.940000e+01 8.092819e+54 2.076541e+55 2.757252e+55
2.960000e+01 7.776439e+54 2.024985e+55 2.716347e+55
2.980000e+01 7.471910e+54 1.974563e+55 2.675815e+55
3.000000e+01 7.178816e+54 1.925242e+55 2.635692e+55
3.020000e+01 6.896756e+54 1.877036e+55 2.595971e+55
3.040000e+01 6.625339e+54 1.829909e+55 2.556654e+55
3.060000e+01 6.364190e+54 1.783843e+55 2.517745e+55
3.080000e+01 6.112942e+54 1.738822e+55 2.479247e+55
3.100000e+01 5.871241e+54 1.694850e+55 2.441163e+55
3.120000e+01 5.638747e+54 1.651891e+55 2.403493e+55
3.140000e+01 5.415127e+54 1.609830e+55 2.366239e+55
3.160000e+01 5.200060e+54 1.568796e+55 2.329403e+55
3.180000e+01 4.993240e+54 1.528715e+55 2.292987e+55
3.200000e+01 4.794363e+54 1.489567e+55 2.256990e+55
3.220000e+01 4.603140e+54 1.451335e+55 2.221413e+55
3.240000e+01 4.419293e+54 1.414002e+55 2.186257e+55
3.260000e+01 4.242550e+54 1.377549e+55 2.151521e+55
3.280000e+01 4.072650e+54 1.341961e+55 2.117206e+55
3.300000e+01 3.909340e+54 1.307219e+55 2.083310e+55
3.320000e+01 3.752377e+54 1.273229e+55 2.049835e+55
3.340000e+01 3.601525e+54 1.240139e+55 2.016778e+55
3.360000e+01 3.456556e+54 1.207837e+55 1.984138e+55
3.380000e+01 3.317251e+54 1.176380e+55 1.951915e+55
3.400000e+01 3.183398e+54 1.145621e+55 1.920106e+55
3.420000e+01 3.054792e+54 1.115609e+55 1.888711e+55
3.440000e+01 2.931236e+54 1.086330e+55 1.857727e+55
3.460000e+01 2.812540e+54 1.057767e+55 1.827153e+55
3.480000e+01 2.698520e+54 1.029905e+55 1.796987e+55
3.500000e+01 2.588999e+54 1.002730e+55 1.767226e+55
3.520000e+01 2.483806e+54 9.762264e+54 1.737869e+55
3.540000e+01 2.382776e+54 9.503794e+54 1.708913e+55
3.560000e+01 2.285751e+54 9.251749e+54 1.680374e+55
3.580000e+01 2.192577e+54 9.005987e+54 1.652211e+55
3.600000e+01 2.103107e+54 8.766367e+54 1.624442e+55
3.620000e+01 2.017199e+54 8.532755e+54 1.597062e+55
3.640000e+01 1.934716e+54 8.305014e+54 1.570071e+55
3.660000e+01 1.855525e+54 8.083012e+54 1.543463e+55
3.680000e+01 1.779501e+54 7.866620e+54 1.517220e+55
3.700000e+01 1.706519e+54 7.655709e+54 1.491372e+55
3.720000e+01 1.636463e+54 7.450154e+54 1.465900e+55
3.740000e+01 1.569218e+54 7.249833e+54 1.440799e+55
3.760000e+01 1.504675e+54 7.054627e+54 1.416068e+55
3.780000e+01 1.442729e+54 6.864410e+54 1.391700e+55
3.800000e+01 1.383279e+54 6.679069e+54 1.367695e+55
3.820000e+01 1.326227e+54 6.498491e+54 1.344048e+55
3.840000e+01 1.271478e+54 6.322563e+54 1.320755e+55
3.860000e+01 1.218943e+54 6.151176e+54 1.297814e+55
3.880000e+01 1.168535e+54 5.984221e+54 1.275220e+55
3.900000e+01 1.120169e+54 5.821594e+54 1.252971e+55
3.920000e+01 1.073766e+54 5.663258e+54 1.231062e+55
3.940000e+01 1.029247e+54 5.508973e+54 1.209489e+55
3.960000e+01 9.865389e+53 5.358712e+54 1.188250e+55
3.980000e+01 9.455688e+53 5.212376e+54 1.167341e+55
4.000000e+01 9.062682e+53 5.069871e+54 1.146757e+55
4.020000e+01 8.685708e+53 4.931104e+54 1.126495e+55
4.040000e+01 8.324127e+53 4.795982e+54 1.106552e+55
4.060000e+01 7.977329e+53 4.664417e+54 1.086923e+55
4.080000e+01 7.644719e+53 4.536321e+54 1.067605e+55
4.100000e+01 7.325732e+53 4.411609e+54 1.048594e+55
4.120000e+01 7.019823e+53 4.290196e+54 1.029887e+55
4.140000e+01 6.726469e+53 4.172002e+54 1.011479e+55
4.160000e+01 6.445166e+53 4.056945e+54 9.933675e+54
4.180000e+01 6.175429e+53 3.944947e+54 9.755483e+54
4.200000e+01 5.916794e+53 3.835933e+54 9.580177e+54
4.220000e+01 5.668814e+53 3.729828e+54 9.407721e+54
4.240000e+01 5.431058e+53 3.626557e+54 9.238077e+54
4.260000e+01 5.203114e+53 3.526049e+54 9.071208e+54
4.280000e+01 4.984586e+53 3.428235e+54 8.907080e+54
4.300000e+01 4.775093e+53 3.333046e+54 8.745656e+54
4.320000e+01 4.574268e+53 3.240415e+54 8.586874e+54
4.340000e+01 4.381757e+53 3.150278e+54 8.430749e+54
4.360000e+01 4.197229e+53 3.062570e+54 8.277218e+54
4.380000e+01 4.020356e+53 2.977229e+54 8.126250e+54
4.400000e+01 3.850826e+53 2.894195e+54 7.977672e+54
4.420000e+01 3.688342e+53 2.813407e+54 7.832128e+54
4.440000e+01 3.532614e+53 2.734809e+54 7.688629e+54
4.460000e+01 3.383365e+53 2.658343e+54 7.547536e+54
4.480000e+01 3.240335e+53 2.583955e+54 7.408851e+54
4.500000e+01 3.103267e+53 2.511591e+54 7.272502e+54
4.520000e+01 2.971917e+53 2.441197e+54 7.138472e+54
4.540000e+01 2.846051e+53 2.372723e+54 7.006473e+54
4.560000e+01 2.725443e+53 2.306118e+54 6.876984e+54
4.580000e+01 2.609879e+53 2.241334e+54 6.749712e+54
4.600000e+01 2.499149e+53 2.178322e+54 6.624626e+54
4.620000e+01 2.393057e+53 2.117037e+54 6.501693e+54
4.640000e+01 2.291410e+53 2.057432e+54 6.380881e+54
4.660000e+01 2.194025e+53 1.999465e+54 6.262159e+54
4.680000e+01 2.100726e+53 1.943090e+54 6.145498e+54
4.700000e+01 2.011346e+53 1.888267e+54 6.030861e+54
4.720000e+01 1.925721e+53 1.834953e+54 5.918220e+54
4.740000e+01 1.843696e+53 1.783110e+54 5.807548e+54
4.760000e+01 1.765123e+53 1.732697e+54 5.698809e+54
4.780000e+01 1.689859e+53 1.683678e+54 5.591977e+54
4.800000e+01 1.617766e+53 1.636014e+54 5.487020e+54
4.820000e+01 1.548712e+53 1.589670e+54 5.383911e+54
4.840000e+01 1.482188e+53 1.544609e+54 5.282621e+54
4.860000e+01 1.418852e+53 1.500799e+54 5.183120e+54
4.880000e+01 1.358190e+53 1.458205e+54 5.085382e+54
4.900000e+01 1.300094e+53 1.416795e+54 4.989377e+54
4.920000e+01 1.244454e+53 1.376536e+54 4.895078e+54
4.940000e+01 1.191170e+53 1.337398e+54 4.802459e+54
4.960000e+01 1.140142e+53 1.299351e+54 4.711493e+54
4.980000e+01 1.091276e+53 1.262364e+54 4.622152e+54
5.000000e+01 1.044481e+53 1.226410e+54 4.534411e+54
