time 	 delTime 		 mean eVee 	 	 stdev eVee 	 	 mean eVth 	 	 stdev eVth 	 	 mean eVt 	 	 stdev eVt 	 	 CountGe 
 	  	 10 	 100 	 50 	 10 	 100 	 50 	 10 	 100 	 50 	 10 	 100 	 50 	 10 	 100 	 50 	 10 	 100 	 50 	 10 	 100 	 50 
0.02 	 0.0010000000000000009 	 541.9266666666666 	 477.27666666666664 	 514.1333333333333 	 23.123897210942236 	 21.82246828894986 	 22.85422401998273 	 546.4333333333333 	 522.4033333333333 	 535.37 	 22.985333488021347 	 23.107155938270626 	 22.945873267321947 	 548.7966666666666 	 546.3033333333333 	 547.6 	 23.025246771509067 	 22.976756129232477 	 22.9628685780617	546.1605455095572	520.9607883214044	534.735152669529
0.021 	 0.0009999999999999992 	 705.8 	 628.3866666666667 	 672.6966666666667 	 29.72686775741209 	 28.404057613110293 	 29.014789140865542 	 711.2433333333333 	 682.7333333333333 	 698.4066666666666 	 29.637883227758053 	 29.162342536603987 	 29.525152365774883 	 714.1433333333333 	 711.12 	 712.81 	 29.807316588754215 	 29.657471234075235 	 29.637260894578862	710.0447939510144	679.9927703905763	696.4143380148174
0.022 	 0.0009999999999999992 	 894.3466666666667 	 803.9433333333334 	 856.41 	 30.137238684981668 	 28.275079526364237 	 29.728357393797147 	 900.57 	 867.7066666666667 	 885.8633333333333 	 30.28352302270439 	 29.616109730272736 	 30.165067913436268 	 903.8766666666667 	 900.4233333333333 	 902.3166666666667 	 30.271682954353377 	 30.286258526855967 	 30.363405423122238	898.105205315592	862.6534532199348	882.0214730735477
0.023 	 0.0010000000000000009 	 1092.9366666666667 	 987.8733333333333 	 1048.5033333333333 	 32.494707090369175 	 30.163730243824652 	 31.553605006225343 	 1100.47 	 1061.8033333333333 	 1082.7866666666666 	 32.416494258324725 	 31.696445471938265 	 32.30914971885759 	 1104.4566666666667 	 1100.2666666666667 	 1102.53 	 32.47534637570818 	 32.43633079674018 	 32.42019586615726	1101.928957260586	1060.7403710993447	1083.2398173377574
0.024 	 0.0010000000000000009 	 1316.17 	 1195.4366666666667 	 1264.3833333333334 	 35.838914139056534 	 33.59036551684955 	 35.00213882353794 	 1324.51 	 1280.0933333333332 	 1304.92 	 36.209619808369524 	 35.427173500326305 	 35.36722022815289 	 1329.0866666666666 	 1324.2866666666666 	 1326.9366666666667 	 36.15576241148229 	 36.224455214061614 	 36.24241514517976	1328.978235486054	1281.9371910476843	1307.6324740101745
0.025 	 0.0009999999999999992 	 1547.71 	 1412.0833333333333 	 1490.14 	 38.043649053860925 	 35.97067864556106 	 37.43911145669281 	 1557.2166666666667 	 1507.3233333333333 	 1534.64 	 38.30260725097212 	 37.70595163749204 	 38.05781216342667 	 1562.3533333333332 	 1556.9633333333334 	 1559.9866666666667 	 38.32808137935191 	 38.290059487490424 	 38.32014033841155	1557.5960097282625	1504.797363890688	1533.6380372257072
0.026 	 0.0009999999999999992 	 1769.37 	 1619.6233333333332 	 1705.59 	 41.395568603414546 	 39.74168410567871 	 40.66376642663589 	 1779.5166666666667 	 1724.92 	 1755.1333333333334 	 41.39456150537438 	 40.90803018153445 	 41.26437796561205 	 1784.9366666666667 	 1779.2233333333334 	 1782.3366666666666 	 41.39242268284807 	 41.44032000627194 	 41.40881535239675	1781.735926480364	1723.452099792892	1755.2906971254988
0.027 	 0.0010000000000000009 	 1981.02 	 1817.8033333333333 	 1911.79 	 46.128005954445214 	 42.88392848401627 	 44.80906790669347 	 1992.8166666666666 	 1932.59 	 1966.0366666666666 	 45.867160244437294 	 45.46583222596942 	 45.73629472919243 	 1998.8333333333333 	 1992.49 	 1996.03 	 45.873001016090306 	 45.834301929159274 	 45.808759351605815	1994.4348068174088	1931.0624554781461	1965.6832939615856
0.028 	 0.0010000000000000009 	 2181.193333333333 	 2005.07 	 2106.98 	 47.46840305812793 	 44.95914923572287 	 46.01615223665128 	 2193.72 	 2129.7 	 2165.1766666666667 	 47.5236250020275 	 46.13621137458082 	 47.13581924137477 	 2200.036666666667 	 2193.443333333333 	 2197.1566666666668 	 47.624524377910824 	 47.50017672481744 	 47.73488021236556	2192.1774913537224	2124.1924589759415	2161.336005101027
0.029 	 0.0009999999999999992 	 2370.786666666667 	 2185.7633333333333 	 2292.6 	 46.09310673939097 	 43.703172907950545 	 45.09678480778868 	 2384.1433333333334 	 2316.46 	 2353.64 	 46.3157581774881 	 45.447644603433524 	 46.374170971925025 	 2391.19 	 2383.8166666666666 	 2387.9733333333334 	 46.082396132724405 	 46.376248111386595 	 46.09764226315943	2386.926307559791	2314.8427862117032	2354.22801082998
0.03 	 0.0009999999999999992 	 2534.5666666666666 	 2341.47 	 2453.2 	 53.547600838464795 	 51.54256267073521 	 52.15822082855204 	 2547.866666666667 	 2477.2633333333333 	 2516.7533333333336 	 53.781120189978274 	 52.76129252481301 	 53.14902779501762 	 2554.89 	 2547.556666666667 	 2551.63 	 53.97645690483954 	 53.791078463089235 	 53.89557588522457	2549.694272218753	2474.0284694641236	2515.3726070559533
0.031 	 0.0010000000000000009 	 2680.633333333333 	 2478.55 	 2595.1666666666665 	 52.875314551205165 	 49.56330127557418 	 51.87265389607728 	 2694.9466666666667 	 2621.0933333333332 	 2661.576666666667 	 52.88374503464074 	 52.6440052512049 	 52.72239361873557 	 2702.5866666666666 	 2694.58 	 2699.133333333333 	 52.68265833164542 	 52.89691484387346 	 52.78505680798518	2695.4343591730926	2616.6885777870125	2659.715912953709
0.032 	 0.0010000000000000009 	 2816.766666666667 	 2607.46 	 2728.55 	 50.78706090684472 	 48.951490273535086 	 50.45361731333047 	 2831.2266666666665 	 2755.5133333333333 	 2797.4766666666665 	 51.23718007679796 	 50.68612389555504 	 50.740806611203524 	 2839.0433333333335 	 2830.83 	 2835.42 	 51.138453785341966 	 51.23034029426964 	 51.26464278623231	2826.539491000398	2745.1869714814493	2789.637340407562
0.033 	 0.0010000000000000009 	 2942.963333333333 	 2729.0266666666666 	 2852.34 	 54.06054003512071 	 51.574211471324396 	 53.05096040600962 	 2958.3033333333333 	 2879.9533333333334 	 2923.0133333333333 	 54.67977678163005 	 53.55350429451113 	 53.93131269391548 	 2966.0866666666666 	 2957.98 	 2962.49 	 54.95457962920127 	 54.664366211759315 	 54.92670783265035	2955.9466155121363	2872.424786057728	2918.0574283139495
0.034 	 0.0010000000000000009 	 3050.6866666666665 	 2829.56 	 2956.8866666666668 	 55.511516723008825 	 53.56565815271323 	 54.61312866172585 	 3065.673333333333 	 2985.53 	 3029.8766666666666 	 55.22547680997321 	 55.44206375427716 	 55.53702778827434 	 3073.8 	 3065.29 	 3069.96 	 55.307564280726254 	 55.22209008479608 	 55.33327871483248	3067.856067670972	2982.56933211921	3029.1614308297662
0.035 	 0.0009999999999999974 	 3140.0533333333333 	 2918.1433333333334 	 3045.7366666666667 	 56.37822116936843 	 54.123218574738225 	 55.90403076304566 	 3155.8766666666666 	 3074.653333333333 	 3119.42 	 56.346855477677025 	 56.40856751317914 	 56.15339348605746 	 3164.31 	 3155.43 	 3160.26 	 56.313887274809936 	 56.31013911070249 	 56.24896206449799	3156.957177679772	3070.273133001756	3117.6221742284984
0.036 	 0.0009999999999999974 	 3212.9933333333333 	 2986.93 	 3117.7533333333336 	 55.28363189548563 	 54.735653523701224 	 54.80035725755403 	 3229.0866666666666 	 3146.1833333333334 	 3192.0133333333333 	 55.663145996451036 	 54.64079418245025 	 55.47461721864835 	 3237.556666666667 	 3228.6466666666665 	 3233.6366666666668 	 55.519427130409845 	 55.7190735346125 	 55.526612138285145	3226.459117600043	3138.7050990019497	3186.630715306822
0.037 	 0.0010000000000000009 	 3281.81 	 3054.53 	 3186.4 	 56.49218736545199 	 54.24895482864163 	 55.961236583906896 	 3297.9566666666665 	 3215.6633333333334 	 3260.74 	 56.41035474292129 	 56.03900417467185 	 56.414174341797 	 3306.3366666666666 	 3297.57 	 3302.4366666666665 	 56.73203083111182 	 56.39419385007645 	 56.53753315767814	3301.144911797161	3212.60693787918	3260.9515651714514
0.038 	 0.0010000000000000009 	 3351.3633333333332 	 3121.22 	 3253.9066666666668 	 59.37770054677279 	 57.13129556848272 	 58.68876629210133 	 3367.1366666666668 	 3283.07 	 3329.5433333333335 	 59.43005403179625 	 58.78813740883445 	 59.64417928199048 	 3375.8133333333335 	 3366.713333333333 	 3371.8033333333333 	 59.63364672919326 	 59.43627810988467 	 59.52179983464508	3366.9781992723038	3277.904076792389	3326.531293939388
0.039 	 0.0010000000000000009 	 3413.35 	 3181.8333333333335 	 3316.2 	 56.26853028114383 	 55.31098946462227 	 55.761516000434085 	 3429.8333333333335 	 3345.7733333333335 	 3392.25 	 56.641553258677106 	 55.65101336803211 	 56.08476471675114 	 3438.0733333333333 	 3429.4066666666668 	 3434.3033333333333 	 56.67363839466184 	 56.621738660066676 	 56.536460114002736	3424.0871802921806	3334.687613897789	3383.4814411880093
0.04 	 0.0010000000000000009 	 3455.2566666666667 	 3224.9733333333334 	 3359.07 	 60.51119005789113 	 56.8633973268882 	 59.284217405084576 	 3471.4266666666667 	 3387.826666666667 	 3433.61 	 60.50265522180732 	 59.73784357972386 	 60.13904361283664 	 3480.0866666666666 	 3471.0433333333335 	 3476.036666666667 	 60.95456632243031 	 60.44133344730979 	 60.66334963459312	3473.88907546206	3384.340744694076	3433.2039031254676
0.041 	 0.0010000000000000009 	 3503.0833333333335 	 3272.9666666666667 	 3406.0533333333333 	 60.95760594234507 	 58.58218348800446 	 59.45830882970764 	 3520.32 	 3435.2 	 3481.7533333333336 	 60.783695182178576 	 59.897634900442156 	 60.52613062875314 	 3528.81 	 3519.9566666666665 	 3524.8366666666666 	 61.07782385339761 	 60.85919368144435 	 61.01625457386107	3519.0637118206905	3429.517258787723	3478.366811266097
0.042 	 0.0009999999999999974 	 3540.653333333333 	 3311.0533333333333 	 3444.1833333333334 	 55.99476007230994 	 53.073883931323095 	 55.13513449294883 	 3556.8166666666666 	 3473.04 	 3519.326666666667 	 56.97007742861354 	 55.42037892328056 	 56.21292812946937 	 3565.4766666666665 	 3556.346666666667 	 3561.41 	 56.8271894039777 	 56.95395645216893 	 56.74975976454291	3558.146628109073	3468.7319340161603	3517.49629628375
0.043 	 0.0009999999999999974 	 3578.8966666666665 	 3350.326666666667 	 3481.9166666666665 	 58.300708876955824 	 57.833899709042235 	 58.19744887497695 	 3594.8566666666666 	 3512.0433333333335 	 3557.7966666666666 	 58.40538892564243 	 58.13755059244317 	 58.21032544908926 	 3603.4566666666665 	 3594.39 	 3599.53 	 58.4643605588529 	 58.444428591041365 	 58.34120127891323	3590.6361627675456	3501.4665909701366	3550.0833326791403
0.044 	 0.0010000000000000009 	 3596.883333333333 	 3368.8233333333333 	 3500.2966666666666 	 63.324269088206265 	 62.25730577387864 	 62.245229982349294 	 3612.983333333333 	 3529.22 	 3575.0866666666666 	 63.40444034573254 	 62.76558186352347 	 62.95415651267375 	 3621.5266666666666 	 3612.556666666667 	 3617.64 	 63.662777891707556 	 63.424023751957655 	 63.45804703371616	3617.8790411483296	3529.056518180875	3577.469446949054
0.045 	 0.0010000000000000009 	 3631.34 	 3403.556666666667 	 3535.65 	 60.16852222438795 	 58.62576329756588 	 60.651195371567084 	 3647.3 	 3564.1 	 3610.0433333333335 	 60.32321277916155 	 60.16640812502161 	 60.472926081750735 	 3655.85 	 3646.8733333333334 	 3652.0133333333333 	 60.21700341265746 	 60.344433233084736 	 60.453617114464066	3646.4549707343167	3558.0714192874484	3606.2300389009565
0.046 	 0.0010000000000000009 	 3659.5633333333335 	 3435.37 	 3564.7066666666665 	 59.852423973934044 	 57.788866574799684 	 58.934036194903726 	 3675.6066666666666 	 3593.1066666666666 	 3638.4733333333334 	 60.049912202729786 	 59.31285938891236 	 59.76584271601594 	 3683.826666666667 	 3675.2033333333334 	 3680.11 	 59.98430313192129 	 59.97295492321703 	 60.06311596978632	3675.188812780301	3587.3287454702645	3635.186611626939
0.047 	 0.0010000000000000009 	 3690.4733333333334 	 3466.89 	 3595.1466666666665 	 57.16685481018603 	 55.39498683695725 	 56.40518731070358 	 3706.43 	 3623.1666666666665 	 3669.0033333333336 	 57.27592658933303 	 56.22021186568245 	 56.651772454374466 	 3715.18 	 3706.0333333333333 	 3711.326666666667 	 57.42218734949061 	 57.21548935578741 	 57.41997290916192	3700.4750703793043	3613.213732762132	3660.7296664018018
0.048 	 0.0010000000000000009 	 3700.2966666666666 	 3478.7433333333333 	 3606.66 	 63.95552091536395 	 60.784077867663854 	 62.27983408241654 	 3716.0066666666667 	 3634.786666666667 	 3679.7233333333334 	 64.0828626770753 	 62.97402498032202 	 63.687519359936 	 3724.443333333333 	 3715.59 	 3720.6366666666668 	 64.29499816384545 	 64.06154774902024 	 64.23932846957712	3716.765081208167	3630.1886052382865	3677.315734653403
0.049 	 0.0010000000000000009 	 3671.41 	 3454.2166666666667 	 3579.633333333333 	 62.51182741423151 	 61.654978622077955 	 62.2607866602692 	 3687.2166666666667 	 3606.9866666666667 	 3651.2533333333336 	 62.70648336141611 	 62.0966973535809 	 62.350213757095936 	 3695.3433333333332 	 3686.733333333333 	 3691.6233333333334 	 62.62682164128153 	 62.6813280721531 	 62.59106530133159	3691.656303758313	3606.65704648647	3652.911132288292
