time 	 delTime 		 mean eVee 	 	 stdev eVee 	 	 mean eVth 	 	 stdev eVth 	 	 mean eVt 	 	 stdev eVt 	 	 CountGe 
 	  	 10 	 100 	 50 	 10 	 100 	 50 	 10 	 100 	 50 	 10 	 100 	 50 	 10 	 100 	 50 	 10 	 100 	 50 	 10 	 100 	 50 
0.9 	 0.010000000000000009 	 306.08666666666664 	 280.5833333333333 	 294.92333333333335 	 17.143681699746477 	 16.44677442202236 	 16.74427630233355 	 308.03 	 298.34 	 303.68666666666667 	 17.289951802516207 	 16.92013790329933 	 17.125862184297628 	 309.0 	 307.95666666666665 	 308.52 	 17.376996288196644 	 17.300331082252605 	 17.33867353634643	308.57290184291776	297.99647303202084	303.78506227193236
0.91 	 0.010000000000000009 	 303.68 	 278.07 	 292.5733333333333 	 16.788416641641145 	 16.24987487131311 	 16.522649774039134 	 305.4633333333333 	 295.79333333333335 	 301.1166666666667 	 16.766692842921913 	 16.603130896176044 	 16.602099934111415 	 306.53 	 305.4066666666667 	 306.06333333333333 	 16.759746418129364 	 16.767467177709207 	 16.769197622095366	306.0747657507118	295.57124498342563	301.3198402145565
0.92 	 0.010000000000000009 	 301.6566666666667 	 275.97 	 290.08 	 16.576050662191992 	 16.006741288178137 	 15.971649883465389 	 303.6766666666667 	 293.60333333333335 	 299.1333333333333 	 16.73794458375606 	 16.293331628477816 	 16.584195957463706 	 304.62333333333333 	 303.63 	 304.2133333333333 	 16.833541582870264 	 16.74255356867643 	 16.857673491782773	303.6317801445105	293.1996624542815	298.9090909962639
0.93 	 0.009999999999999953 	 299.75666666666666 	 274.41 	 288.84 	 17.602389673627336 	 16.211988362525638 	 17.079648708331213 	 301.73333333333335 	 292.02 	 297.3833333333333 	 17.586421529754773 	 17.217615010989956 	 17.34059943856869 	 302.63 	 301.68 	 302.1933333333333 	 17.6465227925126 	 17.59424906041744 	 17.643958991362705	301.22068410947213	290.85892833818946	296.52976055528194
0.94 	 0.009999999999999953 	 296.58 	 271.49 	 285.73333333333335 	 18.980084299075173 	 17.88583890493631 	 18.385924568055373 	 298.5366666666667 	 288.94666666666666 	 294.08666666666664 	 18.96458072888041 	 18.682892947530608 	 18.926326168124184 	 299.53 	 298.48333333333335 	 299.05333333333334 	 19.13467445938568 	 18.937873575339857 	 19.102630418057323	298.85042276279785	288.557853579731	294.19073428616724
0.95 	 0.010000000000000009 	 295.51666666666665 	 270.36333333333334 	 284.53 	 16.43521794467262 	 15.521962576369724 	 16.170418465003724 	 297.25333333333333 	 287.6 	 293.08666666666664 	 16.5133023818846 	 16.12182785335873 	 16.241074129776297 	 298.26 	 297.1766666666667 	 297.7866666666667 	 16.522885139506762 	 16.515006980184886 	 16.496499291937333	296.52181988409075	286.2972802561648	291.89284438065823
0.96 	 0.010000000000000009 	 290.8466666666667 	 266.18333333333334 	 280.02 	 16.832799991550885 	 15.812117364716071 	 16.28965725033321 	 292.7366666666667 	 283.25666666666666 	 288.4066666666667 	 16.95348505634035 	 16.372460278026498 	 16.78713660978416 	 293.6766666666667 	 292.7 	 293.24333333333334 	 17.007021752467093 	 16.94530416762512 	 16.926432649032172	294.2307611900635	284.073177623187	289.6320137762235
0.97 	 0.010000000000000009 	 289.55333333333334 	 265.30333333333334 	 279.16333333333336 	 15.997723449152245 	 15.409022969964347 	 15.786808487538647 	 291.2866666666667 	 282.3066666666667 	 287.19666666666666 	 16.10272716722923 	 15.7999774964678 	 15.90653918641289 	 292.17333333333335 	 291.26 	 291.82 	 16.038805718908403 	 16.112078285145795 	 16.101995735518834	291.9733242276852	281.8817250315057	287.404365670895
0.98 	 0.010000000000000009 	 289.3566666666667 	 264.5366666666667 	 278.4066666666667 	 16.281772699009842 	 16.420576184233678 	 16.299528282199525 	 290.98333333333335 	 281.68 	 286.81 	 16.33675984466388 	 16.26092248305735 	 16.38517317577083 	 292.00333333333333 	 290.93333333333334 	 291.5133333333333 	 16.424879164108198 	 16.337754503671004 	 16.37263434990092	289.7611005816443	279.733726175877	285.22085629538844
0.99 	 0.010000000000000009 	 285.44 	 261.21 	 274.7733333333333 	 16.551729013409243 	 15.951569410771677 	 16.33427752372973 	 287.26 	 277.97333333333336 	 283.24333333333334 	 16.5136024739203 	 16.37231267177066 	 16.52485367223834 	 288.23333333333335 	 287.2266666666667 	 287.77666666666664 	 16.591932443878324 	 16.489449825738745 	 16.565630752320367	287.61327853033936	277.6220904584851	283.07427761514475
1.0 	 0.030000000000000027 	 282.0933333333333 	 257.96 	 271.5833333333333 	 17.533338403041093 	 16.301075629131553 	 16.740063387640507 	 283.8233333333333 	 274.71666666666664 	 279.61 	 17.523283241320833 	 16.95866707288308 	 17.370412583854574 	 284.85333333333335 	 283.74333333333334 	 284.38 	 17.668573482001563 	 17.56409563728106 	 17.624290056623558	285.48955341983253	275.54269866297454	280.9605103485362
1.05 	 0.050000000000000044 	 273.1566666666667 	 249.66 	 262.94666666666666 	 16.589116579519505 	 15.843118379914984 	 15.985529567566898 	 274.97333333333336 	 265.81 	 270.76666666666665 	 16.76879906917076 	 16.065508602800804 	 16.305384250472468 	 275.9033333333333 	 274.9033333333333 	 275.48 	 16.83331980197476 	 16.754720396221344 	 16.788178380435838	275.42721213507315	265.7177788012741	270.9729741663671
1.1 	 0.04999999999999993 	 264.26 	 241.27666666666667 	 254.07666666666665 	 16.21889022097381 	 15.489570326154594 	 15.872957786401653 	 266.01666666666665 	 256.8933333333333 	 261.88666666666666 	 16.498577379748703 	 15.916719371640488 	 16.28907063715491 	 266.96 	 265.9533333333333 	 266.54333333333335 	 16.504900282441373 	 16.488920185654635 	 16.482762376360206	266.1469724436112	256.66616660002506	261.7715741168909
1.15 	 0.04999999999999993 	 256.53 	 234.02666666666667 	 246.65333333333334 	 16.312442081634085 	 15.016411762542416 	 15.767048621166303 	 258.42333333333335 	 249.55333333333334 	 254.44333333333333 	 16.371035058568804 	 15.873263334578965 	 16.207409485239218 	 259.31 	 258.3666666666667 	 258.85 	 16.35666734596833 	 16.362117494043638 	 16.311984346894565	257.5045295330824	248.2653996289822	253.2324678105823
1.2 	 0.050000000000000044 	 247.51666666666668 	 226.28333333333333 	 238.14333333333335 	 15.000990708023995 	 14.445404882599249 	 14.576789388918565 	 249.14 	 240.84333333333333 	 245.25 	 14.96352454025009 	 14.555140748966402 	 14.844780227406535 	 249.97666666666666 	 249.08666666666667 	 249.55 	 14.932608241325054 	 14.978178201043752 	 14.943253773302967	249.41420814017818	240.41641171095526	245.25433414966338
1.25 	 0.050000000000000044 	 238.88666666666666 	 218.51333333333332 	 230.02666666666667 	 15.813301011771353 	 14.470769003600171 	 15.199976608169134 	 240.52666666666667 	 232.62333333333333 	 236.92 	 15.70676994872664 	 15.372316748695436 	 15.58589961043849 	 241.3 	 240.49666666666667 	 240.90666666666667 	 15.749179872827241 	 15.707853308315412 	 15.681984001465574	241.85696512868535	233.08462788449643	237.80165772603863
1.3 	 0.050000000000000044 	 233.43666666666667 	 212.77 	 224.27333333333334 	 15.882044019024194 	 14.90851322790662 	 15.376127239616903 	 234.97666666666666 	 226.91666666666666 	 231.39 	 15.989875616221104 	 15.43944263530549 	 15.733972797739291 	 235.74666666666667 	 234.93666666666667 	 235.34666666666666 	 16.058512453593647 	 15.979131877406717 	 16.035995620963345	234.78294081402288	226.22227610158492	230.8255859999359
1.35 	 0.04999999999999993 	 227.16333333333333 	 206.89666666666668 	 218.37 	 15.256801397700924 	 14.345475089921404 	 14.857313575026497 	 228.64666666666668 	 220.83 	 225.05333333333334 	 15.281638946424852 	 14.950622060636807 	 15.143661673746177 	 229.42333333333335 	 228.61 	 229.06333333333333 	 15.275823673009874 	 15.281728741648745 	 15.275666561197546	228.1442257118812	219.78283363256318	224.27877469548233
1.4 	 0.04999999999999993 	 220.91 	 201.86333333333334 	 212.52666666666667 	 14.755402400476918 	 14.134991647995017 	 14.328152552075776 	 222.34666666666666 	 214.86 	 218.88333333333333 	 14.773167869109486 	 14.461456819191257 	 14.550019091243678 	 223.11666666666667 	 222.33333333333334 	 222.78666666666666 	 14.700670808579526 	 14.765349828417731 	 14.776597112401157	221.88387197382488	213.710539530618	218.1040916794971
1.45 	 0.050000000000000044 	 214.00333333333333 	 194.50333333333333 	 205.39333333333335 	 13.54757009782771 	 13.253804066086921 	 13.411386538642786 	 215.55 	 207.77 	 212.03 	 13.793748584050675 	 13.45178179028092 	 13.447271098628152 	 216.32333333333332 	 215.52333333333334 	 215.93333333333334 	 13.808166263322423 	 13.787535030679784 	 13.789448462099159	215.97460556301135	207.9785165674197	212.27574390730882
1.5 	 0.050000000000000044 	 207.88666666666666 	 188.72333333333333 	 199.44333333333333 	 13.717403382402791 	 13.119964007403205 	 13.229769041403893 	 209.24333333333334 	 201.87 	 205.74333333333334 	 13.775489908610227 	 13.412174817431115 	 13.74981656443298 	 210.06333333333333 	 209.19 	 209.67 	 13.755459118312102 	 13.776086768987291 	 13.77489624885308	210.39190096696834	202.56315340259988	206.76956842136292
1.55 	 0.050000000000000044 	 203.72666666666666 	 185.53333333333333 	 195.54 	 14.896709554648488 	 14.147634274165966 	 14.548140774683203 	 205.13 	 197.84 	 201.8 	 14.823172175122751 	 14.609394237955248 	 14.790988247352958 	 206.01666666666668 	 205.08333333333334 	 205.61 	 14.838341851058994 	 14.813835500039218 	 14.836820189425135	205.0721051142613	197.40268152102934	201.52274422532426
1.6 	 0.04999999999999993 	 200.01666666666668 	 181.72666666666666 	 191.85666666666665 	 14.186251168727496 	 13.711745168123405 	 13.92010975371802 	 201.46 	 194.18666666666667 	 198.09333333333333 	 14.18996358933548 	 13.995659644650154 	 14.113042037617388 	 202.15666666666667 	 201.44 	 201.86333333333334 	 14.232783361739973 	 14.20233783572268 	 14.173848767673828	200.00776130776714	192.4899542133173	196.52795633206082
1.65 	 0.04999999999999993 	 193.70666666666668 	 175.54 	 185.87666666666667 	 14.447858741772851 	 13.898503516566091 	 14.050674558737581 	 195.04333333333332 	 188.27666666666667 	 192.00666666666666 	 14.592056819455653 	 14.192725444943813 	 14.355717405348374 	 195.72666666666666 	 194.99666666666667 	 195.39 	 14.602007472338254 	 14.571089717504163 	 14.57250493223454	195.1663695224298	187.79342432461917	191.7531421743578
1.7 	 0.050000000000000044 	 189.91666666666666 	 172.68 	 182.41333333333333 	 13.316270332024487 	 12.829299799027744 	 13.297461746096092 	 191.31 	 184.50333333333333 	 188.16 	 13.309666912937129 	 13.401865127245866 	 13.402029697027238 	 192.03 	 191.26666666666668 	 191.67666666666668 	 13.347999850164816 	 13.295195456337686 	 13.360094394210776	190.55156457511714	183.3170161882675	187.20204875855904
1.75 	 0.050000000000000044 	 185.25666666666666 	 167.89666666666668 	 177.40666666666667 	 13.903385279212477 	 13.25038322296965 	 13.220739599415593 	 186.41 	 179.76 	 183.42333333333335 	 13.769600575180094 	 13.4908265128568 	 13.616807832805586 	 187.08 	 186.37333333333333 	 186.83666666666667 	 13.844141962095978 	 13.766164639756743 	 13.832208387993903	186.2875252887696	179.18470518089413	182.99875799016021
1.8 	 0.050000000000000044 	 180.98333333333332 	 164.34 	 173.52666666666667 	 13.588342634609843 	 12.823587641529963 	 13.219781474072189 	 182.11333333333334 	 175.73333333333332 	 179.27333333333334 	 13.590455801366225 	 13.274118510176947 	 13.472637290284169 	 182.80333333333334 	 182.06666666666666 	 182.44 	 13.537281443808757 	 13.582668695395942 	 13.568335687671253	182.08520579835147	175.10883833194947	178.85485392840386
1.85 	 0.04999999999999993 	 176.3 	 159.87 	 169.24333333333334 	 13.125674585838754 	 12.54085722747851 	 12.769395269767303 	 177.58333333333334 	 171.30666666666667 	 174.71666666666667 	 13.248008236041455 	 12.820788673955366 	 13.080381832687028 	 178.24 	 177.55 	 177.90666666666667 	 13.24622210292429 	 13.255722034905027 	 13.244041008024032	178.08356217272157	171.22778870832266	174.90902041952162
1.9 	 0.04999999999999993 	 172.74333333333334 	 156.65333333333334 	 165.47 	 13.530858148034154 	 13.037886672650936 	 13.395612465778985 	 173.99 	 167.41 	 170.95333333333335 	 13.590066225004204 	 13.443780470289349 	 13.618289988916457 	 174.72333333333333 	 173.94666666666666 	 174.37 	 13.5575362396303 	 13.593030894134277 	 13.57521393324368	174.2592400457513	167.51805910969932	171.1381890688034
1.95 	 0.050000000000000044 	 169.94 	 153.95333333333335 	 163.09666666666666 	 13.266363480622713 	 12.69374474123202 	 12.9432346120366 	 171.07666666666665 	 165.03666666666666 	 168.26 	 13.189798667488782 	 12.939422535629461 	 13.040414103854218 	 171.77333333333334 	 171.04666666666665 	 171.47333333333333 	 13.193001511744358 	 13.193350176846248 	 13.165458172387655	170.60799732522366	163.97625961232654	167.53815671010022
