time 	 delTime 		 mean eVee 	 	 stdev eVee 	 	 mean eVth 	 	 stdev eVth 	 	 mean eVt 	 	 stdev eVt 	 	 CountGe 
 	  	 10 	 100 	 50 	 10 	 100 	 50 	 10 	 100 	 50 	 10 	 100 	 50 	 10 	 100 	 50 	 10 	 100 	 50 	 10 	 100 	 50 
-0.05 	 0.0050000000000000044 	 54.21666666666667 	 41.223333333333336 	 49.76 	 7.682212499592086 	 6.873629964501209 	 7.358604940249657 	 54.70666666666666 	 51.32666666666667 	 53.32333333333333 	 7.730068276254458 	 7.4882099923071666 	 7.6047434027863305 	 54.983333333333334 	 54.69 	 54.87 	 7.713390233152275 	 7.749445141427868 	 7.724836567850481	54.13400806649323	50.78758691798673	52.753477059221446
-0.045 	 0.005000000000000001 	 53.29 	 40.41 	 48.88333333333333 	 6.978005923375723 	 6.018463259005574 	 6.576958939273445 	 53.86333333333334 	 50.45 	 52.516666666666666 	 7.038322874725831 	 6.801041586894368 	 6.948600978294519 	 54.156666666666666 	 53.843333333333334 	 54.026666666666664 	 7.106249987784618 	 7.03506376817028 	 7.075730036932978	54.35059819228662	50.940337715660796	52.93813919358725
-0.04 	 0.0049999999999999975 	 50.79333333333334 	 38.24 	 46.5 	 6.5506199876211895 	 5.755206338612023 	 6.255397669213365 	 51.343333333333334 	 48.086666666666666 	 49.983333333333334 	 6.646211117789009 	 6.333968389213475 	 6.521481597169635 	 51.67666666666667 	 51.34 	 51.526666666666664 	 6.6527279283680985 	 6.639106365568587 	 6.690487442796842	51.02731854026934	47.608839941171674	49.589204543824074
-0.035 	 0.005000000000000001 	 46.38666666666666 	 34.733333333333334 	 42.123333333333335 	 6.836945386809977 	 5.84826659979025 	 6.52238112621116 	 46.906666666666666 	 43.64 	 45.53333333333333 	 6.946794624541275 	 6.601797734960783 	 6.802613876706185 	 47.233333333333334 	 46.903333333333336 	 47.11 	 6.948780868293053 	 6.940748438669196 	 6.9654791651400405	47.36100280104802	43.78775043732409	45.81985980808444
-0.03 	 0.005000000000000001 	 42.52 	 31.44 	 38.36333333333334 	 6.462940507230436 	 5.546746794293029 	 5.989823777782523 	 43.16 	 39.71 	 41.68333333333333 	 6.48236582326751 	 6.054686889784915 	 6.380417088421589 	 43.56333333333333 	 43.13 	 43.39 	 6.620623502024228 	 6.476606621783766 	 6.554736201150025	43.324299998748145	39.66540945270375	41.71340423992162
-0.025 	 0.004999999999999999 	 37.13666666666666 	 27.183333333333334 	 33.3 	 6.1230157783744295 	 5.177810562604837 	 5.886991308526509 	 37.71 	 34.48 	 36.31666666666667 	 6.132908499779421 	 5.864264659784721 	 5.947244927041615 	 37.99333333333333 	 37.693333333333335 	 37.85333333333333 	 6.18007191615833 	 6.1285633625580545 	 6.171317165367176	38.4810667769045	34.95922699384669	36.90965530488836
-0.02 	 0.005000000000000001 	 32.72666666666667 	 23.936666666666667 	 29.183333333333334 	 5.589748553279377 	 5.039774024916417 	 5.482978711937113 	 33.33 	 30.28 	 31.96 	 5.602478618135608 	 5.487707475197028 	 5.5550337532727925 	 33.70666666666666 	 33.32 	 33.52333333333333 	 5.636247766811612 	 5.597999642729535 	 5.599058452593217	33.36376355820057	30.129955441545512	31.90720864795617
-0.015 	 0.005 	 28.003333333333334 	 20.51 	 24.82 	 5.045458904357022 	 4.4192646447118324 	 4.7694444120882675 	 28.536666666666665 	 25.726666666666667 	 27.23 	 5.14023237693481 	 4.881115537342759 	 5.065941834117982 	 28.82 	 28.533333333333335 	 28.69 	 5.107602177147316 	 5.142848324507431 	 5.112784629403694	28.989272417159544	26.05634459710998	27.657864240343454
-0.01 	 0.004999999999999999 	 25.883333333333333 	 19.016666666666666 	 22.973333333333333 	 5.326323518358815 	 4.611910907879967 	 5.095025896782949 	 26.37 	 23.826666666666668 	 25.17 	 5.3335197884074015 	 5.12477208165289 	 5.226321204569552 	 26.61 	 26.356666666666666 	 26.49 	 5.319577050856581 	 5.34004889698795 	 5.32508841867125	26.578080867436178	23.834964910054445	25.325173473504066
-0.005 	 0.005 	 26.81 	 20.116666666666667 	 23.873333333333335 	 4.9518245795531435 	 4.169299168392159 	 4.613453755653735 	 27.303333333333335 	 24.726666666666667 	 26.15 	 5.044269576019461 	 4.754501960130933 	 4.870403816249053 	 27.536666666666665 	 27.283333333333335 	 27.413333333333334 	 5.074313308769528 	 5.061922120652939 	 5.04339391900159	27.391680462070042	24.62780619717542	26.125687199968258
0.0 	 0.003 	 32.13 	 24.3 	 28.84 	 5.541940093505162 	 4.935922743857863 	 5.349242937089322 	 32.78333333333333 	 29.773333333333333 	 31.34 	 5.671248147943762 	 5.395858494149832 	 5.533329317267619 	 33.05 	 32.77333333333333 	 32.92 	 5.727201178004256 	 5.6582054477447965 	 5.714332856948395	33.5328868420551	30.402032322394547	32.101570830963254
0.001 	 0.001 	 35.153333333333336 	 27.086666666666666 	 31.65 	 5.939401391461002 	 5.450304782507325 	 5.843015773839168 	 35.68666666666667 	 32.75666666666667 	 34.4 	 6.006814648565595 	 5.951816716114687 	 5.920585556626417 	 35.973333333333336 	 35.67666666666667 	 35.85666666666667 	 6.071734147305492 	 5.995452906624783 	 6.0185371053844055	35.7792792110905	32.51439182920683	34.288039091139346
0.002 	 0.001 	 37.343333333333334 	 28.846666666666668 	 33.67333333333333 	 5.991003440344716 	 5.151357965516364 	 5.724213677198137 	 37.946666666666665 	 34.74666666666667 	 36.50666666666667 	 6.050660202729029 	 5.73897396946721 	 5.928177535203284 	 38.29666666666667 	 37.93 	 38.156666666666666 	 6.061517045170201 	 6.041393327150065 	 6.049142271613573	38.23365221917318	34.80800837800016	36.67058476403529
0.003 	 0.001 	 40.27333333333333 	 31.323333333333334 	 36.526666666666664 	 5.997106709813399 	 5.417759889679702 	 5.745951231567804 	 40.913333333333334 	 37.64 	 39.38333333333333 	 5.973761145394267 	 5.798022651444772 	 5.838640442964632 	 41.223333333333336 	 40.89333333333333 	 41.093333333333334 	 6.006118176955525 	 5.9723213428467 	 5.966960886600666	41.33589994596993	37.7186834813388	39.68723586343012
0.004 	 0.001 	 44.67666666666667 	 35.45666666666666 	 40.67666666666667 	 6.462619867790117 	 5.699835280271021 	 6.038111367711669 	 45.39666666666667 	 41.88333333333333 	 43.81666666666667 	 6.531410431309781 	 6.224391982800855 	 6.374144822815231 	 45.806666666666665 	 45.39333333333333 	 45.61333333333334 	 6.621879558621472 	 6.53033604716395 	 6.546028482132421	44.92744335732294	41.08301772544463	43.17721049101524
0.005 	 0.001 	 48.67666666666667 	 38.403333333333336 	 44.266666666666666 	 6.770927230118158 	 5.998943425489378 	 6.4484278876499985 	 49.36 	 45.593333333333334 	 47.72666666666667 	 6.8427869565940265 	 6.429200745211042 	 6.647703028532153 	 49.77333333333333 	 49.35333333333333 	 49.56666666666667 	 6.898450711733919 	 6.845569532348804 	 6.827314422393495	49.14168038938768	45.02873411854838	47.27151694471866
0.006 	 0.001 	 54.04666666666667 	 42.64333333333333 	 49.27 	 7.121176556971156 	 6.313698511085946 	 6.92655036796817 	 54.86 	 50.66 	 52.93333333333333 	 7.186125520751777 	 7.072321636728164 	 7.175111303821162 	 55.33 	 54.843333333333334 	 55.11666666666667 	 7.196371771015355 	 7.1948214401439845 	 7.213625225147817	54.082033104594885	49.65068027892264	52.06901554907247
0.007 	 0.001 	 58.75333333333333 	 46.723333333333336 	 53.76 	 7.565215719917634 	 6.904596697530968 	 7.363133390977875 	 59.50333333333333 	 55.25666666666667 	 57.586666666666666 	 7.555791744674339 	 7.376818796443055 	 7.509715189154794 	 59.92 	 59.486666666666665 	 59.74 	 7.611412483895483 	 7.557104089677621 	 7.564769218775504	59.85812037452854	55.05063091131302	57.67635879496662
0.008 	 0.0009999999999999996 	 65.90666666666667 	 52.78666666666667 	 60.26 	 8.126374071845053 	 7.341286596291476 	 7.826817147900331 	 66.91666666666667 	 61.92666666666667 	 64.59666666666666 	 8.258917739160635 	 7.748201224943904 	 7.951560992800233 	 67.35333333333334 	 66.89666666666666 	 67.15333333333334 	 8.276985495268727 	 8.266760080117376 	 8.260941565920652	66.65691961401559	61.3986092835918	64.27535227576173
0.009 	 0.001 	 73.54 	 58.78333333333333 	 67.32 	 8.828839108285981 	 7.920630586568779 	 8.484354228028593 	 74.56666666666666 	 69.13666666666667 	 72.15333333333334 	 8.798421575613562 	 8.55714061796086 	 8.694240750187577 	 75.13 	 74.54666666666667 	 74.85666666666667 	 8.859633175250542 	 8.799308053604115 	 8.832296165525449	74.7454279521675	68.96857815243222	72.12776285525622
0.01 	 0.001 	 83.21 	 67.15666666666667 	 76.5 	 8.902391064577351 	 7.828928548800418 	 8.449654825297106 	 84.46 	 78.55 	 81.83666666666667 	 8.894290303335056 	 8.492398561851259 	 8.742424657318407 	 85.02666666666667 	 84.42666666666666 	 84.75333333333333 	 8.894152885775888 	 8.89332833583068 	 8.881393784511278	84.2798124026612	77.89380180524003	81.38454781130105
0.011 	 0.001 	 93.43333333333334 	 74.72333333333333 	 85.35333333333334 	 10.0869001955782 	 8.631731511631306 	 9.513945320189492 	 94.71666666666667 	 87.80666666666667 	 91.57666666666667 	 10.09140173062637 	 9.683110152333404 	 9.810748640592566 	 95.38333333333334 	 94.69 	 95.04 	 10.131290912591325 	 10.067467407446621 	 10.111959915532365	94.96100237813624	87.70576572552123	91.69901620861467
0.012 	 0.001 	 106.76333333333334 	 86.08 	 97.62666666666667 	 10.60506116070163 	 9.469966561011008 	 10.271025048920656 	 108.00333333333333 	 100.39666666666666 	 104.57666666666667 	 10.68628352401131 	 10.354032494100494 	 10.327186881667673 	 108.75333333333333 	 107.97 	 108.43 	 10.73091277053769 	 10.676567800562125 	 10.68854994842612	107.58268696783169	99.53369488475697	103.87929982677241
0.013 	 0.001 	 121.25333333333333 	 98.44333333333333 	 111.56666666666666 	 11.564708768010066 	 10.463593497880586 	 11.029908834115036 	 122.85666666666667 	 114.32 	 119.1 	 11.515617897253954 	 11.202868680238408 	 11.425264402483938 	 123.68666666666667 	 122.81 	 123.28666666666666 	 11.627918510588595 	 11.526804992422372 	 11.52466147972348	122.2750633004837	113.39008490474654	118.25459138709833
0.014 	 0.001 	 137.93333333333334 	 113.13 	 127.56 	 11.067469850371802 	 10.194104505382837 	 10.65299957758377 	 139.66666666666666 	 130.70666666666668 	 135.53333333333333 	 11.205157542647742 	 10.89926399146087 	 11.148791663474368 	 140.58666666666667 	 139.64 	 140.16666666666666 	 11.280476743274441 	 11.193617228879441 	 11.236498070523968	140.20386304597417	130.2279102990428	135.69003540266394
0.015 	 0.001 	 161.40666666666667 	 132.81333333333333 	 149.41 	 12.156532765920096 	 11.300375608310057 	 12.16916458376115 	 163.36333333333334 	 152.95333333333335 	 158.76 	 12.164346354088336 	 11.986290316672441 	 12.059673848547204 	 164.51 	 163.31666666666666 	 163.99 	 11.984847377696 	 12.188918008675842 	 12.052796356032902	163.49537110771945	152.22363008111958	158.39497684649197
0.016 	 0.0010000000000000009 	 194.89 	 162.30333333333334 	 181.12 	 14.70774965791844 	 13.707831905722932 	 14.636219912714257 	 197.23666666666668 	 185.29 	 191.95333333333335 	 14.803174959747281 	 14.646019937170646 	 14.76926387994864 	 198.41 	 197.18 	 197.85666666666665 	 14.858731439796603 	 14.774784826408359 	 14.8045980094774	196.2589435058514	183.377194083032	190.42886492276693
0.017 	 0.0009999999999999992 	 240.19666666666666 	 202.42 	 224.17333333333335 	 15.373288161251935 	 14.543163342271857 	 15.06994654565466 	 242.76333333333332 	 229.10333333333332 	 236.69 	 15.433966509689665 	 15.071805539557039 	 15.273743265268452 	 244.14 	 242.70333333333335 	 243.48 	 15.532773952731903 	 15.427961268064191 	 15.483849650522961	244.3727899390862	229.42221421389797	237.60402834403047
0.018 	 0.0009999999999999992 	 312.0966666666667 	 266.84 	 292.9 	 17.802078218255556 	 16.61909744841759 	 17.312134472675517 	 315.55 	 298.87333333333333 	 308.10333333333335 	 17.701435911624042 	 17.544152555449603 	 17.721342750731075 	 317.33666666666664 	 315.47333333333336 	 316.51666666666665 	 17.7571578681825 	 17.706570029856778 	 17.750203441713623	314.9877036148563	297.35387694698557	307.00038954124875
0.019 	 0.0010000000000000009 	 409.03333333333336 	 355.73 	 386.3466666666667 	 19.931688895380194 	 19.377575527741683 	 19.941911197832123 	 412.91 	 392.99333333333334 	 403.97 	 20.084037608674873 	 19.795116120453102 	 19.99456009351877 	 414.7966666666667 	 412.81333333333333 	 413.9633333333333 	 20.180898284158598 	 20.097557618333184 	 20.18965053904819	414.30710482618906	393.2690712537655	404.77305224965653
