time 	 delTime 		 mean eVee 	 	 stdev eVee 	 	 mean eVth 	 	 stdev eVth 	 	 mean eVt 	 	 stdev eVt 	 	 CountGe 
 	  	 10 	 100 	 50 	 10 	 100 	 50 	 10 	 100 	 50 	 10 	 100 	 50 	 10 	 100 	 50 	 10 	 100 	 50 	 10 	 100 	 50 
0.1 	 0.0029999999999999957 	 3097.5333333333333 	 2916.5233333333335 	 3019.93 	 53.718856610649816 	 52.088989132914534 	 53.20173963321124 	 3110.69 	 3042.8533333333335 	 3080.2466666666664 	 54.181797989115616 	 53.899398471184774 	 53.721682359691194 	 3117.8033333333333 	 3110.3733333333334 	 3114.45 	 54.22623586010333 	 54.21033685767154 	 54.16291012614936	3109.9897553464266	3037.54611280373	3076.715457887742
0.105 	 0.0049999999999999975 	 3077.516666666667 	 2897.3133333333335 	 3000.2833333333333 	 49.94419941850661 	 48.82132548612565 	 49.05088910735688 	 3090.116666666667 	 3022.94 	 3059.66 	 49.84432153103189 	 49.37026500502774 	 49.71684221669755 	 3097.483333333333 	 3089.806666666667 	 3094.08 	 49.85909869043184 	 49.78757497832388 	 49.83566594317769	3094.1901762931248	3021.8086752045265	3060.9398128620633
0.11 	 0.0050000000000000044 	 3062.92 	 2883.0333333333333 	 2985.97 	 56.94646843015523 	 54.54807258026833 	 55.63106835812761 	 3076.3533333333335 	 3008.866666666667 	 3045.8933333333334 	 57.771519703820225 	 56.34928768158674 	 56.92564116654482 	 3083.3533333333335 	 3076.036666666667 	 3080.1666666666665 	 57.36870652968297 	 57.776598396082676 	 57.394182825633315	3077.927931252072	3005.697109392864	3044.7428401511697
0.115 	 0.0049999999999999975 	 3049.26 	 2869.7633333333333 	 2972.49 	 57.107726272370535 	 55.72145597124644 	 56.285669283279084 	 3062.26 	 2994.903333333333 	 3032.02 	 57.37396970752503 	 56.55222355388768 	 56.761192141579734 	 3069.4733333333334 	 3061.9533333333334 	 3066.1866666666665 	 57.440542786045775 	 57.417748320725906 	 57.44485897121014	3061.098579347899	2989.1599074165	3028.0438609992366
0.12 	 0.0049999999999999975 	 3041.0633333333335 	 2863.616666666667 	 2964.7233333333334 	 57.52981246468845 	 56.05059965979152 	 56.814025165935526 	 3053.9333333333334 	 2987.653333333333 	 3023.8166666666666 	 58.31205326135889 	 57.12144800530027 	 57.60644977392337 	 3060.9166666666665 	 3053.6266666666666 	 3057.5733333333333 	 58.48991128581255 	 58.29780403716383 	 58.33116338821147	3047.3446548755446	2975.794439897711	3014.4646860376115
0.125 	 0.0050000000000000044 	 3018.8433333333332 	 2841.7766666666666 	 2942.76 	 52.31423122716121 	 50.82388010462099 	 50.91092613575204 	 3032.44 	 2965.4133333333334 	 3001.67 	 52.46382626788354 	 51.64490122192338 	 52.02250570666507 	 3039.1833333333334 	 3032.1666666666665 	 3036.04 	 52.567826556639076 	 52.42294874914569 	 52.530293482269194	3041.22064234993	2970.0052853475004	3008.491006124972
0.13 	 0.0050000000000000044 	 3026.17 	 2849.5933333333332 	 2950.7033333333334 	 53.48203218527384 	 52.3098584292568 	 52.68315975928382 	 3038.9866666666667 	 2972.943333333333 	 3009.1266666666666 	 53.695684080649244 	 52.83483814891669 	 53.48741866603356 	 3045.8333333333335 	 3038.6766666666667 	 3042.5666666666666 	 53.7600739913512 	 53.67394267446935 	 53.74488089318109	3038.1933677530474	2967.321665018198	3005.618110231869
0.135 	 0.0050000000000000044 	 3028.8533333333335 	 2851.61 	 2953.036666666667 	 54.027448168089116 	 51.398163715577745 	 52.55887481883742 	 3041.92 	 2975.16 	 3011.2833333333333 	 54.044428636693596 	 53.31448583640285 	 53.65441630368267 	 3048.91 	 3041.56 	 3045.6833333333334 	 54.009584643221736 	 54.09990511390323 	 53.99916408818031	3035.218174670544	2964.7555412752904	3002.827049418521
0.14 	 0.0049999999999999906 	 3019.96 	 2845.3633333333332 	 2945.06 	 53.86642491694927 	 51.0701934160774 	 52.59933206166532 	 3032.25 	 2967.47 	 3002.99 	 53.912405807939976 	 52.775332937525526 	 53.352006210326024 	 3039.21 	 3031.9266666666667 	 3035.9766666666665 	 53.97690154130746 	 53.92471253722381 	 53.98854312619381	3027.1961407812146	2957.2618291165077	2995.043580528911
0.145 	 0.0049999999999999906 	 2992.24 	 2819.46 	 2918.07 	 56.161039876412545 	 54.9758286279828 	 55.94626975947548 	 3005.0333333333333 	 2939.87 	 2975.3533333333335 	 56.236040243088084 	 56.175615409772476 	 56.2745219635158 	 3011.7433333333333 	 3004.7 	 3008.59 	 56.2262464413986 	 56.181758605440606 	 56.25983084463254	3008.4397951305505	2939.206017732958	2976.604462502956
0.15 	 0.0050000000000000044 	 2968.7966666666666 	 2797.1233333333334 	 2894.8966666666665 	 58.17337869583379 	 57.12181243234108 	 57.132880103219804 	 2981.32 	 2916.54 	 2952.14 	 58.809219231908415 	 57.12239840903041 	 57.80738476469363 	 2987.9133333333334 	 2980.983333333333 	 2984.8233333333333 	 58.90200185241774 	 58.801669949831265 	 58.80242729305956	2981.4049254753954	2913.0003896721178	2949.9454983555797
0.155 	 0.0050000000000000044 	 2730.7633333333333 	 2568.286666666667 	 2661.213333333333 	 54.14401156996856 	 52.41746994615016 	 52.96773693065955 	 2742.8033333333333 	 2681.8366666666666 	 2715.07 	 54.71798597251994 	 53.130938779166655 	 54.19506527350991 	 2749.03 	 2742.5133333333333 	 2746.2233333333334 	 54.68579126854312 	 54.7374626944127 	 54.73250212523532	2743.798986005151	2678.62488602841	2713.822084690999
0.16 	 0.0050000000000000044 	 2549.03 	 2394.5733333333333 	 2482.3566666666666 	 50.77961303515418 	 48.37965780045255 	 49.73566247897198 	 2560.5233333333335 	 2502.26 	 2534.17 	 51.2213118622404 	 49.97491770878668 	 50.84002130867636 	 2566.5666666666666 	 2560.2633333333333 	 2563.81 	 51.103935486635685 	 51.174348934684936 	 51.20651553594848	2559.539701355747	2497.38182033797	2530.9466382828873
0.165 	 0.0050000000000000044 	 2371.7733333333335 	 2223.7933333333335 	 2307.9333333333334 	 47.8836989195929 	 45.26526212843085 	 47.18702740749364 	 2382.7533333333336 	 2326.483333333333 	 2357.08 	 48.453749310267234 	 47.49711979571907 	 47.646618627838286 	 2388.463333333333 	 2382.5066666666667 	 2385.8766666666666 	 48.27478971701712 	 48.45145290792516 	 48.459551403435654	2383.2890728028638	2323.908795610088	2355.9700704846846
0.17 	 0.0049999999999999906 	 2209.883333333333 	 2068.9333333333334 	 2148.6466666666665 	 46.64757645246845 	 43.998434315577896 	 45.65926509361368 	 2220.306666666667 	 2167.3 	 2196.0866666666666 	 46.93583516059156 	 45.812552864908106 	 46.59898949786596 	 2225.8 	 2220.0333333333333 	 2223.2366666666667 	 46.972616136070876 	 46.968559223756856 	 47.0571353663702	2223.561319253498	2166.7615699332646	2197.4257879183074
0.175 	 0.0049999999999999906 	 2072.42 	 1936.85 	 2014.2566666666667 	 43.2020477909709 	 41.31691542213673 	 42.0544582126028 	 2082.3633333333332 	 2031.6266666666668 	 2059.29 	 43.34348842547043 	 42.41234830670059 	 43.16733989179011 	 2087.69 	 2082.1133333333332 	 2085.2566666666667 	 43.49567679666566 	 43.335903000732415 	 43.38545211883305	2083.364013869368	2028.95486219565	2058.3246107542814
0.18 	 0.0050000000000000044 	 1952.03 	 1822.51 	 1895.8766666666668 	 44.67164387692338 	 42.55721521277757 	 43.811582816521124 	 1962.01 	 1912.3033333333333 	 1939.15 	 44.6130388264836 	 43.946459723420524 	 44.26293596226983 	 1966.9833333333333 	 1961.7766666666666 	 1964.7466666666667 	 44.491306891221896 	 44.64915216315858 	 44.44340020995493	1960.9163344402202	1908.6962392658318	1936.8801370912367
0.185 	 0.0050000000000000044 	 1845.59 	 1720.7 	 1791.9366666666667 	 44.172939303001634 	 42.63093555936425 	 44.00241647404783 	 1854.8 	 1807.4233333333334 	 1833.2666666666667 	 44.67922708970393 	 43.81769949334274 	 44.26528612305082 	 1859.8 	 1854.5833333333333 	 1857.39 	 44.78675399415918 	 44.69574613117251 	 44.678606737453215	1851.7351450746776	1801.5788836956779	1828.6445283635996
0.19 	 0.0050000000000000044 	 1749.59 	 1629.28 	 1698.1633333333334 	 43.33899591207284 	 42.31880905696662 	 43.09953583147838 	 1758.5 	 1712.8833333333334 	 1738.0166666666667 	 43.36576991130216 	 42.67063458112096 	 43.15695836774825 	 1763.1466666666668 	 1758.2866666666666 	 1761.0033333333333 	 43.1832354302248 	 43.36386155416615 	 43.220481127457255	1755.9260641629198	1707.6910058453136	1733.7154244618146
0.195 	 0.0050000000000000044 	 1659.3733333333332 	 1544.42 	 1610.26 	 41.660860395446576 	 40.5946252600021 	 41.00519154123455 	 1667.7333333333333 	 1624.5933333333332 	 1648.2 	 41.80560834252851 	 41.246267979324166 	 41.45567914451931 	 1672.41 	 1667.52 	 1670.3266666666666 	 42.09111426417695 	 41.812473418028425 	 41.926522499354625	1666.083684570676	1619.7457777735397	1644.7424154546268
0.2 	 0.0049999999999999906 	 1571.2766666666666 	 1460.5466666666666 	 1523.47 	 40.76600040338626 	 39.23962056674634 	 40.06181598480029 	 1579.5233333333333 	 1537.7633333333333 	 1560.5933333333332 	 40.429644102096944 	 40.2628114876357 	 40.39407492304891 	 1583.9066666666668 	 1579.31 	 1581.7533333333333 	 40.34407790769572 	 40.40875193981291 	 40.44311835432849	1580.9168203306656	1536.4817936336246	1560.4485079258873
0.205 	 0.0049999999999999906 	 1492.6433333333334 	 1387.7266666666667 	 1447.5866666666666 	 38.639394261412654 	 37.910930115498644 	 38.470713825223235 	 1500.5366666666666 	 1461.06 	 1482.4033333333334 	 38.39881060079278 	 38.558912501953856 	 38.27402063483213 	 1504.6266666666668 	 1500.3666666666666 	 1502.76 	 38.687301390622856 	 38.37350069456207 	 38.528548722559826	1501.7760972988535	1459.1819343946322	1482.1526722174458
0.21 	 0.0050000000000000044 	 1421.2433333333333 	 1321.15 	 1378.27 	 38.200141215562134 	 36.638697666083424 	 37.33055629552462 	 1428.5933333333332 	 1391.2033333333334 	 1411.7366666666667 	 38.488283354230745 	 37.29247451638944 	 37.81358647658566 	 1432.5333333333333 	 1428.4033333333334 	 1430.6466666666668 	 38.68456482313786 	 38.49606891907565 	 38.60684510406009	1429.1993511099442	1388.3242952854353	1410.364995483135
0.215 	 0.0050000000000000044 	 1354.7566666666667 	 1257.4833333333333 	 1312.3033333333333 	 35.743402032947124 	 33.60193033476235 	 34.65686063233208 	 1362.1066666666666 	 1324.7033333333334 	 1344.9133333333334 	 35.628106258339855 	 34.86997737627919 	 35.38793328554554 	 1365.8933333333334 	 1361.9333333333334 	 1364.0366666666666 	 35.86282135520789 	 35.60789550397808 	 35.81603908244958	1363.6883429778259	1324.3923685212649	1345.5790285266269
0.22 	 0.0050000000000000044 	 1298.6566666666668 	 1205.7233333333334 	 1258.7633333333333 	 34.6466754858561 	 32.85868919411661 	 33.72191160391448 	 1305.47 	 1270.38 	 1289.6733333333334 	 34.926529076524815 	 34.18862773886467 	 34.48806492429261 	 1309.0966666666666 	 1305.2933333333333 	 1307.3966666666668 	 35.05235116539577 	 34.93833551972516 	 35.01065536217351	1304.3770300153556	1266.5308369462361	1286.93373835195
0.225 	 0.0050000000000000044 	 1242.13 	 1152.1933333333334 	 1203.2933333333333 	 35.60804824755213 	 34.13779853606393 	 34.97476169404955 	 1248.78 	 1214.8466666666666 	 1233.74 	 35.577121862230506 	 35.30254696508769 	 35.61889573433367 	 1252.3666666666666 	 1248.6166666666666 	 1250.6666666666667 	 35.44891473029259 	 35.59208323333841 	 35.558996361289815	1249.548681175716	1213.0633715665508	1232.7309781046263
0.23 	 0.0049999999999999906 	 1193.98 	 1106.9366666666667 	 1156.62 	 37.37975744526263 	 35.26167875880116 	 36.653907477011686 	 1200.8433333333332 	 1167.4233333333334 	 1185.66 	 37.44897135510608 	 36.89648748714285 	 37.43693897743243 	 1204.2633333333333 	 1200.6833333333334 	 1202.6933333333334 	 37.518093264746575 	 37.459618999070926 	 37.52678095559075	1199.2013364943498	1163.9729824703627	1182.9617120123175
0.235 	 0.0049999999999999906 	 1146.84 	 1061.9866666666667 	 1110.04 	 36.13826780574852 	 34.34908764759586 	 35.1475708027359 	 1152.8466666666666 	 1121.0066666666667 	 1138.1666666666667 	 36.10285984363134 	 35.388792325003436 	 35.69900403216999 	 1156.29 	 1152.7233333333334 	 1154.6866666666667 	 36.122650788667215 	 36.09875513396857 	 36.089543576437144	1152.6294126333182	1118.5714466327056	1136.9282992038916
0.24 	 0.0050000000000000044 	 1104.7866666666666 	 1022.9133333333333 	 1069.31 	 33.09855720252605 	 31.6459447990137 	 32.14250405097068 	 1110.74 	 1079.9933333333333 	 1096.8166666666666 	 33.263880310831645 	 32.475220639058875 	 32.74125413331356 	 1113.97 	 1110.5833333333333 	 1112.3766666666668 	 33.359792665223004 	 33.23055404627227 	 33.28735679236521	1109.2634301236828	1076.2961642573343	1094.0644005955642
0.245 	 0.0050000000000000044 	 1062.6766666666667 	 984.04 	 1028.4833333333333 	 33.59392984189587 	 32.69319603016301 	 33.68535372466134 	 1068.4166666666667 	 1038.28 	 1054.7233333333334 	 34.09021935329187 	 33.78078743901628 	 33.81607293712398 	 1071.52 	 1068.29 	 1070.1533333333334 	 33.886913895091325 	 34.092412156763956 	 34.01406310467611	1067.4632050012704	1035.5319818744492	1052.7414214995374
