-5.000000000000000278e-02	3.494685537738615120e+56	4.001293564214190687e+49	2.603824249121689396e+53	3.319848793614269575e+51	4.590953621937531903e+43	4.283567629279700437e+46
-4.499999999999999833e-02	3.520920504154743649e+56	2.141199430564411398e+51	2.713498193749545315e+53	3.343023863656768869e+51	2.094337279458457872e+45	4.909531638076187777e+46
-4.000000000000000083e-02	3.395632684957121134e+56	1.930979246362664791e+52	2.592572747191057802e+53	3.183365619957257583e+51	1.903715701516861906e+46	5.524106262530537372e+46
-3.500000000000000333e-02	3.331265679230546099e+56	5.616804620792797069e+52	2.335173302227758615e+53	3.036888678846792603e+51	5.619372736097658543e+46	5.614325119918960452e+46
-2.999999999999999889e-02	3.226354284034000293e+56	9.452498039887954538e+52	1.992899164044306476e+53	2.855583428394759947e+51	9.605206701950835712e+46	4.981901953951492190e+46
-2.500000000000000139e-02	2.988499998202953949e+56	1.203601160024727087e+53	1.620165137601575411e+53	2.584721390049889129e+51	1.246437066856946667e+47	4.055708122593187738e+46
-2.000000000000000042e-02	2.657852537412338879e+56	1.353212530558026068e+53	1.259380794483692886e+53	2.261936232536279748e+51	1.430668552534296322e+47	3.199394538698990587e+46
-1.499999999999999944e-02	2.320418011088654730e+56	1.445745427421639539e+53	9.363093334615448441e+52	1.959692821114862503e+51	1.567106139503352879e+47	2.520045820914076257e+46
-1.000000000000000021e-02	2.056611048514046559e+56	1.504924655092382839e+53	6.687492337676998270e+52	1.751263900141117817e+51	1.693408412634363455e+47	2.018057916165445639e+46
-5.000000000000000104e-03	1.925050780861183946e+56	1.556200695953315605e+53	4.601729471469091145e+52	1.696585613563450334e+51	1.842043736534999143e+47	1.653464176033558536e+46
0.000000000000000000e+00	1.990175240244241536e+56	1.623900170963209798e+53	3.080366998395093475e+52	1.875988977199285982e+51	2.039338222066970371e+47	1.395443305561808461e+46
1.000000000000000021e-03	2.035008338858515524e+56	1.639306071454524725e+53	2.836117746092025713e+52	1.950825873215329061e+51	2.084569179618776015e+47	1.353980355584754650e+46
2.000000000000000042e-03	2.093238119138510162e+56	1.654880816401361417e+53	2.609894212140343628e+52	2.042280609831119904e+51	2.131399285871782321e+47	1.315432273865117626e+46
3.000000000000000062e-03	2.166687082563245074e+56	1.670390701261263479e+53	2.400727538955319508e+52	2.152605932786249449e+51	2.179697279902128511e+47	1.279600759510581559e+46
4.000000000000000083e-03	2.257504797530865864e+56	1.685505093414476826e+53	2.207678977996079930e+52	2.284445228385321799e+51	2.229294666287212650e+47	1.246301240085139614e+46
5.000000000000000104e-03	2.368429091707722015e+56	1.699876479016043808e+53	2.029848428436481102e+52	2.441096957075944844e+51	2.280038738317541496e+47	1.215415797722333775e+46
6.000000000000000125e-03	2.502901618399248379e+56	1.713188251523156366e+53	1.866398668038961866e+52	2.626637682108761084e+51	2.331817982238766082e+47	1.186881768290005850e+46
7.000000000000000146e-03	2.665142752950777415e+56	1.724900247338021722e+53	1.716604788117185667e+52	2.846018210772686771e+51	2.384409633284114089e+47	1.160818176908313994e+46
8.000000000000000167e-03	2.860050177962376631e+56	1.734627328827903228e+53	1.580136685898598134e+52	3.105026284089268129e+51	2.437608433568986765e+47	1.137988216014287931e+46
8.999999999999999320e-03	3.092927733710945930e+56	1.741814049000305970e+53	1.458258491128878360e+52	3.410065357549294510e+51	2.491266761112627017e+47	1.126558362637949592e+46
1.000000000000000021e-02	3.369010760535757418e+56	1.746256962379510768e+53	1.367923729768094987e+52	3.767736383087791374e+51	2.549686357298937529e+47	1.283862000341906336e+46
1.099999999999999936e-02	3.692522536077816478e+56	1.752327810325664459e+53	1.463376062918571041e+52	4.183881722903723372e+51	2.670141227884293222e+47	3.411732205395141119e+46
1.200000000000000025e-02	4.066082336220002834e+56	1.789209222595221838e+53	2.631971039618543226e+52	4.663182520025635771e+51	3.225250404272317976e+47	1.941613264651702402e+47
1.299999999999999940e-02	4.490129498458743670e+56	1.968218664381951627e+53	8.113827025713960382e+52	5.209420387314822939e+51	5.682114471576368184e+47	9.762160316618479710e+47
1.400000000000000029e-02	4.967670515662111702e+56	2.585202829054182615e+53	2.626938142985664355e+53	5.833156092046023967e+51	1.408577347120215351e+48	3.746495968616924255e+48
1.499999999999999944e-02	5.509333951215189105e+56	4.230441675027112344e+53	7.308502937286753724e+53	6.560720780881488559e+51	3.679432474049451628e+48	1.135624470317168239e+49
1.600000000000000033e-02	6.138469245992613212e+56	7.863135090566203267e+53	1.727019650080169688e+54	7.442105054394794342e+51	8.784834815018203744e+48	2.851402548037099683e+49
1.700000000000000122e-02	6.888470710622216127e+56	1.476388572525418025e+54	3.534126784134999282e+54	8.545088628631604326e+51	1.866293264751103707e+49	6.135052905370000081e+49
1.799999999999999864e-02	7.796763023765108468e+56	2.653460359898114604e+54	6.437852485879999613e+54	9.942906231206420655e+51	3.581669133903022849e+49	1.168379421980000119e+50
1.899999999999999953e-02	8.888778946515863158e+56	4.489520639481034734e+54	1.064032973919999886e+55	1.168446281110498293e+52	6.303539591515766717e+49	2.008336779999999415e+50
2.000000000000000042e-02	1.017083180735062748e+57	7.178455463898580666e+54	1.625237716740000229e+55	1.378181625854678738e+52	1.035704193808618930e+50	3.174181142500000331e+50
2.100000000000000130e-02	1.162141871463610691e+57	1.091014809592691272e+55	2.324822401899999724e+55	1.619390909494886202e+52	1.607511567388393587e+50	4.673497356400000739e+50
2.199999999999999872e-02	1.319576632112234698e+57	1.589773557479852611e+55	3.152345049399999826e+55	1.883775541149939038e+52	2.384332785503272937e+50	6.491289025299999467e+50
2.299999999999999961e-02	1.482955906121662932e+57	2.232079947926807459e+55	4.088319395499999428e+55	2.159508396152048262e+52	3.400755231706889566e+50	8.585344352099999986e+50
2.400000000000000050e-02	1.645297991378198785e+57	3.035613392252525236e+55	5.112847437399998785e+55	2.433951782153928987e+52	4.692258704940098900e+50	1.090788745880000031e+51
2.500000000000000139e-02	1.799761877295807108e+57	4.015038740351059518e+55	6.207507936600000509e+55	2.694932923115310229e+52	6.290433621220100709e+50	1.341191103630000198e+51
2.599999999999999881e-02	1.940379171404551197e+57	5.177889443680470496e+55	7.356748366500000310e+55	2.932092001896600885e+52	8.215472730858502301e+50	1.605586741150000318e+51
2.699999999999999969e-02	2.062811236925730084e+57	6.524616353840009285e+55	8.550200260899999949e+55	3.138037809780800486e+52	1.047540580640700361e+51	1.881150932570000663e+51
2.800000000000000058e-02	2.164204472255369594e+57	8.045010814117378910e+55	9.780760858200000815e+55	3.308105398514099626e+52	1.305898212759100002e+51	2.166004811160000116e+51
2.900000000000000147e-02	2.243245915077500186e+57	9.718910176397400916e+55	1.104314426820000686e+56	3.440285441441000446e+52	1.593639120273299596e+51	2.458940551150000074e+51
2.999999999999999889e-02	2.300065038868980267e+57	1.151700319635200001e+56	1.233327398450000314e+56	3.535008423771000458e+52	1.905912590702400290e+51	2.759168111240000110e+51
3.099999999999999978e-02	2.335739159420999962e+57	1.340218689652189884e+56	1.364507305359999772e+56	3.594159628535000454e+52	2.236285656399999862e+51	3.065493405900000528e+51
3.200000000000000067e-02	2.352211735375299526e+57	1.533195406957879773e+56	1.496923210790000288e+56	3.620999837985006216e+52	2.577071651952999938e+51	3.375961959600000866e+51
3.300000000000000155e-02	2.351864824970603468e+57	1.726396328450949864e+56	1.629482898619999642e+56	3.619476865745126200e+52	2.920346238156000524e+51	3.688062284499999765e+51
3.400000000000000244e-02	2.337134324590370813e+57	1.915782447354430035e+56	1.760924800580000105e+56	3.593547067905375204e+52	3.258359230287999844e+51	3.998793972899999568e+51
3.500000000000000333e-02	2.310602592155698675e+57	2.097483531523399576e+56	1.889813227520000094e+56	3.547464710619020911e+52	3.583533700529999626e+51	4.304563145199999205e+51
3.599999999999999728e-02	2.274816698565196291e+57	2.268492985646600578e+56	2.014970185949999759e+56	3.485460022207004133e+52	3.889729390356999632e+51	4.602306316100000482e+51
3.699999999999999817e-02	2.232130821484767275e+57	2.426246754250799666e+56	2.135370199109999854e+56	3.411510314604861933e+52	4.171654481460000218e+51	4.889287115500000437e+51
3.799999999999999906e-02	2.184556939509674586e+57	2.568716381705099591e+56	2.250194317550000422e+56	3.329140188053825704e+52	4.425051631770000247e+51	5.163308430099999824e+51
3.899999999999999994e-02	2.133772440702591457e+57	2.694683821242398890e+56	2.358990903939999943e+56	3.241350493574720164e+52	4.647274857902000737e+51	5.423154042000000140e+51
4.000000000000000083e-02	2.081148905534765108e+57	2.803300710245499893e+56	2.461443421439999754e+56	3.150655739955829663e+52	4.836484575117000585e+51	5.668066200599998870e+51
4.100000000000000172e-02	2.027575746977385250e+57	2.894759512052999610e+56	2.557418577110000043e+56	3.058764234144300230e+52	4.992994175185000873e+51	5.897775564900000250e+51
4.200000000000000261e-02	1.973760609253508186e+57	2.968830873696800781e+56	2.646769212449999567e+56	2.967038170431399523e+52	5.116456782740000730e+51	6.112044219399997980e+51
4.299999999999999656e-02	1.920091001935790060e+57	3.027044205181999982e+56	2.729553857129999484e+56	2.876210538018700817e+52	5.209830136680001411e+51	6.311078071700001389e+51
4.399999999999999745e-02	1.866852727146349902e+57	3.070375452262600317e+56	2.805731425469999670e+56	2.786791733659900488e+52	5.275117176379999199e+51	6.494771081799999398e+51
4.499999999999999833e-02	1.814181426118389413e+57	3.100764285805299660e+56	2.875356053480000080e+56	2.698977852788999881e+52	5.316152885049999909e+51	6.663147561100000286e+51
4.599999999999999922e-02	1.762199964968749823e+57	3.120123942051200313e+56	2.938419602889998948e+56	2.612936662409000369e+52	5.336710522369999782e+51	6.816008921299997697e+51
4.700000000000000011e-02	1.711022875931730263e+57	3.130548597792999280e+56	2.995055518599999612e+56	2.528761358331999745e+52	5.340942162299999686e+51	6.953405866000000314e+51
4.800000000000000100e-02	1.660432419584399809e+57	3.133535221486300394e+56	3.044559349939999885e+56	2.446079657863000259e+52	5.332008547390000517e+51	7.073396997999998052e+51
4.900000000000000189e-02	1.597444511678900087e+57	3.099385537491800816e+56	3.053133715709999815e+56	2.346378172008000062e+52	5.261309493319999520e+51	7.097630332000000195e+51
5.000000000000000278e-02	1.530367396111400160e+57	3.040308600717999940e+56	3.029267152380000566e+56	2.242306827945000103e+52	5.151079177840001609e+51	7.046020453899999147e+51
5.050000000000000322e-02	1.500606265121299831e+57	3.015663160011499298e+56	3.020924918620000398e+56	2.196088292353999803e+52	5.104679258519999278e+51	7.028416330800002187e+51
5.099999999999999672e-02	1.472635617084300069e+57	2.993891641813099286e+56	3.014866151210000152e+56	2.152596674417000405e+52	5.063341107180001054e+51	7.016032509000000234e+51
5.149999999999999717e-02	1.446110530747299859e+57	2.974976240800799936e+56	3.011041078620000396e+56	2.111305422365000298e+52	5.027034822619999620e+51	7.008701072300001781e+51
5.199999999999999761e-02	1.420934881229400281e+57	2.958921744265499352e+56	3.009421056880000748e+56	2.072031014721000227e+52	4.995785308889999549e+51	7.006267665700000915e+51
5.249999999999999806e-02	1.396985476668699824e+57	2.945921582853000108e+56	3.009950778320000251e+56	2.034576359966000815e+52	4.969876267919999879e+51	7.008499339999998016e+51
5.299999999999999850e-02	1.374199416281899815e+57	2.936004506260399475e+56	3.012459967090000146e+56	1.998821940855000919e+52	4.949413998360000580e+51	7.015026012499998026e+51
5.349999999999999895e-02	1.352446670660599818e+57	2.929079275499899260e+56	3.016780193240000819e+56	1.964580075709003329e+52	4.934295494270000360e+51	7.025301272100002298e+51
5.399999999999999939e-02	1.331736399148699984e+57	2.925229643414999627e+56	3.022779726290001077e+56	1.931856189024007252e+52	4.924772844520000270e+51	7.038990670299999180e+51
5.449999999999999983e-02	1.311984159473300488e+57	2.924416101222400509e+56	3.030206819310000061e+56	1.900503906490014981e+52	4.920703951760003981e+51	7.055434009899999786e+51
5.500000000000000028e-02	1.293099595472301083e+57	2.926542087171300191e+56	3.038688460410000601e+56	1.870411707202031963e+52	4.922044123810012419e+51	7.073779377100000169e+51
5.550000000000000072e-02	1.274906422464601418e+57	2.930939935759100474e+56	3.047601398589999696e+56	1.841347816563065737e+52	4.927799783000037455e+51	7.092698117499998886e+51
5.600000000000000117e-02	1.257248370232103007e+57	2.937108308519303471e+56	3.056360381100000379e+56	1.813053387650131069e+52	4.936980267760102366e+51	7.110615175599998868e+51
5.650000000000000161e-02	1.239756287796605640e+57	2.943815278315105714e+56	3.063664045570000141e+56	1.785047825230254699e+52	4.947569264010251681e+51	7.124654753899999677e+51
5.700000000000000205e-02	1.221730239335810973e+57	2.948400203734812949e+56	3.067065782609999526e+56	1.756353951240472699e+52	4.955064230000557256e+51	7.129284120399998341e+51
5.750000000000000250e-02	1.202844469501620429e+57	2.949149242237327690e+56	3.065109817869999921e+56	1.726574929050849387e+52	4.956521997871164776e+51	7.121254084700002099e+51
5.800000000000000294e-02	1.183863734651938573e+57	2.948116538650460996e+56	3.060090081469999580e+56	1.696784904121639574e+52	4.955413866702619960e+51	7.105955515600001063e+51
5.850000000000000339e-02	1.165177970684885425e+57	2.946980690135355836e+56	3.053314318729999689e+56	1.667514834113617237e+52	4.954544160566643656e+51	7.086345796900001156e+51
5.899999999999999689e-02	1.147063400101201301e+57	2.947031071735409046e+56	3.046076640799999828e+56	1.639139948798569360e+52	4.956271787817387290e+51	7.065349556099999605e+51
5.949999999999999734e-02	1.129717494214586007e+57	2.949176758357254267e+56	3.039098836999998919e+56	1.611920320080664568e+52	4.962183529424852220e+51	7.044672385600001097e+51
5.999999999999999778e-02	1.113198391875317986e+57	2.954171095260638757e+56	3.032914888190000327e+56	1.585935066587537272e+52	4.973581715667935615e+51	7.025441758799999606e+51
6.099999999999999867e-02	1.083003442124742508e+57	2.974480734153689604e+56	3.024253798710000306e+56	1.538131737258682687e+52	5.016341922896837787e+51	6.994499383899998568e+51
6.199999999999999956e-02	1.056730845352255052e+57	3.010257296848123764e+56	3.021434474309999553e+56	1.496080998827313086e+52	5.088831695761921025e+51	6.975650626699999083e+51
6.300000000000000044e-02	1.034450236966273888e+57	3.061586737399914321e+56	3.024763499799999229e+56	1.459915580445365895e+52	5.191460656991687453e+51	6.969724160399998744e+51
6.400000000000000133e-02	1.015873665342630053e+57	3.126999742754160353e+56	3.033302425090000002e+56	1.429267664953587764e+52	5.321775492438511236e+51	6.974866933200000058e+51
6.500000000000000222e-02	1.000584068755576414e+57	3.203912661105155211e+56	3.045695824490000105e+56	1.403593964659380087e+52	5.475158651458299996e+51	6.988304199500000578e+51
6.600000000000000311e-02	9.880343137662522747e+56	3.289274963693508917e+56	3.060363075070000493e+56	1.382178327780850374e+52	5.646161990875600387e+51	7.006885506800002604e+51
6.700000000000000400e-02	9.777003107540191144e+56	3.380073648461835597e+56	3.075735255179999470e+56	1.364311887082909738e+52	5.829294969294899581e+51	7.027416791199997970e+51
6.800000000000000488e-02	9.690444856976696641e+56	3.473417308799389194e+56	3.090572834599999693e+56	1.349247429073600030e+52	6.019212057342998601e+51	7.047339564699998419e+51
6.900000000000000577e-02	9.616702449142637492e+56	3.567197776032370114e+56	3.103966201330000104e+56	1.336419350375700179e+52	6.211728057597800653e+51	7.064774623100003378e+51
7.000000000000000666e-02	9.552561832595201125e+56	3.659740012805350574e+56	3.115385013620000127e+56	1.325342147852199552e+52	6.403544698405298748e+51	7.078577745699997044e+51
7.099999999999999367e-02	9.495963243493721668e+56	3.749883900468669972e+56	3.124677995770000063e+56	1.315669369005600400e+52	6.591975279128999652e+51	7.088283172400000142e+51
7.199999999999999456e-02	9.445279564380098498e+56	3.836874407941240103e+56	3.131756291979999423e+56	1.307123413957900453e+52	6.775213747025998410e+51	7.093551247499999030e+51
7.299999999999999545e-02	9.399698608921099402e+56	3.920084961527410572e+56	3.136694942179998960e+56	1.299534362149200039e+52	6.951737150388997729e+51	7.094323023899998105e+51
7.399999999999999634e-02	9.358369942643099511e+56	3.999276924559259671e+56	3.139725471050000632e+56	1.292742151478899784e+52	7.120591214448000309e+51	7.090977596799998350e+51
7.499999999999999722e-02	9.320660752430798601e+56	4.074327153830278835e+56	3.141077146200000663e+56	1.286614541835500260e+52	7.281296046856000653e+51	7.083835983200001801e+51
7.599999999999999811e-02	9.286333207459601085e+56	4.145242624046900728e+56	3.140861820099999631e+56	1.281104011467000128e+52	7.433672112412999026e+51	7.073069899400000182e+51
7.699999999999999900e-02	9.255012829403902278e+56	4.212218071295350150e+56	3.139317064809999975e+56	1.276147606426999534e+52	7.577998225182001757e+51	7.059184709300001344e+51
7.799999999999999989e-02	9.226338757043803210e+56	4.275547368736898542e+56	3.136675503069999393e+56	1.271703320241000251e+52	7.714774569936000272e+51	7.042675477800004149e+51
7.900000000000000078e-02	9.200039970046800844e+56	4.335544823415901195e+56	3.132961241218000257e+56	1.267743820303999467e+52	7.844644900325001770e+51	7.023707187800001076e+51
8.000000000000000167e-02	9.176121102842701144e+56	4.392458348493599727e+56	3.128500248400000098e+56	1.264285600582999394e+52	7.968278014966002785e+51	7.003075743100001809e+51
8.100000000000000255e-02	9.154067517787198342e+56	4.446798410748000659e+56	3.123427196227000430e+56	1.261248066894999778e+52	8.086594807951998861e+51	6.981107432000000737e+51
8.200000000000000344e-02	9.134150829557598991e+56	4.498670856637799625e+56	3.117839433613998779e+56	1.258680120563000205e+52	8.199822995047997399e+51	6.958161762600000644e+51
8.300000000000000433e-02	9.116084144723199636e+56	4.548309158273599192e+56	3.111900159970999051e+56	1.256535516780999663e+52	8.308538008573999780e+51	6.934610947800000151e+51
8.400000000000000522e-02	9.099393781830299604e+56	4.595777354973098938e+56	3.105653451155999730e+56	1.254730657025999874e+52	8.412920691036001234e+51	6.910576537700000847e+51
8.500000000000000611e-02	9.084076492792399891e+56	4.641381784178600272e+56	3.099144505245000308e+56	1.253264145101000208e+52	8.513439908959998160e+51	6.886155413800000762e+51
8.599999999999999312e-02	9.070234984966198534e+56	4.685224115592200270e+56	3.092443731288999933e+56	1.252134488140999850e+52	8.610506090199999657e+51	6.861617420700001311e+51
8.699999999999999400e-02	9.057325131849401553e+56	4.727343008930599020e+56	3.085570127897000492e+56	1.251280445643000035e+52	8.704208917069999839e+51	6.837033522500000951e+51
8.799999999999999489e-02	9.045409802523198070e+56	4.767977047278300425e+56	3.078626021143999756e+56	1.250711251984999555e+52	8.795138734414998550e+51	6.812608494000000894e+51
8.899999999999999578e-02	9.034408730824200905e+56	4.807380077003200998e+56	3.071625367382999998e+56	1.250422824997000033e+52	8.883914512341001426e+51	6.788547154299998584e+51
8.999999999999999667e-02	9.024333646633700259e+56	4.845391406247700358e+56	3.064638993044999643e+56	1.250418627633000061e+52	8.970333487495999252e+51	6.765008590499999645e+51
9.099999999999999756e-02	9.014805256902499612e+56	4.882166876254499896e+56	3.057674865183999480e+56	1.250660718541999853e+52	9.054734100207000632e+51	6.742110054299999347e+51
9.199999999999999845e-02	9.005891614326303118e+56	4.917714375251899851e+56	3.050772264336000034e+56	1.251144143638999988e+52	9.137181887981998361e+51	6.719896805600000323e+51
9.299999999999999933e-02	8.997258235768797183e+56	4.951964073573899970e+56	3.044031351649000281e+56	1.251799391327000315e+52	9.217398710151000564e+51	6.698542489999998725e+51
9.400000000000000022e-02	8.988791809795602035e+56	4.984767163774800503e+56	3.037331522271999847e+56	1.252588988621000047e+52	9.294955757706999979e+51	6.677747186599999689e+51
9.500000000000000111e-02	8.980150902080900385e+56	5.016160906707500779e+56	3.030768305803999833e+56	1.253438818194999815e+52	9.369820325517003267e+51	6.657634228999997089e+51
9.600000000000000200e-02	8.971232244072896482e+56	5.046054333733900911e+56	3.024306844443000313e+56	1.254308246537999787e+52	9.441742830657001354e+51	6.638036393599998191e+51
9.700000000000000289e-02	8.962106615094295976e+56	5.074476183226000541e+56	3.017892208775000394e+56	1.255184573197000505e+52	9.510620039756002452e+51	6.618727399100000207e+51
9.800000000000000377e-02	8.952448602007294858e+56	5.101549850798700736e+56	3.011549717152000698e+56	1.256008829940000034e+52	9.576580699466001907e+51	6.599805452699999884e+51
9.900000000000000466e-02	8.942328511399995970e+56	5.127050754856500361e+56	3.005317857104000730e+56	1.256786173943999436e+52	9.639280541797999199e+51	6.581200179299999447e+51
1.000000000000000056e-01	8.931608882541401328e+56	5.151310579894798416e+56	2.999122056827998976e+56	1.257484901681999736e+52	9.699246515817000580e+51	6.562820530199997323e+51
1.049999999999999961e-01	8.870929825069001307e+56	5.253737311127799179e+56	2.968951326260000195e+56	1.260166320995099882e+52	9.959318010476003957e+51	6.474719217800003851e+51
1.100000000000000006e-01	8.801330164349002307e+56	5.327234668511199422e+56	2.939757243920999690e+56	1.261747630717100052e+52	1.015857779925799963e+52	6.391518498100000008e+51
1.150000000000000050e-01	8.716049874001201457e+56	5.370198954091199779e+56	2.908000537990000204e+56	1.261603325562699670e+52	1.029911400233899866e+52	6.307153967630002981e+51
1.199999999999999956e-01	8.617426526996602082e+56	5.391030946710297826e+56	2.874104920134999669e+56	1.260451158747799549e+52	1.040103957140199974e+52	6.223629505100000335e+51
1.250000000000000000e-01	8.525338412073398017e+56	5.402782859942099405e+56	2.844222446647999045e+56	1.260815783397599694e+52	1.048832225564499805e+52	6.152424313139998743e+51
1.300000000000000044e-01	8.435331845262601531e+56	5.401483069320398135e+56	2.815834767946000024e+56	1.261691027129999906e+52	1.055265982934499799e+52	6.086658364690000944e+51
1.350000000000000089e-01	8.339814533983301158e+56	5.387561850082499864e+56	2.785662763864000091e+56	1.261859252548199849e+52	1.059506503127000175e+52	6.019441096779998905e+51
1.400000000000000133e-01	8.228805485200097484e+56	5.360054456122900697e+56	2.753264105570999564e+56	1.259144309301700218e+52	1.060747857157699870e+52	5.947163211940000856e+51
1.449999999999999900e-01	8.093370760271499247e+56	5.316221581900599648e+56	2.718814932509999998e+56	1.251264717613499985e+52	1.057784897625500182e+52	5.867187526469998949e+51
1.499999999999999944e-01	7.939616697315299725e+56	5.259463583562000648e+56	2.683353468196999715e+56	1.239337697133800000e+52	1.051511226085999731e+52	5.782200616909998660e+51
1.549999999999999989e-01	7.557712338685099615e+56	5.095514872214199963e+56	2.602890396377999992e+56	1.165091292531599963e+52	1.000061421172900139e+52	5.507250677119999691e+51
1.600000000000000033e-01	7.193370618881699738e+56	4.918558880023898857e+56	2.526507928148500133e+56	1.096843366511799797e+52	9.502494900650002294e+51	5.259826734499999958e+51
1.650000000000000078e-01	6.851528409305780475e+56	4.739518623397960528e+56	2.454875581946300073e+56	1.034696035624200124e+52	9.033489252453999149e+51	5.037725051549998727e+51
1.700000000000000122e-01	6.529387645911009127e+56	4.558580163078270270e+56	2.387262542275899274e+56	9.776134756851999077e+51	8.587666560591000237e+51	4.836615716119999777e+51
1.749999999999999889e-01	6.226602712712320011e+56	4.380090761208419824e+56	2.323448678525200411e+56	9.251829526918002278e+51	8.169804249962000156e+51	4.654058773950000655e+51
1.799999999999999933e-01	5.947598308746770174e+56	4.207770815234860287e+56	2.263699399973999914e+56	8.778944549448998150e+51	7.784241046551001513e+51	4.488705854420000481e+51
1.849999999999999978e-01	5.684202694269050930e+56	4.035905068190820557e+56	2.206487086554699415e+56	8.338931515100001468e+51	7.414671718896001293e+51	4.335955438124999980e+51
1.900000000000000022e-01	5.435306230927590170e+56	3.867028417160539921e+56	2.152900258734999371e+56	7.932923852042999932e+51	7.066145913343000850e+51	4.197309516388000242e+51
1.950000000000000067e-01	5.184948382809300264e+56	3.691376324402730097e+56	2.101210750650299398e+56	7.524065766823997568e+51	6.710162979839001825e+51	4.067326738771999601e+51
2.000000000000000111e-01	4.924060451896930610e+56	3.509897429478950194e+56	2.051284913969899517e+56	7.095650619213901749e+51	6.343930139542899968e+51	3.945887154676000147e+51
2.049999999999999878e-01	4.659488980265900788e+56	3.334214874078261334e+56	2.004262666664039720e+56	6.664571352607700204e+51	5.988927697013601028e+51	3.833818351493000184e+51
2.099999999999999922e-01	4.416246430659920385e+56	3.169960954451329671e+56	1.959220322234589854e+56	6.263849057117698912e+51	5.661114180750200673e+51	3.728245077285999681e+51
2.149999999999999967e-01	4.199853452069309505e+56	3.015873025881309845e+56	1.916502566723750014e+56	5.907933764197900435e+51	5.356527938902101132e+51	3.629642310551999623e+51
2.200000000000000011e-01	4.005553548278416245e+56	2.874493760112192438e+56	1.875729835368000090e+56	5.589241674810800466e+51	5.079358888258799038e+51	3.536744042345999759e+51
2.250000000000000056e-01	3.821151802017267454e+56	2.743429430047865811e+56	1.836962874588969932e+56	5.285172456567998890e+51	4.823688111283199271e+51	3.449826686051999356e+51
2.300000000000000100e-01	3.653129748275161982e+56	2.624087756155547918e+56	1.799976581855319854e+56	5.008451714997800235e+51	4.590912088622900731e+51	3.367572610571999387e+51
2.349999999999999867e-01	3.498984418277776738e+56	2.514203954478408121e+56	1.764504589967049582e+56	4.754372638671599519e+51	4.377037382017900167e+51	3.289306377264700049e+51
2.399999999999999911e-01	3.359394383152422145e+56	2.412007769731433804e+56	1.730483914797650025e+56	4.524002290595599916e+51	4.177509493449299414e+51	3.214523423158698653e+51
2.449999999999999956e-01	3.231921301070530266e+56	2.313785491076368847e+56	1.697861732763850132e+56	4.310013253333399640e+51	3.982004198735099623e+51	3.142860708598799486e+51
2.500000000000000000e-01	3.113907768024966066e+56	2.221078311988072091e+56	1.666555941097520154e+56	4.110955611627099743e+51	3.791321136196199941e+51	3.073987267554800653e+51
2.550000000000000044e-01	2.991932665057515161e+56	2.142192178094101897e+56	1.636917849697987864e+56	3.924522238104200598e+51	3.630535393745698888e+51	3.009651890647499898e+51
2.600000000000000089e-01	2.894082766457404198e+56	2.093026488712120303e+56	1.609252391638464118e+56	3.795388039427040963e+51	3.537870626962449663e+51	2.949345945898999775e+51
2.650000000000000133e-01	2.819560950303486458e+56	2.048403570410056675e+56	1.583174050953873147e+56	3.698335932920860620e+51	3.458038842920350554e+51	2.893330490436499729e+51
2.700000000000000178e-01	2.751237621302110841e+56	2.000261186439324417e+56	1.558140027203208761e+56	3.606021972200530906e+51	3.371449785418139096e+51	2.840239080933100356e+51
2.750000000000000222e-01	2.683275778725353961e+56	1.952334815649474111e+56	1.534141395921208964e+56	3.511587303343529205e+51	3.284894778258900869e+51	2.789813560493099725e+51
2.800000000000000266e-01	2.617124833669754413e+56	1.905328510841316958e+56	1.511244096312129836e+56	3.417917402775810208e+51	3.199108092057668869e+51	2.742131638767200265e+51
2.849999999999999756e-01	2.550937297463628723e+56	1.858122862744687715e+56	1.489265654479791288e+56	3.321979454715648978e+51	3.112551749462750701e+51	2.696585702927600016e+51
2.899999999999999800e-01	2.488030578428397605e+56	1.814716912723780969e+56	1.468255419762842979e+56	3.231329805362030285e+51	3.033189866309390854e+51	2.653187005732800085e+51
2.949999999999999845e-01	2.429506676261789850e+56	1.773881498518477789e+56	1.448161565748418669e+56	3.148049895025150288e+51	2.958968886907459911e+51	2.611890148547699620e+51
2.999999999999999889e-01	2.374497155803369511e+56	1.733824312529901469e+56	1.428925876179628513e+56	3.069418551636030167e+51	2.885699808068690568e+51	2.572675247328169807e+51
3.049999999999999933e-01	2.320477621166647907e+56	1.694780562431262152e+56	1.410128477345728861e+56	2.991491413294298928e+51	2.814181382149449353e+51	2.534236563016889935e+51
3.099999999999999978e-01	2.269780652340710663e+56	1.658782016939351636e+56	1.392081018457087805e+56	2.919153839542029911e+51	2.748865204519688738e+51	2.497405437325910560e+51
3.150000000000000022e-01	2.222563031210219346e+56	1.624786121629207862e+56	1.374675357358214898e+56	2.852795948004279312e+51	2.687202582993640155e+51	2.461948863263820572e+51
3.200000000000000067e-01	2.177345021390555805e+56	1.592384400247757352e+56	1.357899936722030922e+56	2.789307824510500017e+51	2.628321980367970091e+51	2.427875745049439714e+51
3.250000000000000111e-01	2.134112038964094813e+56	1.561550742969165280e+56	1.341712461629020250e+56	2.728726168936399420e+51	2.572472084336080055e+51	2.395069466063780289e+51
3.300000000000000155e-01	2.093560298421023087e+56	1.531927581738903064e+56	1.326070626267850017e+56	2.672042150654679409e+51	2.518853595615030522e+51	2.363411890036959694e+51
3.350000000000000200e-01	2.054908003871598786e+56	1.504334726109079588e+56	1.310968281913207643e+56	2.618387988518327816e+51	2.469229184074065453e+51	2.332886452023919809e+51
3.400000000000000244e-01	2.018194013403771486e+56	1.478203154317498897e+56	1.296402747488329994e+56	2.567878177303496883e+51	2.422508156145120462e+51	2.303498366272289604e+51
3.449999999999999734e-01	1.983578070944561756e+56	1.453450046327761395e+56	1.282335324366435920e+56	2.520705177160892920e+51	2.378188504883052291e+51	2.275178706758720001e+51
3.499999999999999778e-01	1.950270484114811590e+56	1.429720139039923768e+56	1.268725182887260403e+56	2.475345490914667183e+51	2.335635415771350730e+51	2.247848462135804376e+51
3.549999999999999822e-01	1.917816507536762544e+56	1.405904327081994222e+56	1.255474055914352037e+56	2.429550417173414326e+51	2.291835829081981415e+51	2.221121379018879997e+51
3.599999999999999867e-01	1.888082119845637665e+56	1.383545819023090590e+56	1.242958449428461830e+56	2.389263593750488255e+51	2.251870984159544579e+51	2.196245931359924125e+51
3.649999999999999911e-01	1.859123975246476926e+56	1.362460762604386798e+56	1.230709776479518893e+56	2.350021106311829280e+51	2.214258169944720195e+51	2.171831554291366434e+51
3.699999999999999956e-01	1.831267287024510029e+56	1.342456317767569741e+56	1.218744057427787070e+56	2.312474180570788388e+51	2.178782033454844233e+51	2.147949734288141424e+51
3.750000000000000000e-01	1.804710615366701165e+56	1.323435708716959170e+56	1.207165543881540893e+56	2.276938294526143251e+51	2.145240010064185177e+51	2.124865853048849174e+51
3.800000000000000044e-01	1.779532281769309754e+56	1.305192453065100264e+56	1.195997745936502015e+56	2.243484843811816321e+51	2.113157332060805696e+51	2.102653377930777873e+51
3.850000000000000089e-01	1.755468093919714105e+56	1.287383703123633905e+56	1.185106828088905584e+56	2.211586049662427487e+51	2.081764541517516326e+51	2.081001217572716009e+51
3.900000000000000133e-01	1.732222223772627222e+56	1.269990967404507168e+56	1.174485396118484614e+56	2.180688619373045016e+51	2.050926801055637115e+51	2.059878232097534289e+51
3.950000000000000178e-01	1.709882773741642871e+56	1.253256486231334226e+56	1.164231069625515201e+56	2.150968303601932861e+51	2.021217150514901809e+51	2.039520097076265104e+51
4.000000000000000222e-01	1.688266080296366849e+56	1.237182602606103872e+56	1.154217943839981968e+56	2.122170890958471200e+51	1.992644608453990373e+51	2.019634732175535655e+51
4.050000000000000266e-01	1.667423538132318848e+56	1.221692470857854205e+56	1.144501487169420018e+56	2.094393798249063763e+51	1.965050006933515970e+51	2.000374516498146138e+51
4.099999999999999756e-01	1.647134575830827034e+56	1.206861490718655354e+56	1.135030118263057636e+56	2.067316265117177898e+51	1.938710995885767439e+51	1.981596532360022778e+51
4.149999999999999800e-01	1.627699450750627968e+56	1.192730005406465724e+56	1.125853497493952686e+56	2.041529028697665924e+51	1.913840603347546634e+51	1.963436447021302106e+51
4.199999999999999845e-01	1.608861334020254963e+56	1.179221171676945246e+56	1.116899188374005668e+56	2.016673841369479795e+51	1.890140011784107771e+51	1.945707290960322603e+51
4.249999999999999889e-01	1.590678724829003385e+56	1.166249208135258012e+56	1.108206829120991304e+56	1.992842388668157775e+51	1.867370084195640541e+51	1.928533422232985726e+51
4.299999999999999933e-01	1.572997066109918846e+56	1.153796659846414591e+56	1.099775438690782767e+56	1.969697087573394616e+51	1.845469950049154244e+51	1.911920406846345658e+51
4.349999999999999978e-01	1.555777479521280650e+56	1.141762702503449508e+56	1.091551506867217823e+56	1.947171906043488166e+51	1.824317778446787382e+51	1.895731580897203291e+51
4.400000000000000022e-01	1.539173652348080201e+56	1.130052130767804583e+56	1.083515991417597132e+56	1.925537656999846876e+51	1.803736954168354476e+51	1.879934618759398278e+51
4.450000000000000067e-01	1.522832849740486326e+56	1.118656348666470622e+56	1.075650063702881108e+56	1.904174068146690433e+51	1.783628963414378502e+51	1.864484150192337634e+51
4.500000000000000111e-01	1.506769034584833676e+56	1.107669100551692744e+56	1.067978399933538974e+56	1.883139295538479954e+51	1.764274268437025303e+51	1.849448775549429521e+51
4.550000000000000155e-01	1.491367551156488050e+56	1.096953380960948328e+56	1.060495402578477787e+56	1.863017992253717074e+51	1.745392341039746100e+51	1.834813138468657077e+51
4.600000000000000200e-01	1.476431446382855133e+56	1.086572789383512325e+56	1.053152459963927313e+56	1.843500434457082524e+51	1.727130867841208270e+51	1.820446817402663886e+51
4.650000000000000244e-01	1.461906813696211009e+56	1.076541577020010780e+56	1.045974178752309589e+56	1.824567178085047154e+51	1.709575032173219886e+51	1.806409679957709597e+51
4.699999999999999734e-01	1.447939630278613877e+56	1.066653861263425682e+56	1.038945239545554835e+56	1.806382076124762935e+51	1.692273091846123259e+51	1.792666363373928554e+51
4.749999999999999778e-01	1.434476063788736642e+56	1.056974337348403539e+56	1.032070280678988938e+56	1.788888632536155565e+51	1.675372127542341221e+51	1.779238072951224661e+51
4.799999999999999822e-01	1.421493850481308712e+56	1.047468177721583749e+56	1.025327213956465496e+56	1.772059425109583496e+51	1.658809715631055106e+51	1.766066430279775161e+51
4.849999999999999867e-01	1.408934814293016087e+56	1.038214822286690131e+56	1.018723332078334575e+56	1.755841405783938596e+51	1.642771592050935837e+51	1.753171180346602172e+51
4.899999999999999911e-01	1.396777861087562411e+56	1.029143297808541084e+56	1.012271446159852045e+56	1.740174838044093920e+51	1.627100336158440503e+51	1.740580385241461384e+51
4.949999999999999956e-01	1.385055087420388829e+56	1.020189648430404747e+56	1.005938670573543706e+56	1.725086440068491983e+51	1.611626076454000510e+51	1.728224618026725496e+51
5.000000000000000000e-01	1.373699874513948207e+56	1.011432056677677920e+56	9.997275198354159040e+55	1.710508147976826969e+51	1.596482482142282089e+51	1.716114545393159264e+51
5.100000000000000089e-01	1.351825890870352240e+56	9.943217721496794501e+55	9.876640289915211374e+55	1.682408830340922152e+51	1.566834706427482300e+51	1.692608160270082926e+51
5.200000000000000178e-01	1.331052865410535651e+56	9.779029203213820812e+55	9.760510412996282335e+55	1.655799311315172584e+51	1.538546667932980665e+51	1.669987358786922968e+51
5.300000000000000266e-01	1.311083738760762959e+56	9.621898809973705042e+55	9.648799939161009241e+55	1.630130740826507266e+51	1.511416575981372764e+51	1.648252940775430867e+51
5.400000000000000355e-01	1.291883129853515672e+56	9.473562506996353368e+55	9.541352820865644455e+55	1.605432946313633557e+51	1.485721536169346185e+51	1.627362566186590798e+51
5.500000000000000444e-01	1.273221745353125265e+56	9.334758714486516859e+55	9.437880502064663808e+55	1.581458331049511817e+51	1.461746394062739817e+51	1.607253657935578740e+51
5.600000000000000533e-01	1.255254396812239322e+56	9.203413402680309649e+55	9.338511166152804431e+55	1.558379002608570698e+51	1.438967488564478354e+51	1.587976182701724590e+51
5.699999999999999512e-01	1.237705582595624849e+56	9.081121778535990788e+55	9.242894605794982399e+55	1.535795357976822865e+51	1.417719368624952015e+51	1.569458032345217714e+51
5.799999999999999600e-01	1.220760110772641889e+56	8.965450094122452145e+55	9.150515513801398400e+55	1.513999660127266317e+51	1.397640336210451751e+51	1.551576036474717572e+51
5.899999999999999689e-01	1.204546915334732373e+56	8.855316842343804223e+55	9.061529163905579917e+55	1.493248801784696550e+51	1.378551969599782562e+51	1.534375170483108643e+51
5.999999999999999778e-01	1.189002957567682132e+56	8.749053762351354819e+55	8.975160113179019361e+55	1.473353303882715340e+51	1.360105303173335397e+51	1.517692258060843580e+51
6.099999999999999867e-01	1.174091572815560880e+56	8.645693324127510967e+55	8.891337945494887354e+55	1.454228297220964142e+51	1.342071039240032781e+51	1.501521943037985596e+51
6.199999999999999956e-01	1.159452343401543990e+56	8.545643250156346619e+55	8.809936553096063751e+55	1.435371535595625818e+51	1.324772819431232638e+51	1.485831436627324964e+51
6.300000000000000044e-01	1.145769574657520843e+56	8.447853402613978432e+55	8.730993405137863836e+55	1.417997116137189940e+51	1.308061554297847995e+51	1.470637232424909126e+51
6.400000000000000133e-01	1.132706744693437373e+56	8.350742533471529023e+55	8.654098187868377630e+55	1.401405337152912935e+51	1.291535328107342297e+51	1.455847602576865865e+51
6.500000000000000222e-01	1.120197828125000032e+56	8.255389710895884721e+55	8.579135714660983094e+55	1.385539845934270357e+51	1.275339039512810171e+51	1.441440543589882095e+51
6.600000000000000311e-01	1.108192245476925442e+56	8.161420014821776144e+55	8.505953948301715823e+55	1.370287720865394939e+51	1.259372748534882471e+51	1.427389770303732369e+51
6.700000000000000400e-01	1.096577079327122474e+56	8.069407698173426332e+55	8.434546285948470440e+55	1.355506579615937460e+51	1.243767462945324415e+51	1.413680289895732982e+51
6.800000000000000488e-01	1.085504181463350938e+56	7.979078285894432960e+55	8.365018035968995755e+55	1.341449470776550712e+51	1.228463329270750128e+51	1.400343351935850003e+51
6.899999999999999467e-01	1.074856697488376260e+56	7.891660313449761581e+55	8.297263313202732814e+55	1.327943087083489734e+51	1.213657133126644842e+51	1.387360687909143532e+51
6.999999999999999556e-01	1.064400909373786697e+56	7.807545823744192289e+55	8.231004422059633009e+55	1.314651411481983334e+51	1.199367691548231096e+51	1.374664031923052670e+51
7.099999999999999645e-01	1.054205970246410620e+56	7.726499372035268401e+55	8.166592786011573471e+55	1.301675031318776130e+51	1.185620230020994231e+51	1.362333140241466023e+51
7.199999999999999734e-01	1.044171401798305692e+56	7.648647608731545344e+55	8.103854574249187890e+55	1.288908580462386697e+51	1.172406653068508181e+51	1.350326270633739965e+51
7.299999999999999822e-01	1.034289260980139603e+56	7.574180018710533477e+55	8.042810071777799212e+55	1.276356035101061797e+51	1.159753361687673016e+51	1.338646339110944932e+51
7.399999999999999911e-01	1.024584164129181233e+56	7.502483022178621626e+55	7.983406484631341645e+55	1.264017460924595667e+51	1.147541172289853236e+51	1.327285979432511820e+51
7.500000000000000000e-01	1.015005643546484342e+56	7.433851225661160890e+55	7.925386519125954106e+55	1.251797925594286353e+51	1.135803538295035299e+51	1.316190050672356721e+51
7.600000000000000089e-01	1.005605427001968827e+56	7.367746697918213157e+55	7.868804080332930415e+55	1.239789852856544962e+51	1.124505000116200108e+51	1.305373628334681591e+51
7.700000000000000178e-01	9.964018974284790385e+55	7.303070748362420826e+55	7.813589649156962191e+55	1.227991060331392113e+51	1.113424609452542782e+51	1.294814601306998529e+51
7.800000000000000266e-01	9.874579247522418358e+55	7.240531958628311688e+55	7.759653573989987821e+55	1.216555988800353241e+51	1.102725588235572330e+51	1.284501373990249344e+51
7.900000000000000355e-01	9.787344220105968924e+55	7.179622696803641280e+55	7.706848938317375658e+55	1.205407210832188354e+51	1.092313274646467046e+51	1.274406129167066035e+51
8.000000000000000444e-01	9.701926046272095590e+55	7.120083736556946826e+55	7.655373097821915497e+55	1.194467200386665422e+51	1.082130232046942314e+51	1.264570942633518009e+51
8.100000000000000533e-01	9.618843257858204412e+55	7.062207721913766826e+55	7.605152898995232512e+55	1.183856517865097003e+51	1.072260598443960437e+51	1.254981032098470696e+51
8.199999999999999512e-01	9.537712735236420016e+55	7.005473175368691921e+55	7.555903504377044481e+55	1.173486969913586479e+51	1.062589168782989303e+51	1.245581835481479245e+51
8.299999999999999600e-01	9.460023840042494812e+55	6.949349849654912276e+55	7.507704275926759359e+55	1.163559118684532521e+51	1.053052151026584658e+51	1.236384617673931024e+51
8.399999999999999689e-01	9.385401060252550011e+55	6.894160045867466123e+55	7.460444953620988370e+55	1.154027961916142947e+51	1.043713556386899715e+51	1.227371007270421141e+51
8.499999999999999778e-01	9.312198090154188762e+55	6.840694540796952647e+55	7.414043857409308579e+55	1.144669920407908693e+51	1.034700893725765965e+51	1.218531258695641719e+51
8.599999999999999867e-01	9.241044060579592806e+55	6.787462066900894667e+55	7.368403294676538103e+55	1.135565619770594168e+51	1.025729040205568588e+51	1.209843578289027895e+51
8.699999999999999956e-01	9.171971497464904101e+55	6.734824879991167659e+55	7.323505714270403236e+55	1.126727297636284736e+51	1.016864592476840192e+51	1.201303335206183740e+51
8.800000000000000044e-01	9.105129359172019729e+55	6.682603584631608711e+55	7.279368155727803830e+55	1.118174413075239406e+51	1.008080516871072503e+51	1.192916244666789344e+51
8.900000000000000133e-01	9.039730547764499672e+55	6.631070210357990374e+55	7.235908916251729980e+55	1.109805115241609925e+51	9.994232100735369119e+50	1.184663946349948504e+51
9.000000000000000222e-01	8.975770795840464533e+55	6.580542879608493188e+55	7.193166485042577786e+55	1.101635563938592033e+51	9.909356440854591493e+50	1.176550299846792984e+51
9.100000000000000311e-01	8.912909265547547831e+55	6.531145509865928181e+55	7.151168391211331203e+55	1.093618949739452253e+51	9.826499330115482513e+50	1.168583854181994999e+51
9.200000000000000400e-01	8.851313422058585806e+55	6.482823654863862623e+55	7.109966104339263775e+55	1.085780308385281732e+51	9.745681729792243898e+50	1.160775500758628648e+51
9.300000000000000488e-01	8.791188239650851551e+55	6.434790538438764971e+55	7.069382255835132991e+55	1.078129949596457798e+51	9.665172392161273091e+50	1.153080904916730518e+51
9.399999999999999467e-01	8.731924653546763059e+55	6.387687394616566665e+55	7.029482652428057002e+55	1.070581367556956013e+51	9.586145350646611073e+50	1.145518994575280094e+51
9.499999999999999556e-01	8.673121091153434733e+55	6.341989434201005520e+55	6.990204125277651696e+55	1.063084917602475475e+51	9.509362791641489628e+50	1.138079638853064512e+51
9.599999999999999645e-01	8.615051744908067325e+55	6.297231624642077897e+55	6.951560306289738610e+55	1.055667093987826845e+51	9.434022340097743198e+50	1.130763089305522606e+51
9.699999999999999734e-01	8.557277198681161451e+55	6.253627920931107598e+55	6.913498987643332583e+55	1.048266397341129988e+51	9.360461438647554529e+50	1.123558084399196000e+51
9.799999999999999822e-01	8.500337236762272415e+55	6.210983389315632480e+55	6.876182276580090897e+55	1.040955112221492964e+51	9.288449173969622781e+50	1.116498758604381287e+51
9.899999999999999911e-01	8.444051227429111028e+55	6.169275922775177503e+55	6.839459618272773182e+55	1.033723217094452750e+51	9.217973235709213248e+50	1.109555917664691799e+51
1.000000000000000000e+00	8.388630039922055592e+55	6.128419932199428748e+55	6.803315403557308132e+55	1.026593543682125259e+51	9.148870854626083528e+50	1.102719284433380468e+51
1.050000000000000044e+00	8.125447385182905999e+55	5.937418880300237041e+55	6.631729090318088839e+55	9.928389288972932083e+50	8.827018947556934910e+50	1.070284396958812905e+51
1.100000000000000089e+00	7.883879464553339284e+55	5.762694528866469121e+55	6.473294873407359831e+55	9.617237307355334264e+50	8.532895881096897045e+50	1.040357941391510275e+51
1.149999999999999911e+00	7.665078245731761510e+55	5.600473202805876427e+55	6.326064329631101814e+55	9.335979032656090317e+50	8.261276261243896647e+50	1.012564294112024628e+51
1.199999999999999956e+00	7.468164173002712308e+55	5.444863946178098155e+55	6.187988496859238396e+55	9.082239174662057056e+50	8.001949742436370866e+50	9.865392507373379266e+50
1.250000000000000000e+00	7.283780808465955749e+55	5.300358763396268881e+55	6.058324252780635184e+55	8.844383827801016154e+50	7.761230739246973354e+50	9.621473903463906029e+50
1.300000000000000044e+00	7.105561220435333348e+55	5.169009848935705333e+55	5.936141831160916908e+55	8.613903869511864439e+50	7.541688248685234585e+50	9.392239189963608897e+50
1.350000000000000089e+00	6.935610591486473593e+55	5.047080902993862779e+55	5.820638357853740930e+55	8.393582053902756544e+50	7.337739531100758343e+50	9.176268536647119821e+50
1.399999999999999911e+00	6.775680218202166330e+55	4.931988272776043997e+55	5.711050093313729982e+55	8.186243225492676966e+50	7.146027765408025372e+50	8.971716502422772293e+50
1.449999999999999956e+00	6.626085984435557983e+55	4.823081062721392929e+55	5.607159304871175390e+55	7.992929228095737646e+50	6.965405657357465542e+50	8.777902213756850103e+50
1.500000000000000000e+00	6.486172394810048883e+55	4.719891375020341734e+55	5.508584140605816706e+55	7.811980979349612771e+50	6.794678710877611025e+50	8.594205931013922350e+50
1.550000000000000044e+00	6.354288524232116713e+55	4.621086501164104835e+55	5.414466744382077918e+55	7.640612588673021466e+50	6.631028440852004347e+50	8.419012823484275390e+50
1.600000000000000089e+00	6.231546219736403045e+55	4.525313966187845425e+55	5.324493511292251519e+55	7.480788811864636320e+50	6.472890904272632966e+50	8.251768718243932190e+50
1.649999999999999911e+00	6.115275719540205674e+55	4.433324185966958687e+55	5.238168020719009217e+55	7.329372634472932072e+50	6.321141304467733565e+50	8.091481000820955537e+50
1.699999999999999956e+00	6.001902693562590676e+55	4.346907233496012910e+55	5.155552680717829255e+55	7.181659114747618518e+50	6.178236460902206386e+50	7.938349052654218991e+50
1.750000000000000000e+00	5.892611960135786681e+55	4.265680310173245535e+55	5.076640113400957488e+55	7.039308750486576614e+50	6.044006388360379130e+50	7.792362320885138660e+50
1.800000000000000044e+00	5.786386204981458726e+55	4.188759480539544478e+55	5.000723724889531821e+55	6.900464760548856102e+50	5.916617449797302905e+50	7.652138778255714951e+50
1.850000000000000089e+00	5.684145639391819082e+55	4.116122344301351015e+55	4.928030535472549580e+55	6.766910477940010495e+50	5.796471128053595784e+50	7.518171463039166943e+50
1.899999999999999911e+00	5.586278915626277295e+55	4.047062014117697683e+55	4.858095776215073335e+55	6.639171968616414938e+50	5.682640535792369115e+50	7.389516371963078593e+50
1.949999999999999956e+00	5.492966101499008951e+55	3.981250479342782809e+55	4.790838803337710759e+55	6.517913906715132131e+50	5.574754451067078276e+50	7.265982958611493342e+50
2.000000000000000000e+00	5.403024940672762779e+55	3.918172728894950853e+55	4.725851332254397824e+55	6.400895738851002609e+50	5.471490240584674356e+50	7.146953345165646703e+50
2.049999999999999822e+00	5.317638840867134827e+55	3.857429962286518459e+55	4.663198677794792344e+55	6.289768893296900511e+50	5.372393084844603455e+50	7.032509703522570967e+50
2.100000000000000089e+00	5.236339636868126205e+55	3.797805657548677397e+55	4.602225158175251445e+55	6.183602001570354734e+50	5.275268031584040569e+50	6.921244096699370981e+50
2.149999999999999911e+00	5.159836183614094379e+55	3.738770190548638926e+55	4.542951962935206070e+55	6.083517070164700071e+50	5.179450494381347793e+50	6.813213443976140536e+50
2.200000000000000178e+00	5.084934681510576357e+55	3.681444990106576500e+55	4.485176122045946596e+55	5.985277128558329173e+50	5.086218857277407232e+50	6.708090650831907308e+50
2.250000000000000000e+00	5.012249704307517396e+55	3.626471723762985270e+55	4.429171354899139995e+55	5.890059748913604766e+50	4.996927418977048808e+50	6.606322324040623120e+50
2.299999999999999822e+00	4.942241561108940577e+55	3.573137648215434628e+55	4.374870268750409382e+55	5.798719641411922018e+50	4.910564928796066115e+50	6.507777612076729196e+50
2.350000000000000089e+00	4.873616618032583020e+55	3.522092909018940499e+55	4.322174807230425539e+55	5.708970006746886599e+50	4.827758333284698794e+50	6.412330131089470548e+50
2.399999999999999911e+00	4.806993773458907760e+55	3.472636345435414499e+55	4.270969977363505814e+55	5.621835530074697526e+50	4.747654507476683771e+50	6.319736751624218450e+50
2.450000000000000178e+00	4.742067617382973484e+55	3.425267152830286261e+55	4.221429383391553275e+55	5.537066960346527512e+50	4.670977842494601304e+50	6.230322565641183741e+50
2.500000000000000000e+00	4.678768813195801181e+55	3.379680547905590618e+55	4.173208755756470163e+55	5.454482678375848518e+50	4.597230226681852988e+50	6.143432307996653252e+50
2.549999999999999822e+00	4.617078684547962204e+55	3.335733889003797197e+55	4.126359234194638697e+55	5.374214268945418480e+50	4.526268108825904577e+50	6.059140605078146248e+50
2.600000000000000089e+00	4.556778412114635477e+55	3.293557660459217587e+55	4.080948946532283461e+55	5.295754003430398391e+50	4.458130763643812753e+50	5.977637772836281909e+50
2.649999999999999911e+00	4.498789460204321787e+55	3.252889863825965391e+55	4.036690381723322384e+55	5.220348893033920731e+50	4.392631691675941625e+50	5.898338917864129173e+50
2.700000000000000178e+00	4.442250124557460013e+55	3.214072484892964416e+55	3.993714086118746208e+55	5.146751152828632601e+50	4.330250826277786783e+50	5.821514848688666908e+50
2.750000000000000000e+00	4.387600828969946209e+55	3.176552186462026856e+55	3.951926340703291018e+55	5.075679592071199701e+50	4.270055753005346760e+50	5.746947042183729223e+50
2.799999999999999822e+00	4.334525821472373971e+55	3.140261721788302270e+55	3.911223196407752385e+55	5.006682188593766395e+50	4.211913884868039382e+50	5.674495046817428822e+50
2.850000000000000089e+00	4.283232146570250067e+55	3.104545321434230326e+55	3.871390044187723410e+55	4.939897569594848436e+50	4.154800728214110884e+50	5.603729446123554247e+50
2.899999999999999911e+00	4.233681791783946856e+55	3.069261058952082392e+55	3.832260446253974379e+55	4.875296884123997738e+50	4.098520815341719510e+50	5.534332560398457780e+50
2.950000000000000178e+00	4.185271855877035050e+55	3.035177316188266773e+55	3.794007576140538800e+55	4.812122926670395584e+50	4.044213559802985395e+50	5.466627165436585146e+50
3.000000000000000000e+00	4.138384875366944277e+55	3.001664691544481435e+55	3.756539383651970383e+55	4.750970463429393099e+50	3.990885031278880116e+50	5.400422888134432909e+50
3.049999999999999822e+00	4.092807319059805187e+55	2.968592510184096710e+55	3.719812298460170544e+55	4.691512213222255329e+50	3.938355665641978660e+50	5.335628157433499190e+50
3.100000000000000089e+00	4.048288584062748807e+55	2.936326045235733148e+55	3.683921842186996244e+55	4.633452905857548114e+50	3.887160911812638564e+50	5.272429057172328401e+50
3.149999999999999911e+00	4.005010246272165056e+55	2.904937819297115839e+55	3.648980515171628707e+55	4.577107163321836385e+50	3.837467014234019712e+50	5.211036742766897933e+50
3.200000000000000178e+00	3.963150501916951596e+55	2.874115063543413855e+55	3.614693598334253337e+55	4.522741912119254208e+50	3.788797370528051262e+50	5.150868933883933046e+50
3.250000000000000000e+00	3.922010395683122089e+55	2.843798384557943671e+55	3.580960331039846932e+55	4.469236523801306961e+50	3.740935568962719666e+50	5.091749577922613372e+50
3.299999999999999822e+00	3.881513870129044340e+55	2.814461253079645878e+55	3.548028102203324426e+55	4.416574866941521038e+50	3.694608611755823182e+50	5.034159724955169015e+50
3.350000000000000089e+00	3.842191368670579518e+55	2.785747123512498227e+55	3.515756657049800724e+55	4.365520038069463094e+50	3.649324561360964794e+50	4.977810859119215587e+50
3.399999999999999911e+00	3.803362966724188291e+55	2.757996109351277454e+55	3.484164836403176569e+55	4.315211659449399023e+50	3.605649567950007227e+50	4.922745704479442461e+50
3.450000000000000178e+00	3.765183312031281203e+55	2.730899306955108729e+55	3.453263019256501775e+55	4.265968553198416457e+50	3.563100223957539260e+50	4.868954450495312861e+50
3.500000000000000000e+00	3.727887092036321683e+55	2.704371652821954009e+55	3.422974619247032681e+55	4.217899331104673117e+50	3.521464442574314278e+50	4.816317452876159862e+50
3.549999999999999822e+00	3.691140557383506496e+55	2.678613534484235838e+55	3.393329029443031324e+55	4.170532677246893369e+50	3.481048447197023712e+50	4.764907375118491552e+50
3.600000000000000089e+00	3.654920103857253024e+55	2.653653513900408033e+55	3.364261164424319684e+55	4.123875909008951675e+50	3.441871345430652286e+50	4.714587453187097809e+50
3.649999999999999911e+00	3.619653446819142421e+55	2.629203992765427823e+55	3.335836220453627146e+55	4.078501933640145025e+50	3.403553036311771804e+50	4.665469129412159699e+50
3.700000000000000178e+00	3.585035806655836534e+55	2.605395509749724734e+55	3.307860642130948903e+55	4.033937281339020738e+50	3.366294150317449248e+50	4.617212723581669019e+50
3.750000000000000000e+00	3.551129278966135086e+55	2.582339813089986515e+55	3.280479490470884709e+55	3.990331809275010918e+50	3.330259824001134278e+50	4.570072731733457065e+50
3.799999999999999822e+00	3.518412012556849732e+55	2.560115355808983415e+55	3.253651522179450133e+55	3.948283455855109903e+50	3.295712004528717868e+50	4.523969483163217705e+50
3.850000000000000089e+00	3.486211048300510543e+55	2.538629159574871827e+55	3.227381784827550141e+55	3.906946916574909683e+50	3.262322672008909841e+50	4.478925037927866623e+50
3.899999999999999911e+00	3.454744797165632817e+55	2.517681438212899827e+55	3.201551481586970495e+55	3.866542305489689708e+50	3.229815313876434807e+50	4.434709260722806009e+50
3.950000000000000178e+00	3.424100874617372942e+55	2.496833689295383349e+55	3.175990776123863036e+55	3.827146387167057051e+50	3.197538725087789364e+50	4.391021496161131313e+50
4.000000000000000000e+00	3.394014470554126389e+55	2.476520617070019497e+55	3.150835267102725385e+55	3.788436273226272683e+50	3.166131536994485171e+50	4.348116168548417318e+50
4.099999999999999645e+00	3.335005642963926692e+55	2.437146594720751895e+55	3.101787717537588086e+55	3.712493694363585500e+50	3.105232200406345185e+50	4.264691669967557700e+50
4.200000000000000178e+00	3.278311004893888987e+55	2.398835472222090219e+55	3.054302002591959389e+55	3.639541758341761855e+50	3.046083167006195209e+50	4.184209073027525777e+50
4.299999999999999822e+00	3.223588356138940765e+55	2.361906672849336799e+55	3.008525025405060547e+55	3.569253200910865319e+50	2.989225017651448333e+50	4.106944480629061475e+50
4.400000000000000355e+00	3.171122700896371622e+55	2.326015025005756414e+55	2.964163050666640798e+55	3.502143776826259661e+50	2.934211453840196861e+50	4.032338972893352230e+50
4.500000000000000000e+00	3.120480831578758531e+55	2.291020538867335832e+55	2.921047359375235896e+55	3.437539875266473822e+50	2.880717505608087528e+50	3.960077428463609390e+50
4.599999999999999645e+00	3.071799975276793303e+55	2.257084990365204025e+55	2.879327034426777456e+55	3.375420896378296930e+50	2.828937884683017642e+50	3.890406599630793155e+50
4.700000000000000178e+00	3.024678530725185764e+55	2.224273078889655874e+55	2.838963631632789856e+55	3.315309216202679804e+50	2.778957768422498715e+50	3.823245493699639923e+50
4.799999999999999822e+00	2.978723403154122243e+55	2.192672904624169245e+55	2.799836831421733562e+55	3.257138919988798425e+50	2.731087165308753687e+50	3.758341490775233840e+50
4.900000000000000355e+00	2.934192892904804586e+55	2.161887018151135164e+55	2.761754251789904850e+55	3.200916920322270562e+50	2.684548649226701942e+50	3.695384465966655038e+50
5.000000000000000000e+00	2.890659601697889641e+55	2.132367731072308236e+55	2.724739780585042094e+55	3.146126740926929442e+50	2.640004891132790785e+50	3.634432283182640165e+50
5.099999999999999645e+00	2.848563534009227174e+55	2.103927910492990699e+55	2.688727347553857702e+55	3.093267497114313688e+50	2.597222480214582477e+50	3.575352500976441812e+50
5.200000000000000178e+00	2.808090393726671292e+55	2.076894399044619551e+55	2.653742842525961891e+55	3.042567366769121915e+50	2.556763952843831027e+50	3.518185231597032037e+50
5.299999999999999822e+00	2.768956539022561076e+55	2.050895554126508465e+55	2.619547405315755922e+55	2.993510944342913252e+50	2.517979855204148756e+50	3.462513411609093641e+50
5.400000000000000355e+00	2.730840282939873653e+55	2.025892815744542171e+55	2.586267110223527576e+55	2.945729485388519371e+50	2.480734247988417775e+50	3.408530802304821253e+50
5.500000000000000000e+00	2.694092739014520313e+55	2.001690419511487753e+55	2.553750076471681292e+55	2.899680421339351780e+50	2.444803897864830475e+50	3.355972276016134475e+50
5.599999999999999645e+00	2.658069702779273901e+55	1.978203301935530066e+55	2.521979279884441829e+55	2.854527297831725019e+50	2.409966380280977143e+50	3.304799695727953369e+50
5.700000000000000178e+00	2.622910489216625933e+55	1.955388333415332162e+55	2.490947968589227334e+55	2.810536860638155882e+50	2.376184112735129227e+50	3.254989423451931434e+50
5.799999999999999822e+00	2.588494470679028319e+55	1.933186590688920909e+55	2.460663247041171121e+55	2.767525895291192559e+50	2.343331414334443549e+50	3.206541160595447442e+50
5.900000000000000355e+00	2.554871359543551967e+55	1.911690567449418100e+55	2.431184175254495458e+55	2.725572097957461719e+50	2.311558674564184254e+50	3.159524012571481065e+50
6.000000000000000000e+00	2.522109292351524918e+55	1.890459381337406366e+55	2.402256130761730665e+55	2.684825485906846523e+50	2.280279574312831596e+50	3.113532570513766808e+50
6.099999999999999645e+00	2.489940398487433440e+55	1.869646006969556327e+55	2.373883984674659656e+55	2.644898993382173138e+50	2.249648230667855875e+50	3.068544398558063435e+50
6.200000000000000178e+00	2.458501816418768179e+55	1.849507065086156751e+55	2.346329388866551961e+55	2.605890019414536480e+50	2.220019652287911879e+50	3.024997729278464567e+50
6.299999999999999822e+00	2.427940749149453055e+55	1.829926863410593032e+55	2.319562297300366760e+55	2.568010230142241959e+50	2.191257084586750002e+50	2.982831295363658139e+50
6.400000000000000355e+00	2.398015379932887495e+55	1.810819152791259092e+55	2.293431773729956067e+55	2.530974837693369702e+50	2.163243555794758097e+50	2.941802904643556880e+50
6.500000000000000000e+00	2.368998237767755653e+55	1.792194621937057707e+55	2.268037194846316894e+55	2.495304405864366928e+50	2.136085143946393539e+50	2.902034313691347159e+50
6.599999999999999645e+00	2.340688601536892630e+55	1.773971705060511254e+55	2.243207171733796768e+55	2.460557118163550847e+50	2.109573340675810983e+50	2.863261302711969552e+50
6.700000000000000178e+00	2.313035207035114617e+55	1.756058723117121344e+55	2.218872835547000448e+55	2.426809629302181670e+50	2.083624766284439776e+50	2.825380754712221492e+50
6.799999999999999822e+00	2.285981693625599927e+55	1.738382067638134562e+55	2.194973503333611351e+55	2.393860840066735499e+50	2.058079705589981600e+50	2.788273543263335915e+50
6.900000000000000355e+00	2.259397874066010298e+55	1.721054744052833894e+55	2.171492077793549302e+55	2.361520736538705638e+50	2.033074958733909422e+50	2.751925399664465791e+50
7.000000000000000000e+00	2.233958720066840552e+55	1.704442057051689571e+55	2.148432175052177784e+55	2.330588548546110437e+50	2.009273158133901362e+50	2.716361378395518360e+50
7.099999999999999645e+00	2.208965198270182610e+55	1.688279899609688646e+55	2.125758139354396486e+55	2.300246714948785282e+50	1.986178566927348863e+50	2.681490002424797094e+50
7.200000000000000178e+00	2.184628392523726757e+55	1.672406105465286627e+55	2.103470033336108632e+55	2.270816970198084761e+50	1.963569796613361433e+50	2.647294814545456039e+50
7.299999999999999822e+00	2.160712976334827701e+55	1.656823790053239894e+55	2.081492410020436622e+55	2.241899223305647426e+50	1.941402386901271935e+50	2.613657189531674382e+50
7.400000000000000355e+00	2.137246335207190606e+55	1.641555423591468595e+55	2.059886016410024481e+55	2.213512795332037729e+50	1.919687985187661834e+50	2.580645538290706966e+50
7.500000000000000000e+00	2.114314784601815844e+55	1.626683882622214427e+55	2.038729154833640369e+55	2.185765526889373719e+50	1.898570873519986191e+50	2.548398995677744622e+50
7.599999999999999645e+00	2.091891292108540583e+55	1.612336945084271474e+55	2.018028123237207668e+55	2.158692260892012675e+50	1.878260479212862896e+50	2.516920445748884708e+50
7.700000000000000178e+00	2.069931934779726357e+55	1.598247341005152204e+55	1.997638769954412077e+55	2.132207349183710531e+50	1.858332982644323247e+50	2.485979441964175842e+50
7.799999999999999822e+00	2.048176350653414687e+55	1.584471578039841378e+55	1.977593564458066103e+55	2.105955289231277774e+50	1.838835789623877853e+50	2.455617124782114405e+50
7.900000000000000355e+00	2.026887807722309678e+55	1.570876957851207895e+55	1.957959243660641272e+55	2.080260352120455223e+50	1.819608635977687825e+50	2.425928909282271873e+50
8.000000000000000000e+00	2.005969262253613362e+55	1.557468803608206861e+55	1.938667457751713505e+55	2.055019459872083689e+50	1.800658099014238196e+50	2.396811205842435964e+50
8.099999999999999645e+00	1.985394001559190373e+55	1.544210347525483352e+55	1.919726679211218678e+55	2.030226968488389902e+50	1.781935189326567325e+50	2.368267638137074970e+50
8.199999999999999289e+00	1.965022491572178592e+55	1.531266611381168267e+55	1.901143879746396209e+55	2.005721016739164688e+50	1.763659568545541957e+50	2.340307671967471815e+50
8.300000000000000711e+00	1.944889907383068277e+55	1.518523158943856375e+55	1.882820584412352057e+55	1.981544299746467934e+50	1.745682080872771616e+50	2.312788270097723483e+50
8.400000000000000355e+00	1.925043828098801179e+55	1.505767895613591022e+55	1.864647264200644374e+55	1.957702326363707168e+50	1.727711450222580361e+50	2.285518569037065487e+50
8.500000000000000000e+00	1.905179516494397547e+55	1.492976407123234774e+55	1.846484093343269099e+55	1.933844686315514082e+50	1.709686443019853744e+50	2.258283175585935533e+50
8.599999999999999645e+00	1.885337561140018338e+55	1.480363185936160259e+55	1.828531976073541517e+55	1.910079008485480470e+50	1.691913247948234679e+50	2.231408434057825445e+50
8.699999999999999289e+00	1.865739474959442261e+55	1.468043407212118923e+55	1.810889376849484140e+55	1.886688953270281151e+50	1.674589156109225871e+50	2.205037906983140746e+50
8.800000000000000711e+00	1.846390484859913048e+55	1.455954250637080993e+55	1.793535868032728818e+55	1.863710213328491135e+50	1.657633329258063679e+50	2.179132991044727626e+50
8.900000000000000355e+00	1.827328455838997846e+55	1.444014000115644049e+55	1.776466121986124408e+55	1.841165739667351584e+50	1.640902809118886622e+50	2.153702072948023566e+50
9.000000000000000000e+00	1.808798683596419292e+55	1.432327744061807587e+55	1.759663655689544946e+55	1.819267212755278345e+50	1.624571670984715736e+50	2.128701162378449727e+50
9.099999999999999645e+00	1.790680545791101962e+55	1.421094738119729822e+55	1.743207594317068263e+55	1.797948311929359125e+50	1.608959266796942478e+50	2.104282086516953044e+50
9.199999999999999289e+00	1.773128670750341219e+55	1.410098581013632156e+55	1.727049727969477848e+55	1.777392627935205648e+50	1.593725340547601979e+50	2.080335388322602222e+50
9.300000000000000711e+00	1.755859743565375765e+55	1.399222117725309366e+55	1.711132527047651857e+55	1.757145513854941682e+50	1.578648453250780299e+50	2.056765941539302058e+50
9.400000000000000355e+00	1.738484388482794226e+55	1.387991893008586834e+55	1.694651302532181430e+55	1.736788228723823886e+50	1.563198260055380285e+50	2.032452383310604556e+50
9.500000000000000000e+00	1.719643659114506931e+55	1.375409601930692960e+55	1.675866950451851973e+55	1.714728643522735317e+50	1.546124677664393743e+50	2.005035459744701484e+50
9.599999999999999645e+00	1.706315613309191785e+55	1.367850870699625325e+55	1.665199751344842454e+55	1.699105589100769388e+50	1.535345406089905216e+50	1.989028157740263155e+50
9.699999999999999289e+00	1.688717189230695452e+55	1.355746879409744332e+55	1.647314678772667140e+55	1.678597910305345928e+50	1.518990055301097593e+50	1.962837984101217941e+50
9.800000000000000711e+00	1.674725835669053676e+55	1.347327637151873707e+55	1.635573395229101041e+55	1.662089824925685889e+50	1.507003088008138667e+50	1.945352591531059413e+50
9.900000000000000355e+00	1.659386137139472179e+55	1.337156881227957208e+55	1.620756204123538067e+55	1.644139974523586749e+50	1.493063046972624907e+50	1.923436280417348613e+50
1.000000000000000000e+01	1.639712899117185009e+55	1.322828092510414350e+55	1.599238936511233933e+55	1.621160386045294582e+50	1.474045143728704636e+50	1.892421084797020170e+50
1.050000000000000000e+01	1.576177626934386973e+55	1.282350247214668017e+55	1.542142030230877854e+55	1.546283018085774451e+50	1.417475040346557093e+50	1.807561126956890975e+50
1.100000000000000000e+01	1.501586575699343614e+55	1.229984032150654280e+55	1.466806290181972471e+55	1.459382563279101261e+50	1.347394788552182576e+50	1.699822411617285192e+50
1.150000000000000000e+01	1.443243236514397739e+55	1.189854797303350428e+55	1.411154375802581667e+55	1.391912226071180750e+50	1.293071620515872465e+50	1.618584857858152452e+50
1.200000000000000000e+01	1.387408393129977400e+55	1.150232760584382536e+55	1.356709500266075737e+55	1.327737907059828070e+50	1.239792506636404575e+50	1.539688995619009711e+50
1.250000000000000000e+01	1.341364607978788566e+55	1.119161294880556191e+55	1.314526644949572851e+55	1.274848024255118149e+50	1.197333444983914930e+50	1.478287980814415487e+50
1.300000000000000000e+01	1.288340580989352534e+55	1.081202226778544189e+55	1.262186832578768596e+55	1.214844507100370132e+50	1.147159730205145522e+50	1.404732865494978705e+50
1.350000000000000000e+01	1.245021831596101930e+55	1.051636849398167704e+55	1.220833133387027241e+55	1.165807242870675486e+50	1.107751032172328634e+50	1.346140947368182340e+50
1.400000000000000000e+01	1.200898922286124793e+55	1.020622000371897252e+55	1.176723995043285609e+55	1.116636603071478010e+50	1.067536157406436028e+50	1.285288219791748936e+50
1.450000000000000000e+01	1.172970539864961374e+55	1.003379880017907750e+55	1.155024283748140959e+55	1.083802493478936852e+50	1.041787492721409046e+50	1.250742524269135748e+50
1.500000000000000000e+01	1.125199196072470478e+55	9.676445086928311381e+54	1.105947222259757909e+55	1.031450673995666438e+50	9.965657537468405498e+49	1.185151451535856938e+50
1.550000000000000000e+01	1.094532767698697266e+55	9.465977471104480404e+54	1.077350915817932736e+55	9.976813126336244481e+49	9.691921593625798298e+49	1.146054126706254250e+50
1.600000000000000000e+01	1.065002838199762092e+55	9.256312366424294912e+54	1.050031000011196435e+55	9.648406735140205592e+49	9.412638791735278606e+49	1.107798955402172887e+50
1.650000000000000000e+01	1.039191278579278576e+55	9.072995517006136122e+54	1.026713811792248783e+55	9.358441547969510102e+49	9.162731289438470838e+49	1.074255103857912658e+50
1.700000000000000000e+01	1.010979572912992977e+55	8.857076412329257651e+54	9.993086228593961365e+54	9.046273397424780163e+49	8.877374696125187945e+49	1.036018588780242600e+50
1.750000000000000000e+01	9.821973776972131648e+54	8.631997319986186607e+54	9.695244192881862353e+54	8.736695779267254675e+49	8.590641833076801407e+49	9.962061433654851904e+49
1.800000000000000000e+01	9.578903455545042601e+54	8.439104794193082042e+54	9.451991876218571323e+54	8.470829114357384570e+49	8.339792988105727873e+49	9.629385616260303935e+49
1.850000000000000000e+01	9.320003452198133310e+54	8.235544021313046235e+54	9.193823157945485375e+54	8.189973344663386513e+49	8.079274852245809991e+49	9.285121908997773959e+49
1.900000000000000000e+01	9.111018691678065781e+54	8.078799935969019105e+54	9.001348302354087313e+54	7.959687104060756934e+49	7.871586498376153545e+49	9.018383195075970370e+49
1.950000000000000000e+01	8.896680128126275952e+54	7.915928149721827560e+54	8.805367971111671200e+54	7.724735461524566998e+49	7.656781219615283053e+49	8.748987722993059334e+49
2.000000000000000000e+01	8.682525375223783803e+54	7.752234204859172870e+54	8.610094968344087120e+54	7.490370130413532909e+49	7.442938673937089631e+49	8.484110949613080038e+49
