-5.000000000000000278e-02	1.143972167729541214e+56	1.201457996669138263e+53	6.083907786085452742e+51	7.931503609034188127e+50	1.227686920522322065e+47	1.249342458843171050e+46
-4.499999999999999833e-02	1.109590251847373610e+56	1.254329303332869216e+53	4.381483842543599668e+51	7.801333227795384063e+50	1.298114571918348413e+47	1.246144359065166736e+46
-4.000000000000000083e-02	1.109326279014673337e+56	1.304442081895012146e+53	3.601429791889888089e+51	7.994146317403486578e+50	1.378668025027918465e+47	1.254701832219550901e+46
-3.500000000000000333e-02	1.138436618568251206e+56	1.360369364657263147e+53	3.242327411400895119e+51	8.485237954327737916e+50	1.477235748497196195e+47	1.266474478205887246e+46
-2.999999999999999889e-02	1.201639390977183123e+56	1.442540751106815197e+53	3.093269677898020509e+51	9.360098828489734383e+50	1.608751118505996353e+47	1.278498650642709319e+46
-2.500000000000000139e-02	1.305781460182474814e+56	1.529716867432560972e+53	3.029950369598559325e+51	1.073995217369358761e+51	1.756217178359883851e+47	1.289264546139973200e+46
-2.000000000000000042e-02	1.468809134651099889e+56	1.586934282740635047e+53	2.999523214859058419e+51	1.288244077512214445e+51	1.893496983936119705e+47	1.297587597136846099e+46
-1.499999999999999944e-02	1.718317443788240281e+56	1.624629070046162332e+53	2.976961295862230518e+51	1.616512820691328635e+51	2.035535101921522137e+47	1.302567544880480032e+46
-1.000000000000000021e-02	2.077027362801800412e+56	1.670845527095267915e+53	2.950784050987152657e+51	2.089561833279471447e+51	2.212505731820805030e+47	1.302284997369271635e+46
-5.000000000000000104e-03	2.601344977638845826e+56	1.749741150563160690e+53	2.912599837728344348e+51	2.781942089857711066e+51	2.467123284223386972e+47	1.293344066586817727e+46
0.000000000000000000e+00	3.450133284772760004e+56	1.827732305898497349e+53	2.859940068479247669e+51	3.900089877006686433e+51	2.763735621943247042e+47	1.271583451254861522e+46
1.000000000000000021e-03	3.689972949195307043e+56	1.838842781129732399e+53	2.849794372558468765e+51	4.213316986004027965e+51	2.824453356586416897e+47	1.265665644354507276e+46
2.000000000000000042e-03	3.965211791897656053e+56	1.847621754951021425e+53	2.841973411616643643e+51	4.570472606506257188e+51	2.885892132685996715e+47	1.259517645658310994e+46
3.000000000000000062e-03	4.283476790990687872e+56	1.853453656759610722e+53	2.839447650743209332e+51	4.980129016370470084e+51	2.947888591834314796e+47	1.253534652616488636e+46
4.000000000000000083e-03	4.653697057770054006e+56	1.855596283663687202e+53	2.849014306465707412e+51	5.452269179101182495e+51	3.009918709996663191e+47	1.248694204769319427e+46
5.000000000000000104e-03	5.085876519992398220e+56	1.853215878556816954e+53	2.887719752859348916e+51	5.998225520229789139e+51	3.071436621510164466e+47	1.247648282678554847e+46
6.000000000000000125e-03	5.589182362742187475e+56	1.845213907529761121e+53	3.002688523378204284e+51	6.629040706225324594e+51	3.131164221942526892e+47	1.258207178828257131e+46
7.000000000000000146e-03	6.169211650563254724e+56	1.830686506404868603e+53	3.354295432474215597e+51	7.353021107820510609e+51	3.187919304626354882e+47	1.316132890443059152e+46
8.000000000000000167e-03	6.822376862136782643e+56	1.811822989821955834e+53	5.295260433481141674e+51	8.169503400061435351e+51	3.271871080424675204e+47	2.381758503164686623e+46
8.999999999999999320e-03	7.531043966338505532e+56	1.853510615324834930e+53	2.722866719382330048e+52	9.063192827953495485e+51	4.131156298104181609e+47	2.484187552630758935e+47
1.000000000000000021e-02	8.266793368918215457e+56	2.456881465155685404e+53	2.008739060846547211e+53	1.000952352356687218e+52	1.199579668732582411e+48	2.458338543184495787e+48
1.099999999999999936e-02	9.023169748644010147e+56	5.446076552075900053e+53	1.002860385930783957e+54	1.102776222705490976e+52	5.120411141365769857e+48	1.412627635284866277e+49
1.200000000000000025e-02	9.875747410923204482e+56	1.459267484433106613e+54	3.411942716965099599e+54	1.227976245274302976e+52	1.754679440991868555e+49	5.306802266591020871e+49
1.299999999999999940e-02	1.099226605350306649e+57	3.473756249015964416e+54	8.602265302561987390e+54	1.408282084220078650e+52	4.585131111223152488e+49	1.445431079580002450e+50
1.400000000000000029e-02	1.254537657003165526e+57	7.022334049992473068e+54	1.736010968729611900e+55	1.675150994521951988e+52	9.719019071619952630e+49	3.108576585181702172e+50
1.499999999999999944e-02	1.459664215509034046e+57	1.239313990171804932e+55	2.966088476741208954e+55	2.038236652387645217e+52	1.768835219695410886e+50	5.596466908639020861e+50
1.600000000000000033e-02	1.704103433303011049e+57	1.975953057140999516e+55	4.472047193713852166e+55	2.475656079046641787e+52	2.886714517297768875e+50	8.816576476382332984e+50
1.700000000000000122e-02	1.963978577927311646e+57	2.921888427024128093e+55	6.132572706321084259e+55	2.940747023400917311e+52	4.351566748913410185e+50	1.253724842473317374e+51
1.799999999999999864e-02	2.211592280214348667e+57	4.093849373788119765e+55	7.832817436422130102e+55	3.380719633122765735e+52	6.202041058163400849e+50	1.650592464988046969e+51
1.899999999999999953e-02	2.423674739905367696e+57	5.506809580425701436e+55	9.488980843453134070e+55	3.752560070532769240e+52	8.475270797180003388e+50	2.052299597310829793e+51
2.000000000000000042e-02	2.585579048639552462e+57	7.174357705202100003e+55	1.105700077133828135e+56	4.030754194074472203e+52	1.120758305567700484e+51	2.443418738558050822e+51
2.100000000000000130e-02	2.692475152558729628e+57	9.097965045970001400e+55	1.252976406800887964e+56	4.208749234095247847e+52	1.441512946772708958e+51	2.813457706225709727e+51
2.199999999999999872e-02	2.746812153228663871e+57	1.126238091947526252e+56	1.392788754751909623e+56	4.293566566103989652e+52	1.808502769871223606e+51	3.160484975077999922e+51
2.299999999999999961e-02	2.756165005386408841e+57	1.362797704861988435e+56	1.528614857491000284e+56	4.301113660652719081e+52	2.215946711526628481e+51	3.490181939679999544e+51
2.400000000000000050e-02	2.730159211431137851e+57	1.613277690853688894e+56	1.664012178449999986e+56	4.250198857028220360e+52	2.653663157043525984e+51	3.812701108699999606e+51
2.500000000000000139e-02	2.678157457106819814e+57	1.869683371242848832e+56	1.801425852349999907e+56	4.157967975264800720e+52	3.107806507155413487e+51	4.137784109200000704e+51
2.599999999999999881e-02	2.608745892628300018e+57	2.122873821363017552e+56	1.941445574479999558e+56	4.039110303363999095e+52	3.561619121386897851e+51	4.468817883100000389e+51
2.699999999999999969e-02	2.528922337184299718e+57	2.363773233722959616e+56	2.082710897190000063e+56	3.904688638034999007e+52	3.997804164069899572e+51	4.803534928400000086e+51
2.800000000000000058e-02	2.443684261131999798e+57	2.584469866577790297e+56	2.222182954500000552e+56	3.762089382992003765e+52	4.400751697104000312e+51	5.135457986899999923e+51
2.900000000000000147e-02	2.356778862020102425e+57	2.779861868013149681e+56	2.356327391400000068e+56	3.616590184420101590e+52	4.759630053416000741e+51	5.456409743799999383e+51
2.999999999999999889e-02	2.270860318688274989e+57	2.946770121554750663e+56	2.481732378800000543e+56	3.472045960192522920e+52	5.067379778473999607e+51	5.758220438599998441e+51
3.099999999999999978e-02	2.187839152767305591e+57	3.084819960352400525e+56	2.596163477099999622e+56	3.331580981293625063e+52	5.322115286254000144e+51	6.035344127700000519e+51
3.200000000000000067e-02	2.109133744352298248e+57	3.195172882423300084e+56	2.698947009300000210e+56	3.197875414872557762e+52	5.525134433905999612e+51	6.285790186199998911e+51
3.300000000000000155e-02	2.035483932719405352e+57	3.280133201937899713e+56	2.790939651930000389e+56	3.072749395853159296e+52	5.679823402919999264e+51	6.511292843499998732e+51
3.400000000000000244e-02	1.967114096802032153e+57	3.341680101044200079e+56	2.873613628269999885e+56	2.957158955955299897e+52	5.789133899017000151e+51	6.715178071399998240e+51
3.500000000000000333e-02	1.903552615162069970e+57	3.382123098583900434e+56	2.949017003740000388e+56	2.850798163219800276e+52	5.856993749625999122e+51	6.902177572000000982e+51
3.599999999999999728e-02	1.843930487624819800e+57	3.403774730782000311e+56	3.018816448870000460e+56	2.752343110090000235e+52	5.887562904450999655e+51	7.076157909100002796e+51
3.699999999999999817e-02	1.787139145008640159e+57	3.408859556881600428e+56	3.083786229189999883e+56	2.659739152081000832e+52	5.885179421390000469e+51	7.238638513599999046e+51
3.799999999999999906e-02	1.732045968050699950e+57	3.399870628113699743e+56	3.143842305359999201e+56	2.570660283335999796e+52	5.854788491459998643e+51	7.388785569899998500e+51
3.899999999999999994e-02	1.677855280760999466e+57	3.379900214457799957e+56	3.198222716120000030e+56	2.483159668042001393e+52	5.802441514049999594e+51	7.523901917499999898e+51
4.000000000000000083e-02	1.624079013914999805e+57	3.352351175609899425e+56	3.246032060950000226e+56	2.395899588346999880e+52	5.734737082820000494e+51	7.640789458100001365e+51
4.100000000000000172e-02	1.570648395202499882e+57	3.320664466117299980e+56	3.286386693360000415e+56	2.308455019472000248e+52	5.658475290480000540e+51	7.736456998300000010e+51
4.200000000000000261e-02	1.515854829024199913e+57	3.283185327577499797e+56	3.313402602289999375e+56	2.218483130669999847e+52	5.572055445609998552e+51	7.796770586600001901e+51
4.299999999999999656e-02	1.435864733191000299e+57	3.177255140737900418e+56	3.255747758830000407e+56	2.094239118730000879e+52	5.376526823800000427e+51	7.660635311699999317e+51
4.399999999999999745e-02	1.365566722911901113e+57	3.084748876999299133e+56	3.200243756860000316e+56	1.985342368370055295e+52	5.207312277110001748e+51	7.529250606599999848e+51
4.499999999999999833e-02	1.309019290191246230e+57	3.028170859556704491e+56	3.174083078189999746e+56	1.895992673181965557e+52	5.099132539840185226e+51	7.463172408800001619e+51
4.599999999999999922e-02	1.262464200641730158e+57	3.003170199482305858e+56	3.171548504209999250e+56	1.820624566051053627e+52	5.044945449218761534e+51	7.448337364199998796e+51
4.700000000000000011e-02	1.223172912332776137e+57	3.003495790971495609e+56	3.184703854400000405e+56	1.755647753798343945e+52	5.035309055430340847e+51	7.466517379000001494e+51
4.800000000000000100e-02	1.188532847433462802e+57	3.020857634159240589e+56	3.204107172219999834e+56	1.697711257658973800e+52	5.057663835877301023e+51	7.497074052899998762e+51
4.900000000000000189e-02	1.155425990755046609e+57	3.043666686319319630e+56	3.218208995129999209e+56	1.642794483879043362e+52	5.093604693243638296e+51	7.514851120799997560e+51
5.000000000000000278e-02	1.119295901641227488e+57	3.054194288040629345e+56	3.210648775250000393e+56	1.584796676908189937e+52	5.113791674569729312e+51	7.483554332800000172e+51
5.050000000000000322e-02	1.099044936880904164e+57	3.049932853343681111e+56	3.194595429439999515e+56	1.553253529929750641e+52	5.109598584093248572e+51	7.440412225099998437e+51
5.099999999999999672e-02	1.079306406320168677e+57	3.046066650552120276e+56	3.176977717130001251e+56	1.522696123475149837e+52	5.107168497286709433e+51	7.394100171200000384e+51
5.149999999999999717e-02	1.061131683589028884e+57	3.047252605180725206e+56	3.161880687560000105e+56	1.494555350706610578e+52	5.114741957788661442e+51	7.354123843700001530e+51
5.199999999999999761e-02	1.045021451373301352e+57	3.056176802159402986e+56	3.151387879280000087e+56	1.469484240885980144e+52	5.137090919871929119e+51	7.325133334599999876e+51
5.249999999999999806e-02	1.031071807426766878e+57	3.073744737082666434e+56	3.146102185900000409e+56	1.447580928007700100e+52	5.175804324554399159e+51	7.308437913700001504e+51
5.299999999999999850e-02	1.019189432723843716e+57	3.099903676712748874e+56	3.145775255969998747e+56	1.428696543697200186e+52	5.230736749900601033e+51	7.303364941299999543e+51
5.349999999999999895e-02	1.009141878328156207e+57	3.133949174375818833e+56	3.149587714820000112e+56	1.412504109944699981e+52	5.300661968987699732e+51	7.307914853999999367e+51
5.399999999999999939e-02	1.000662142853895358e+57	3.174601966622552015e+56	3.156514446629999998e+56	1.398628418469599629e+52	5.383308577241801060e+51	7.319592914200001947e+51
5.449999999999999983e-02	9.934682906075899576e+56	3.220674129184319234e+56	3.165543559270000543e+56	1.386685506578300349e+52	5.476487751884998322e+51	7.336025114099999505e+51
5.500000000000000028e-02	9.873223845637401497e+56	3.270886709955819761e+56	3.175773305110000254e+56	1.376351369135000011e+52	5.577910242582798935e+51	7.355048453600002606e+51
5.550000000000000072e-02	9.820211030764400744e+56	3.324069417928180247e+56	3.186482897379999847e+56	1.367345058881499931e+52	5.685404575419300874e+51	7.374954387299999260e+51
5.600000000000000117e-02	9.773891514052598551e+56	3.379256570907070619e+56	3.197040242079999424e+56	1.359439044800900101e+52	5.797160637981000058e+51	7.394286405199999235e+51
5.650000000000000161e-02	9.733055478852900764e+56	3.435503124134380666e+56	3.207079333689999894e+56	1.352441428721200304e+52	5.911457396418001252e+51	7.412166614200003268e+51
5.700000000000000205e-02	9.696527041983900699e+56	3.492087176630940569e+56	3.216344472980001109e+56	1.346194825226000288e+52	6.026796386128001694e+51	7.427974929500001643e+51
5.750000000000000250e-02	9.663374214716101060e+56	3.548333422960859747e+56	3.224671890930000542e+56	1.340537399764999693e+52	6.141914804100001252e+51	7.441356952500001232e+51
5.800000000000000294e-02	9.633167653051800486e+56	3.603792874403529519e+56	3.232059549029999860e+56	1.335387990932000449e+52	6.255820843281998319e+51	7.452236545499996912e+51
5.850000000000000339e-02	9.605009972631900386e+56	3.658050822162539838e+56	3.238403078730000152e+56	1.330601699768999608e+52	6.367644631910000823e+51	7.460401219600000596e+51
5.899999999999999689e-02	9.578500558518402643e+56	3.710732064954540293e+56	3.243661843710000057e+56	1.326074816186999798e+52	6.476677506621999549e+51	7.465724970800000118e+51
5.949999999999999734e-02	9.553198053261297846e+56	3.761658975424109878e+56	3.247970159950000372e+56	1.321743987024999466e+52	6.582389088722998694e+51	7.468535240099999912e+51
5.999999999999999778e-02	9.528930652293995574e+56	3.810696586997779043e+56	3.251240561700000668e+56	1.317545585164999920e+52	6.684489832205001678e+51	7.468642170000001567e+51
6.099999999999999867e-02	9.482454248548600910e+56	3.902986946225100626e+56	3.254961698449999962e+56	1.309393187484000211e+52	6.877418360618000669e+51	7.461518113199999900e+51
6.199999999999999956e-02	9.438582388329795846e+56	3.988016296750499976e+56	3.255152420020000168e+56	1.301563562202000039e+52	7.056089954731000302e+51	7.445410127400004420e+51
6.300000000000000044e-02	9.397869481894999015e+56	4.066976578877600911e+56	3.252225105169999794e+56	1.294260505330999787e+52	7.222995171784999477e+51	7.421766409900000907e+51
6.400000000000000133e-02	9.361400996717402981e+56	4.141437649310400503e+56	3.246887943949999899e+56	1.287809187188999966e+52	7.381386914799999569e+51	7.392763223999999735e+51
6.500000000000000222e-02	9.330306444772599699e+56	4.212709409252899516e+56	3.239905290190000584e+56	1.282507114077999755e+52	7.534030644268001026e+51	7.360511150899999437e+51
6.600000000000000311e-02	9.305105069310296058e+56	4.281625855790899236e+56	3.232086281530000257e+56	1.278497811238000130e+52	7.682506930028999786e+51	7.327102108299998021e+51
6.700000000000000400e-02	9.285420140334301480e+56	4.348105430650901641e+56	3.223896082079999133e+56	1.275700557806999874e+52	7.826610358449999789e+51	7.293666124599999478e+51
6.800000000000000488e-02	9.269743569420598574e+56	4.411737248762598364e+56	3.215597174819999736e+56	1.273834333458999933e+52	7.965279771195999855e+51	7.260778823600000789e+51
6.900000000000000577e-02	9.256316155673995554e+56	4.472051121926298575e+56	3.207215228800000604e+56	1.272508136617000184e+52	8.097396050327001683e+51	7.228419561600000952e+51
7.000000000000000666e-02	9.243654482274100954e+56	4.528789164352700322e+56	3.198760229094999998e+56	1.271423986122999444e+52	8.222295302232000763e+51	7.196490164400000975e+51
7.099999999999999367e-02	9.231136976195002040e+56	4.582185780958299140e+56	3.190197471351000014e+56	1.270395253121000095e+52	8.340373251952999828e+51	7.164838776199999985e+51
7.199999999999999456e-02	9.218925250089199828e+56	4.632848854103599730e+56	3.181717580242000377e+56	1.269420473803999857e+52	8.452658684907000492e+51	7.133740570699999690e+51
7.299999999999999545e-02	9.208157146961699604e+56	4.681484941063500351e+56	3.173397553974999772e+56	1.268668289340999311e+52	8.560578789789999469e+51	7.103296918300000116e+51
7.399999999999999634e-02	9.199533537387497212e+56	4.728855381484500601e+56	3.165334302317999988e+56	1.268273751091999581e+52	8.665711203942999751e+51	7.073722610199999856e+51
7.499999999999999722e-02	9.193465618378202133e+56	4.775155855783200659e+56	3.157613942527999714e+56	1.268348317154999956e+52	8.768501848007997256e+51	7.045182325200001404e+51
7.599999999999999811e-02	9.189759588854598320e+56	4.820901180065601451e+56	3.150307266224000121e+56	1.268908400130000337e+52	8.869879234909000505e+51	7.017824731500003394e+51
7.699999999999999900e-02	9.188007161814098730e+56	4.865782181890400830e+56	3.143408422147000490e+56	1.269884790257999943e+52	8.969332171704001236e+51	6.991682525400001327e+51
7.799999999999999989e-02	9.186968294371299618e+56	4.909339083205900802e+56	3.136859133041000019e+56	1.271112641145000201e+52	9.066094646173998147e+51	6.966706012700000418e+51
7.900000000000000078e-02	9.185782140914500755e+56	4.951330434779101381e+56	3.130575335338000133e+56	1.272428679779000249e+52	9.159605418983001129e+51	6.942759670400000872e+51
8.000000000000000167e-02	9.183391322611198601e+56	4.991332449871798362e+56	3.124477676708000427e+56	1.273663997408000201e+52	9.249052022270001286e+51	6.919666203799998259e+51
8.100000000000000255e-02	9.179709284714801435e+56	5.029147725835299868e+56	3.118481507649999826e+56	1.274740154900999924e+52	9.334062164174999626e+51	6.897240282299998008e+51
8.200000000000000344e-02	9.174520878295899997e+56	5.064999305709499333e+56	3.112521250700999498e+56	1.275594311668000080e+52	9.414883617211998190e+51	6.875224517500000119e+51
8.300000000000000433e-02	9.167982995462898344e+56	5.099066300175999239e+56	3.106582209658999750e+56	1.276271115607999641e+52	9.492017956899001436e+51	6.853584026699998628e+51
8.400000000000000522e-02	9.160477510128698164e+56	5.131685666586998607e+56	3.100612065170999493e+56	1.276845094347000406e+52	9.566348835631002219e+51	6.832320848899998788e+51
8.500000000000000611e-02	9.152364363244901139e+56	5.163211056818400040e+56	3.094667899558999596e+56	1.277419569478999757e+52	9.638675983636001437e+51	6.811514658999999945e+51
8.599999999999999312e-02	9.143682165978302077e+56	5.193572987519101235e+56	3.088710931322000567e+56	1.278025687721999529e+52	9.709038470978000831e+51	6.791167087599998632e+51
8.699999999999999400e-02	9.134605072322897428e+56	5.222656917677999649e+56	3.082731659978000338e+56	1.278680207845000532e+52	9.777064824632000447e+51	6.771173011299998980e+51
8.799999999999999489e-02	9.125373186288500411e+56	5.250351512703998935e+56	3.076795618231999232e+56	1.279419995031000028e+52	9.842515956559000226e+51	6.751691033000000484e+51
8.899999999999999578e-02	9.116009303122600063e+56	5.276606521383200922e+56	3.070915899476000396e+56	1.280250970246000115e+52	9.905277172914998171e+51	6.732797600200001718e+51
8.999999999999999667e-02	9.106132279443400497e+56	5.301093108154599799e+56	3.064960264966999409e+56	1.281103760906999739e+52	9.964882059980998974e+51	6.714292770500002025e+51
9.099999999999999756e-02	9.095829020830497968e+56	5.323979126846299250e+56	3.058878345895999779e+56	1.281978134225999859e+52	1.002160123165000219e+52	6.696061085900002245e+51
9.199999999999999845e-02	9.084637287579200404e+56	5.345259251401999231e+56	3.052519790440000455e+56	1.282795532304999868e+52	1.007548921605500312e+52	6.677718250700001036e+51
9.299999999999999933e-02	9.073082788089400396e+56	5.365281208697899573e+56	3.045888257365000827e+56	1.283623827849699979e+52	1.012714657561099757e+52	6.659200100800001564e+51
9.400000000000000022e-02	9.061298895128400561e+56	5.384196367177898758e+56	3.038926024007000034e+56	1.284480282756699423e+52	1.017696416634300108e+52	6.640309268699998496e+51
9.500000000000000111e-02	9.050072252472398691e+56	5.402323238406698934e+56	3.031801142718000284e+56	1.285469229243000263e+52	1.022551736982999997e+52	6.621335012099999297e+51
9.600000000000000200e-02	9.040092218640996917e+56	5.420159107798899194e+56	3.024752073527999623e+56	1.286694035172800176e+52	1.027359776214899940e+52	6.602698190299999642e+51
9.700000000000000289e-02	9.032380146271895972e+56	5.438299312180100196e+56	3.018152924361000923e+56	1.288306749401000325e+52	1.032241276793300133e+52	6.585188076999999974e+51
9.800000000000000377e-02	9.027135921403300733e+56	5.457022774665899995e+56	3.012291475405000483e+56	1.290327630203800019e+52	1.037251155534800040e+52	6.569442723100000652e+51
9.900000000000000466e-02	9.023922622074701180e+56	5.475929921927000397e+56	3.007263322043999896e+56	1.292679485884600004e+52	1.042313037342100031e+52	6.555660276700002012e+51
1.000000000000000056e-01	9.021467669251499365e+56	5.494291741018999790e+56	3.002821957691000447e+56	1.295140940117999798e+52	1.047260910138899858e+52	6.543241354100001361e+51
1.049999999999999961e-01	8.998882695820696827e+56	5.562104791922501133e+56	2.983879259797000286e+56	1.304905484745999913e+52	1.066725392032199744e+52	6.487065199300001004e+51
1.100000000000000006e-01	8.966695810758699067e+56	5.609552584956498202e+56	2.962067619426000030e+56	1.313494522761399959e+52	1.082329544366799832e+52	6.429233042860001131e+51
1.150000000000000050e-01	8.920211269376000476e+56	5.640802909891400533e+56	2.934853037539999706e+56	1.322108199530000458e+52	1.095912187983799729e+52	6.368972953609999786e+51
1.199999999999999956e-01	8.846429607626601683e+56	5.653566705202199230e+56	2.904793291608999951e+56	1.327048140480099833e+52	1.106152060860899962e+52	6.305406241490001443e+51
1.250000000000000000e-01	8.747313539126898558e+56	5.648211707289599974e+56	2.872614925615000191e+56	1.328986962702799781e+52	1.113533116150399966e+52	6.241305893210000015e+51
1.300000000000000044e-01	8.624982258814800360e+56	5.621079899349700430e+56	2.837772193314000210e+56	1.326289970942399585e+52	1.115995803210699687e+52	6.168974071960000007e+51
1.350000000000000089e-01	8.490613536156899512e+56	5.579900145318098959e+56	2.801360437689999850e+56	1.321335091363100106e+52	1.115528076031500235e+52	6.093302758640002031e+51
1.400000000000000133e-01	8.348765110646602324e+56	5.530039937393501640e+56	2.762648705318000176e+56	1.315415339868000608e+52	1.113654903922000069e+52	6.014160768710000162e+51
1.449999999999999900e-01	8.202724629806198658e+56	5.473133863686100523e+56	2.723585135587999706e+56	1.308340370980599774e+52	1.110301946613499847e+52	5.933680736550000366e+51
1.499999999999999944e-01	8.051441635657201015e+56	5.407670244459099631e+56	2.685012661398000143e+56	1.299445633530999820e+52	1.104760220011999981e+52	5.852133209770000754e+51
1.549999999999999989e-01	7.879561121708098052e+56	5.325757449469299845e+56	2.643473954994000001e+56	1.285930341142000369e+52	1.095101895606999954e+52	5.761165569170000202e+51
1.600000000000000033e-01	7.699392567610200308e+56	5.238591877903601483e+56	2.601731265925999737e+56	1.270529586681000172e+52	1.084169982775000102e+52	5.669549923659998943e+51
1.650000000000000078e-01	7.516910739538598507e+56	5.148420147980500080e+56	2.561079177895000401e+56	1.253782649586999718e+52	1.072172190504999914e+52	5.579034318860000469e+51
1.700000000000000122e-01	7.328781425684199313e+56	5.051550154112998213e+56	2.517555057798000745e+56	1.235179022557000089e+52	1.058313898835999947e+52	5.479554416720000274e+51
1.749999999999999889e-01	7.135607109769400576e+56	4.947084081701399993e+56	2.473694587417000014e+56	1.214669633818999871e+52	1.042515073012999863e+52	5.378746168009999765e+51
1.799999999999999933e-01	6.955689177306700664e+56	4.846889170883099358e+56	2.431646221625999901e+56	1.196211048799000079e+52	1.027740272873000049e+52	5.281501925230000898e+51
1.849999999999999978e-01	6.770661391334298491e+56	4.738943778067100013e+56	2.389540267052000439e+56	1.175306106071000045e+52	1.010388074496000110e+52	5.180691142419999762e+51
1.900000000000000022e-01	6.564543021231999169e+56	4.613669900271800598e+56	2.345923099397000995e+56	1.147695479143000268e+52	9.874179449949997069e+51	5.071283471189999432e+51
1.950000000000000067e-01	6.364588844183599960e+56	4.491877870622698363e+56	2.301318286216001009e+56	1.121115083757000015e+52	9.655409561919999994e+51	4.963523253610000302e+51
2.000000000000000111e-01	6.176138881525700426e+56	4.378334993747798234e+56	2.258041688141999668e+56	1.095559611743000018e+52	9.447763503300002755e+51	4.856199175879999407e+51
2.049999999999999878e-01	5.985440579084699354e+56	4.262758082792001101e+56	2.212121136924000078e+56	1.069561824149000071e+52	9.239077201510000915e+51	4.746525766439998653e+51
2.099999999999999922e-01	5.822326387180999382e+56	4.162997434967499185e+56	2.170184524568000130e+56	1.048855411094000115e+52	9.069390085679998230e+51	4.646912885019999795e+51
2.149999999999999967e-01	5.659347272343901402e+56	4.060301219203099541e+56	2.130403190583000486e+56	1.026813054822999906e+52	8.885974915369999774e+51	4.551269647420000369e+51
2.200000000000000011e-01	5.509537785600499507e+56	3.964682362130600026e+56	2.091574996275000815e+56	1.007431932176000086e+52	8.721910440439999084e+51	4.459696909020000877e+51
2.250000000000000056e-01	5.356641651850999482e+56	3.867099064603699353e+56	2.051943993450999845e+56	9.867620263519997511e+51	8.549248045470000668e+51	4.367578587140001194e+51
2.300000000000000100e-01	5.216063366819701057e+56	3.779414674577699853e+56	2.013839346429100593e+56	9.688961526810000062e+51	8.403482401899998624e+51	4.282071533830000151e+51
2.349999999999999867e-01	5.072543923381700686e+56	3.688753234426899674e+56	1.973794798397499899e+56	9.492819756120000512e+51	8.243235552470000232e+51	4.190180169430000081e+51
2.399999999999999911e-01	4.944849397875600222e+56	3.608988053975800434e+56	1.939972617452499802e+56	9.324168751399999563e+51	8.107735101280000640e+51	4.114225661269999173e+51
2.449999999999999956e-01	4.835273780827500046e+56	3.541688285481400098e+56	1.908558351743499852e+56	9.194097891759999501e+51	8.003675296800001345e+51	4.044496327099999279e+51
2.500000000000000000e-01	4.723254166337499737e+56	3.471549644112799105e+56	1.877158561267799813e+56	9.047547942390002746e+51	7.885473402430001026e+51	3.973104964020001150e+51
2.550000000000000044e-01	4.332881743481199947e+56	3.203808440369499642e+56	1.811404425849200184e+56	8.098078389250000480e+51	7.122418436110000427e+51	3.763735551589999606e+51
2.600000000000000089e-01	4.002508627294100886e+56	2.975345248768099857e+56	1.754458233233000213e+56	7.299227943130001099e+51	6.475548989679999650e+51	3.583659649019998507e+51
2.650000000000000133e-01	3.715600963322300803e+56	2.775089161139199392e+56	1.704690239678399991e+56	6.607686898980003110e+51	5.912382672620000145e+51	3.427842323750000864e+51
2.700000000000000178e-01	3.463909207717199758e+56	2.597219402770200314e+56	1.658429232502699569e+56	6.010741483160000027e+51	5.420993583121999647e+51	3.288759204389999579e+51
2.750000000000000222e-01	3.236790193895899639e+56	2.435545993644500789e+56	1.613658296901299587e+56	5.478335348433998479e+51	4.980522828593998969e+51	3.160609637620000196e+51
2.800000000000000266e-01	3.044702099612200346e+56	2.299212590302000625e+56	1.575162578531199917e+56	5.029694206693999745e+51	4.609890214643999715e+51	3.051409639200001049e+51
2.849999999999999756e-01	2.880961175616000303e+56	2.182336707978099661e+56	1.540777317648500367e+56	4.656215114478999018e+51	4.298974957331000013e+51	2.956612301620000168e+51
2.899999999999999800e-01	2.738958745304898984e+56	2.078624760828500079e+56	1.509907521201900204e+56	4.335604119168999929e+51	4.026879883705999502e+51	2.873609610069999416e+51
2.949999999999999845e-01	2.613951507860099697e+56	1.988178895898200489e+56	1.482028628816099838e+56	4.055252755898000545e+51	3.790156086277000154e+51	2.799169655209999742e+51
2.999999999999999889e-01	2.506440012666000363e+56	1.909746734640900286e+56	1.457138694369100073e+56	3.816297523986999172e+51	3.586559989665999452e+51	2.734339224409999940e+51
3.049999999999999933e-01	2.411535906601398662e+56	1.840115839540700571e+56	1.434313402844600172e+56	3.606012409639000321e+51	3.405324762231000610e+51	2.674410540949999764e+51
3.099999999999999978e-01	2.325114580000499703e+56	1.775532861639799844e+56	1.412149974969199650e+56	3.416119070955001288e+51	3.238902528760998887e+51	2.616709252148000021e+51
3.150000000000000022e-01	2.247223467349299466e+56	1.716981926729400200e+56	1.391226583247299569e+56	3.247330660244000164e+51	3.089640929885999518e+51	2.562605692369000188e+51
3.200000000000000067e-01	2.177401997285099657e+56	1.665250865805790151e+56	1.372178778811700350e+56	3.098100374551000459e+51	2.958730822861999795e+51	2.513876470929000199e+51
3.250000000000000111e-01	2.113308726702038979e+56	1.618147731986070390e+56	1.354060885058900539e+56	2.963456003037999801e+51	2.841068102279999490e+51	2.468340107152999940e+51
3.300000000000000155e-01	2.056272947850780331e+56	1.575951578824049698e+56	1.336856953982199543e+56	2.847323568450000147e+51	2.738536501909999361e+51	2.426150360805000286e+51
3.350000000000000200e-01	2.003966460506150160e+56	1.536776862617279506e+56	1.320164411675300204e+56	2.743433005649999853e+51	2.645463635586999541e+51	2.386403214360000083e+51
3.400000000000000244e-01	1.956952676437239863e+56	1.501485869689169298e+56	1.304809048129960093e+56	2.651777314534999945e+51	2.562672690849999960e+51	2.350398620785999402e+51
3.449999999999999734e-01	1.913970644181580062e+56	1.469193839818560192e+56	1.290140967953629884e+56	2.569517991261000067e+51	2.488082339136000158e+51	2.316553821679000025e+51
3.499999999999999778e-01	1.874112243963769913e+56	1.439261225528710110e+56	1.276036649413270047e+56	2.494840414118999556e+51	2.420158731414999760e+51	2.284414582353999793e+51
3.549999999999999822e-01	1.837609545335640171e+56	1.411589834116919801e+56	1.262572955576239813e+56	2.428568095486000046e+51	2.358911828551000111e+51	2.254257741307000490e+51
3.599999999999999867e-01	1.804396120040560034e+56	1.386400450942969950e+56	1.249695623682979992e+56	2.370299051460999656e+51	2.304518419266599951e+51	2.225843937123999887e+51
3.649999999999999911e-01	1.773429589533080004e+56	1.362968316249470296e+56	1.237243076416089998e+56	2.317155606150199715e+51	2.254630696726499870e+51	2.198677030210000279e+51
3.699999999999999956e-01	1.744974582795830182e+56	1.341307176279590346e+56	1.225486401701579296e+56	2.269235529670198930e+51	2.209145085591700618e+51	2.173215277970500140e+51
3.750000000000000000e-01	1.717833954376929725e+56	1.321051406380199741e+56	1.214149108499550014e+56	2.224328088102701006e+51	2.167185901974900453e+51	2.148859997260700136e+51
3.800000000000000044e-01	1.692543830577110071e+56	1.302118099667046649e+56	1.203230614264359801e+56	2.183643828453000770e+51	2.128731398464499663e+51	2.125662809910000147e+51
3.850000000000000089e-01	1.668796655098202057e+56	1.284439243195414851e+56	1.192687741103068020e+56	2.146478387095100055e+51	2.093463327392299428e+51	2.103443163410600169e+51
3.900000000000000133e-01	1.646305402543140997e+56	1.267440640664172790e+56	1.182528552001322902e+56	2.111770445836800329e+51	2.059885201140800310e+51	2.082146237192599985e+51
3.950000000000000178e-01	1.624622759276510054e+56	1.251211210702917583e+56	1.172701581452879139e+56	2.078525401701100195e+51	2.027999445074100154e+51	2.061648515785799828e+51
4.000000000000000222e-01	1.604065720423647011e+56	1.235806536345541685e+56	1.163253066431909930e+56	2.047430051112500112e+51	1.997955460531499879e+51	2.042058774203900258e+51
4.050000000000000266e-01	1.584344986748844216e+56	1.221270547454176831e+56	1.154032624821188611e+56	2.018313841668500169e+51	1.970123892634499915e+51	2.023102344909699663e+51
4.099999999999999756e-01	1.565655005056140263e+56	1.207366986833631159e+56	1.145065802360668979e+56	1.991184234458699706e+51	1.943860769112899974e+51	2.004782137873000348e+51
4.149999999999999800e-01	1.547725333919672186e+56	1.194168885234380735e+56	1.136423088197541607e+56	1.965354955745380164e+51	1.919094380948700308e+51	1.987193025914040295e+51
4.199999999999999845e-01	1.530655591109245696e+56	1.181442122119792196e+56	1.127998305434705782e+56	1.940991274057009847e+51	1.895370827010319447e+51	1.970085545210250121e+51
4.249999999999999889e-01	1.514248719016767877e+56	1.169160244958212850e+56	1.119774117353312389e+56	1.917818007281469979e+51	1.872651056995310506e+51	1.953450604730700323e+51
4.299999999999999933e-01	1.498521366730031204e+56	1.157303541476305974e+56	1.111754316584040974e+56	1.895841777022729926e+51	1.850903739687839877e+51	1.937278606705139897e+51
4.349999999999999978e-01	1.483350426901318297e+56	1.145889771401015645e+56	1.103934129064468814e+56	1.874769152868060463e+51	1.830095908916950621e+51	1.921534659896000250e+51
4.400000000000000022e-01	1.468901883689759913e+56	1.134914285172401498e+56	1.096352155199375574e+56	1.854880502128859868e+51	1.810199262180670568e+51	1.906305062535590097e+51
4.450000000000000067e-01	1.454993854803013184e+56	1.124211001365122935e+56	1.088932761639905704e+56	1.835878922435240032e+51	1.790887159893579495e+51	1.891415787467190070e+51
4.500000000000000111e-01	1.441517444674851350e+56	1.113769149879839954e+56	1.081695445122759789e+56	1.817471695903530351e+51	1.772051221611980707e+51	1.876881414622250032e+51
4.550000000000000155e-01	1.427029392272019932e+56	1.102253184837759290e+56	1.074242406590538376e+56	1.795802667333091334e+51	1.750112629139122562e+51	1.861714251140044694e+51
4.600000000000000200e-01	1.414824567319370415e+56	1.092357001012266259e+56	1.067356114457206986e+56	1.779750559148887408e+51	1.732731902800885058e+51	1.848021611635773567e+51
4.650000000000000244e-01	1.402966483340772129e+56	1.082684730875475509e+56	1.060629142294828318e+56	1.764168492106508641e+51	1.715787050865590061e+51	1.834663925172292492e+51
4.699999999999999734e-01	1.391437262905197801e+56	1.073235601084642556e+56	1.054041939075036923e+56	1.749020862786242371e+51	1.699308136673551821e+51	1.821594580336915593e+51
4.749999999999999778e-01	1.380296587380989698e+56	1.063996685588759433e+56	1.047604755409759375e+56	1.734411834147435943e+51	1.683226941941273072e+51	1.808830187437934066e+51
4.799999999999999822e-01	1.369421198443059813e+56	1.054997171178727436e+56	1.041276662304038937e+56	1.720153322464954749e+51	1.667561071505357355e+51	1.796264999290319373e+51
4.849999999999999867e-01	1.358753460237179909e+56	1.046316615354969611e+56	1.035092432501504348e+56	1.706182088202123391e+51	1.652479145385301029e+51	1.784003904291634715e+51
4.899999999999999911e-01	1.348387904674912643e+56	1.037810458203863660e+56	1.029052005651798155e+56	1.692605463130399763e+51	1.637701681234244600e+51	1.772042016025919517e+51
4.949999999999999956e-01	1.338345528232023580e+56	1.029424582464457784e+56	1.023123550522514853e+56	1.679443697461073749e+51	1.623099599105400254e+51	1.760300416492163293e+51
5.000000000000000000e-01	1.328478930448849149e+56	1.021270112475787114e+56	1.017306001790547440e+56	1.666498758217645289e+51	1.608875016273110291e+51	1.748781015129786804e+51
5.100000000000000089e-01	1.309098148970813828e+56	1.005873518483602290e+56	1.006032314533406514e+56	1.641061951275731375e+51	1.582017933196080582e+51	1.726482855550615282e+51
5.200000000000000178e-01	1.290408780624765759e+56	9.915379964136273695e+55	9.952268321720669643e+55	1.616630354620591228e+51	1.557038139963064891e+51	1.705145303689070865e+51
5.300000000000000266e-01	1.272300932164937991e+56	9.780125033677436628e+55	9.848189841486195657e+55	1.592959335044548013e+51	1.533451950568297652e+51	1.684614713471411868e+51
5.400000000000000355e-01	1.254813126801299291e+56	9.652979940375954457e+55	9.748207069119907128e+55	1.570205924344967664e+51	1.511335238232732234e+51	1.664945246931161473e+51
5.500000000000000444e-01	1.237917711713940119e+56	9.531409588681484893e+55	9.651695362898410828e+55	1.548247217518299746e+51	1.490166114002926543e+51	1.645990154424564053e+51
5.600000000000000533e-01	1.221667302655464536e+56	9.415655559635177127e+55	9.558465999946103367e+55	1.527148430251209311e+51	1.469958049617942708e+51	1.627722516002295026e+51
5.699999999999999512e-01	1.206233552078130657e+56	9.304012752693590862e+55	9.468261495531289938e+55	1.507132508695348525e+51	1.450435128425382764e+51	1.610083107818118733e+51
5.799999999999999600e-01	1.191242927661207455e+56	9.195453582298654408e+55	9.380578793001062371e+55	1.487625931066035237e+51	1.431510813729966914e+51	1.592950753402493168e+51
5.899999999999999689e-01	1.176931383255155118e+56	9.089134327706763358e+55	9.295724181226396102e+55	1.469058850992521326e+51	1.413089696022296129e+51	1.576402531787318937e+51
5.999999999999999778e-01	1.163292812564809571e+56	8.983156871860131971e+55	9.213101839295496136e+55	1.451325054821092550e+51	1.394755132828154089e+51	1.560290074062326611e+51
6.099999999999999867e-01	1.150353656108894671e+56	8.879628435949201442e+55	9.132825715467253536e+55	1.434523049664603316e+51	1.376963475412317102e+51	1.544650281597765796e+51
6.199999999999999956e-01	1.138005743788508027e+56	8.779003960142891024e+55	9.054571661624031007e+55	1.418533936457927984e+51	1.359798470485733182e+51	1.529408377728232052e+51
6.300000000000000044e-01	1.126190050705268575e+56	8.680626040765306856e+55	8.978371868580498010e+55	1.403308242884096897e+51	1.343051463038551355e+51	1.514580825335556734e+51
6.400000000000000133e-01	1.114815401900013955e+56	8.584505346942613558e+55	8.904100347866808474e+55	1.388658342750621890e+51	1.326704280976566558e+51	1.500139863994739063e+51
6.500000000000000222e-01	1.103900507635157340e+56	8.489748132745677191e+55	8.831673781956450250e+55	1.374598126716198812e+51	1.310573071318423947e+51	1.486069837921208041e+51
6.600000000000000311e-01	1.093255911528354069e+56	8.398059080072408725e+55	8.760991580151918881e+55	1.360865509382951597e+51	1.294935371380662866e+51	1.472355584168148501e+51
6.700000000000000400e-01	1.082794156406311339e+56	8.309608277679244207e+55	8.692022171596163494e+55	1.347341244208533747e+51	1.279827481806860215e+51	1.458976405057934520e+51
6.800000000000000488e-01	1.072566103174297898e+56	8.225267692775032127e+55	8.625185077582411703e+55	1.334153549416928735e+51	1.265456157519441281e+51	1.446021057447588489e+51
6.899999999999999467e-01	1.062624571545531115e+56	8.143283044034012141e+55	8.560063062610109556e+55	1.321360532252753170e+51	1.251464069963820742e+51	1.433402357718870222e+51
6.999999999999999556e-01	1.052804283983378885e+56	8.064480460031378951e+55	8.496531245020311477e+55	1.308675540075694794e+51	1.237965757138453045e+51	1.421096107271191665e+51
7.099999999999999645e-01	1.043099914058904422e+56	7.989664845599293884e+55	8.434790228003123897e+55	1.296139924565352430e+51	1.225153556857265696e+51	1.409151926509436572e+51
7.199999999999999734e-01	1.033591815057294370e+56	7.916935663091478732e+55	8.374503525604932125e+55	1.283826192726300656e+51	1.212651921307619452e+51	1.397490857345427844e+51
7.299999999999999822e-01	1.024279440011492836e+56	7.846470844999163120e+55	8.315766360959966913e+55	1.271729759799117512e+51	1.200518857864941517e+51	1.386139467254967183e+51
7.399999999999999911e-01	1.015147537420579409e+56	7.778403105535740443e+55	8.258452655603648717e+55	1.259867880064072230e+51	1.188815096878971674e+51	1.375063678836261867e+51
7.500000000000000000e-01	1.006345239234794533e+56	7.712082013514531669e+55	8.202515487791022986e+55	1.248450258795047811e+51	1.177431242781809725e+51	1.364250598724947669e+51
7.600000000000000089e-01	9.977896822546767670e+55	7.647711251019278360e+55	8.147994242661225653e+55	1.237354115874418059e+51	1.166412846250908951e+51	1.353713930354627183e+51
7.700000000000000178e-01	9.894335111998430412e+55	7.584762009906045051e+55	8.094638625581984513e+55	1.226513200862602111e+51	1.155640109880700248e+51	1.343402316949157678e+51
7.800000000000000266e-01	9.813073472089685594e+55	7.523194501303905256e+55	8.042478374716008477e+55	1.215965953823450510e+51	1.145116648905746417e+51	1.333329194503742308e+51
7.900000000000000355e-01	9.734077296903062781e+55	7.463007420003698960e+55	7.991487499752468346e+55	1.205704482074445464e+51	1.134830858344846465e+51	1.323487264196192943e+51
8.000000000000000444e-01	9.657384112962489836e+55	7.403942931286019144e+55	7.941513481529559806e+55	1.195738959510690054e+51	1.124758446466030959e+51	1.313847390473263354e+51
8.100000000000000533e-01	9.583306455989341009e+55	7.345746874030437551e+55	7.892523185370096979e+55	1.186130197468824661e+51	1.114864471879471866e+51	1.304402270748174064e+51
8.199999999999999512e-01	9.511571266408575087e+55	7.288533731854205102e+55	7.844471087443405422e+55	1.176831497350754650e+51	1.105152245087861569e+51	1.295142091707236381e+51
8.299999999999999600e-01	9.441990332066754536e+55	7.232697082199226377e+55	7.797387104082083516e+55	1.167823306533962684e+51	1.095720337857330848e+51	1.286074637296115248e+51
8.399999999999999689e-01	9.374585546872487862e+55	7.177903789145127325e+55	7.751221217728407203e+55	1.159123819151363160e+51	1.086485584776406046e+51	1.277187812443092794e+51
8.499999999999999778e-01	9.308894939604439118e+55	7.123432196992138168e+55	7.705805910222354417e+55	1.150633455254769055e+51	1.077292268199960013e+51	1.268450257244019309e+51
8.599999999999999867e-01	9.244681791462903661e+55	7.069484487634790808e+55	7.661105696627065956e+55	1.142323562580633598e+51	1.068182294281727331e+51	1.259857073252767709e+51
8.699999999999999956e-01	9.181223745720344743e+55	7.016802553920710171e+55	7.617207902163497814e+55	1.134104772070993280e+51	1.059285049051094815e+51	1.251429343823772694e+51
8.800000000000000044e-01	9.118913146213892762e+55	6.965015935804167637e+55	7.574071949980741610e+55	1.126037709661324829e+51	1.050540599163119578e+51	1.243153800505783152e+51
8.900000000000000133e-01	9.057484076743330455e+55	6.914534247245786715e+55	7.531679971080885285e+55	1.118097393380556049e+51	1.042019737734568791e+51	1.235027080364114072e+51
9.000000000000000222e-01	8.996909183182109866e+55	6.865297710670678982e+55	7.490083724412399294e+55	1.110271587757090875e+51	1.033711941522697336e+51	1.227061734856732931e+51
9.100000000000000311e-01	8.937361846198666731e+55	6.816653253445712252e+55	7.448936364973591680e+55	1.102572422800927357e+51	1.025495372386564724e+51	1.219184340480843883e+51
9.200000000000000400e-01	8.878991999557852843e+55	6.769167809096988779e+55	7.408642468202284228e+55	1.095031833918037682e+51	1.017472114460735046e+51	1.211482530673485374e+51
9.300000000000000488e-01	8.820884786974716459e+55	6.722963187410960363e+55	7.368890359452010628e+55	1.087510193325530320e+51	1.009653094269145339e+51	1.203886344653828117e+51
9.399999999999999467e-01	8.763010949216350759e+55	6.678183811464337805e+55	7.329781313598071815e+55	1.080025716366471843e+51	1.002082366099192080e+51	1.196424202963414568e+51
9.499999999999999556e-01	8.705856624932833859e+55	6.633928338687753419e+55	7.291274440359249732e+55	1.072619842638018582e+51	9.945877477072337607e+50	1.189081420402973205e+51
9.599999999999999645e-01	8.649516431314244980e+55	6.590522807695129308e+55	7.253356263631872321e+55	1.065308703598746827e+51	9.872281657668302908e+50	1.181848894118523002e+51
9.699999999999999734e-01	8.594202270745635989e+55	6.548157720061399008e+55	7.216209594372879560e+55	1.058132046442271077e+51	9.800464347179013292e+50	1.174776345395942979e+51
9.799999999999999822e-01	8.539658206976190923e+55	6.506645728069216921e+55	7.179618220006439764e+55	1.051040313303322848e+51	9.730016468080377888e+50	1.167810947555858704e+51
9.899999999999999911e-01	8.486035437682822335e+55	6.465895987324067582e+55	7.143555864661908660e+55	1.044054437501239645e+51	9.660875579998670712e+50	1.160945026446709747e+51
1.000000000000000000e+00	8.433462229098955210e+55	6.425951929637374303e+55	7.108052855336717706e+55	1.037215435422570467e+51	9.593266667072827649e+50	1.154185906022807523e+51
1.050000000000000044e+00	8.185348188809111703e+55	6.235805529683833028e+55	6.939041998902071020e+55	1.005015212077433029e+51	9.272706402102487496e+50	1.122022223886892600e+51
1.100000000000000089e+00	7.959909251441061455e+55	6.058802725494581276e+55	6.782352128636949595e+55	9.757868187399061691e+50	8.975514708950997911e+50	1.092220388578100838e+51
1.149999999999999911e+00	7.755162684742035385e+55	5.891285711748742913e+55	6.635908592711047824e+55	9.491619333828669674e+50	8.694724205374347020e+50	1.064402346021241554e+51
1.199999999999999956e+00	7.567373478713751334e+55	5.732817201503650230e+55	6.498362653543334826e+55	9.246890155265892165e+50	8.429765501266871712e+50	1.038317360473438390e+51
1.250000000000000000e+00	7.389772638467605899e+55	5.587659323444038825e+55	6.369552540034636249e+55	9.015655504061275736e+50	8.186936451978756232e+50	1.013949631730869370e+51
1.300000000000000044e+00	7.218770642436932885e+55	5.455111531330733162e+55	6.248239559341699008e+55	8.792441399465234263e+50	7.964829919784412413e+50	9.910557005477655632e+50
1.350000000000000089e+00	7.057057593193308618e+55	5.331879077748685156e+55	6.133753781396406991e+55	8.580578068356044695e+50	7.758484998379760610e+50	9.695045760040148732e+50
1.399999999999999911e+00	6.904164091053704882e+55	5.217178005382796931e+55	6.025427430391132423e+55	8.380522347132112963e+50	7.567115102381292083e+50	9.491527443363003381e+50
1.449999999999999956e+00	6.760404747608231607e+55	5.108931025330328673e+55	5.922548519304874053e+55	8.193382293165149011e+50	7.387419316395904782e+50	9.298500169238093198e+50
1.500000000000000000e+00	6.624332214883911855e+55	5.005625925978457124e+55	5.824394528897495711e+55	8.015696879908835345e+50	7.216023006977596053e+50	9.114750110654666869e+50
1.550000000000000044e+00	6.496674142235571757e+55	4.905921893138047148e+55	5.730321048881321824e+55	7.848399805417981811e+50	7.050867427293594298e+50	8.938947896532549102e+50
1.600000000000000089e+00	6.377425431628020275e+55	4.808460769626505390e+55	5.640060752397010721e+55	7.691721352930702510e+50	6.889572786583825193e+50	8.770531198308239123e+50
1.649999999999999911e+00	6.265489168903397388e+55	4.714231501441510737e+55	5.553562283669542835e+55	7.544905845455367793e+50	6.734235248976318668e+50	8.609329608972615727e+50
1.699999999999999956e+00	6.157736307776905569e+55	4.624667880803494201e+55	5.470690245888563829e+55	7.403797355768692392e+50	6.586622797859177531e+50	8.455108252499892874e+50
1.750000000000000000e+00	6.052868827498590747e+55	4.540566329518235241e+55	5.391267153260786773e+55	7.266187572791118957e+50	6.447845928565467115e+50	8.307563917325889503e+50
1.800000000000000044e+00	5.951163973156614668e+55	4.461231885569462916e+55	5.315398820776698374e+55	7.132776564232069898e+50	6.316777242889877710e+50	8.166913247937466194e+50
1.850000000000000089e+00	5.852654077709647165e+55	4.386131022926683987e+55	5.242430239905766882e+55	7.003696359160330946e+50	6.192859528728545464e+50	8.031811395890266849e+50
1.899999999999999911e+00	5.757640962388456296e+55	4.314737160927725576e+55	5.172439185549530503e+55	6.879241728512040083e+50	6.075084797025698125e+50	7.902521610767106232e+50
1.949999999999999956e+00	5.666563694242876813e+55	4.247031890226352522e+55	5.105004520871841872e+55	6.759735255843380849e+50	5.963704827638641706e+50	7.778157666817306871e+50
2.000000000000000000e+00	5.579223217817932450e+55	4.182527353985239933e+55	5.040043582531420183e+55	6.645183747336920269e+50	5.857885538399698663e+50	7.658590547385559086e+50
2.049999999999999822e+00	5.495728983987927929e+55	4.120657393343941280e+55	4.977292301051800919e+55	6.535697851672269273e+50	5.756612287266090781e+50	7.543279759444107603e+50
2.100000000000000089e+00	5.415592374301888667e+55	4.060923789089268713e+55	4.916692243239979187e+55	6.430296648592291367e+50	5.658932746091216675e+50	7.432169007703430823e+50
2.149999999999999911e+00	5.338602864299661053e+55	4.003398552030507489e+55	4.857836734132761028e+55	6.328999812594995386e+50	5.565106870795904658e+50	7.324465088027649106e+50
2.200000000000000178e+00	5.265065536627149234e+55	3.946758185333406296e+55	4.800632525240169129e+55	6.232113413062973098e+50	5.472906968361379505e+50	7.219963991797698683e+50
2.250000000000000000e+00	5.194736133570078878e+55	3.890993391027974521e+55	4.744793776092448858e+55	6.139685230936694628e+50	5.382456598737456791e+50	7.118109853498090405e+50
2.299999999999999822e+00	5.125789023578676833e+55	3.836857038822702693e+55	4.690276212894399009e+55	6.048907627102544128e+50	5.294602914068632978e+50	7.018839176586690333e+50
2.350000000000000089e+00	5.059345491997788916e+55	3.784155661735956784e+55	4.637377161236420107e+55	5.961514265812822077e+50	5.209216432831849169e+50	6.922730497980153815e+50
2.399999999999999911e+00	4.994738020563865509e+55	3.732820007183484309e+55	4.585713766138764865e+55	5.876657747387496990e+50	5.126203812322572255e+50	6.828931804371378509e+50
2.450000000000000178e+00	4.931960826442365310e+55	3.683261182699500564e+55	4.535647601357133632e+55	5.794232180622304899e+50	5.046099834572387554e+50	6.738221328332504661e+50
2.500000000000000000e+00	4.871319964150672273e+55	3.635127856527741145e+55	4.486947063591445047e+55	5.714792273681918484e+50	4.968504363544222133e+50	6.650097096135774697e+50
2.549999999999999822e+00	4.811777585970370644e+55	3.588614613225198669e+55	4.439476969469197998e+55	5.636725260776645719e+50	4.893525319566038976e+50	6.564302032287726299e+50
2.600000000000000089e+00	4.753616560982729491e+55	3.544042709343553810e+55	4.393566430514617317e+55	5.560714422118802888e+50	4.821782929774832544e+50	6.481509295803303227e+50
2.649999999999999911e+00	4.697025817495859121e+55	3.501080594939559482e+55	4.348744304605684479e+55	5.486816191096549694e+50	4.752642743630575969e+50	6.400758837018610835e+50
2.700000000000000178e+00	4.641583532002875492e+55	3.459488631702644691e+55	4.305114106277976725e+55	5.414307819165282937e+50	4.685648654809375582e+50	6.322297479441808265e+50
2.750000000000000000e+00	4.587277615454745862e+55	3.419655699180216797e+55	4.262750153183412748e+55	5.343318466687625433e+50	4.621505571614354498e+50	6.246284147389547431e+50
2.799999999999999822e+00	4.534817555564022654e+55	3.381201048689716880e+55	4.221422260865057368e+55	5.274754385928457835e+50	4.559698206224926619e+50	6.172250885653899342e+50
2.850000000000000089e+00	4.483372628853120437e+55	3.344038655259742718e+55	4.181101552340330367e+55	5.207467330572847641e+50	4.499974549842519774e+50	6.100152505895689340e+50
2.899999999999999911e+00	4.434956976184315203e+55	3.308599622104398360e+55	4.141854390513714945e+55	5.143964083171315540e+50	4.443444915025575207e+50	6.030075187523198658e+50
2.950000000000000178e+00	4.387265010280290593e+55	3.274275903463269617e+55	4.103553669178898801e+55	5.081389317077671582e+50	4.388663873070578107e+50	5.961806948033427846e+50
3.000000000000000000e+00	4.340707533112924634e+55	3.240751340003741793e+55	4.066026365006251704e+55	5.020291426177993921e+50	4.335194023345230383e+50	5.895016824250587451e+50
3.049999999999999822e+00	4.295828334014258788e+55	3.207817425865424502e+55	4.029409982866602963e+55	4.961506652459031469e+50	4.282815982764177688e+50	5.829979931519980743e+50
3.100000000000000089e+00	4.251908736653006559e+55	3.175326869515047981e+55	3.993283784143492369e+55	4.903935002329599039e+50	4.231170894833822745e+50	5.765889040536937536e+50
3.149999999999999911e+00	4.208739085879970232e+55	3.143503482404750950e+55	3.957846131138099854e+55	4.847315214219409093e+50	4.180596510469309129e+50	5.703138954007213942e+50
3.200000000000000178e+00	4.166651148031765811e+55	3.112524984537141899e+55	3.923220728265588656e+55	4.792191964159242262e+50	4.131402956244476072e+50	5.641927343399349448e+50
3.250000000000000000e+00	4.125525329531279004e+55	3.082152106108860724e+55	3.889249781611391470e+55	4.738338907676241255e+50	4.083205909366545617e+50	5.581977233932436269e+50
3.299999999999999822e+00	4.085192587687959715e+55	3.052265208473181456e+55	3.855848160728026966e+55	4.685502746005680748e+50	4.035825377246245940e+50	5.523126197469375613e+50
3.350000000000000089e+00	4.045664878056450573e+55	3.022866747134525415e+55	3.823059315274028431e+55	4.633672141652208309e+50	3.989266695205924535e+50	5.465446877395046419e+50
3.399999999999999911e+00	4.007271612574357445e+55	2.994162463623410873e+55	3.791074954952188365e+55	4.583471264792413028e+50	3.943939631857978097e+50	5.409309835686906217e+50
3.450000000000000178e+00	3.969922222462191289e+55	2.965918882186287015e+55	3.759658583606672471e+55	4.534860120152483580e+50	3.899486728572801156e+50	5.354229817695479296e+50
3.500000000000000000e+00	3.933334508553534850e+55	2.937900691216204248e+55	3.728651119123639755e+55	4.487242260073223783e+50	3.855455103752712178e+50	5.299931734343352841e+50
3.549999999999999822e+00	3.897173121485373661e+55	2.910585634285885485e+55	3.698223809674917416e+55	4.440191338106810556e+50	3.812525492617687779e+50	5.246742019743800078e+50
3.600000000000000089e+00	3.861988528564198133e+55	2.883682608157263516e+55	3.668343255006474890e+55	4.394451476364401983e+50	3.770318543957769983e+50	5.194583611145852034e+50
3.649999999999999911e+00	3.827371743896952450e+55	2.857393359266684434e+55	3.639013503752761870e+55	4.349475417793409404e+50	3.729106813794819601e+50	5.143475912923005530e+50
3.700000000000000178e+00	3.793576299543331092e+55	2.831513398078941259e+55	3.610246816225699173e+55	4.305609804126613192e+50	3.688608226598305513e+50	5.093402051081197225e+50
3.750000000000000000e+00	3.760353956818663259e+55	2.806541528577202366e+55	3.582150602148200260e+55	4.262602172492688141e+50	3.649570298925252045e+50	5.044574993593637640e+50
3.799999999999999822e+00	3.727767846446994651e+55	2.782137641528645452e+55	3.554581607361621864e+55	4.220455859113381839e+50	3.611454601576549192e+50	4.996747296933500660e+50
3.850000000000000089e+00	3.695647222863708579e+55	2.758210846163595901e+55	3.527434134198538084e+55	4.178897570660412472e+50	3.574085017118674458e+50	4.949719136754456364e+50
3.899999999999999911e+00	3.663942203281148851e+55	2.735015355573722391e+55	3.500878952151070136e+55	4.137890692346860342e+50	3.537841287034081761e+50	4.903810609846091014e+50
3.950000000000000178e+00	3.632884681290080883e+55	2.712391211419271654e+55	3.474764323948735188e+55	4.097762881306359758e+50	3.502544948674927824e+50	4.858734677438540377e+50
4.000000000000000000e+00	3.602592243189471495e+55	2.690339233547653458e+55	3.449018758115170933e+55	4.058578421595603439e+50	3.468246446742248185e+50	4.814354136571410340e+50
4.099999999999999645e+00	3.543804853639893529e+55	2.648452697000235069e+55	3.399021095841317598e+55	3.982469083540878986e+50	3.403219756662198557e+50	4.728401573700122388e+50
4.200000000000000178e+00	3.487560916382495233e+55	2.608913528039362806e+55	3.350818237047958199e+55	3.909778216715093608e+50	3.342058081224823663e+50	4.645813271446217534e+50
4.299999999999999822e+00	3.433212328529484663e+55	2.570820060580491381e+55	3.303963515073516359e+55	3.839511054751354165e+50	3.283244209977166920e+50	4.565767340073212959e+50
4.400000000000000355e+00	3.380495181153182541e+55	2.533721543984656145e+55	3.258325851562531454e+55	3.771374994514859045e+50	3.226022961028367004e+50	4.488030801344112839e+50
4.500000000000000000e+00	3.329357278266184351e+55	2.497710079236973451e+55	3.214001028788594810e+55	3.705286625940937015e+50	3.170532398791297770e+50	4.412741628601002650e+50
4.599999999999999645e+00	3.280022199773210989e+55	2.463357494576565633e+55	3.171306899903888804e+55	3.641644961816056850e+50	3.117681052242424306e+50	4.340476623229321280e+50
4.700000000000000178e+00	3.232290018809402781e+55	2.429902475843366315e+55	3.129766336874164370e+55	3.580168795925380286e+50	3.066320744278583516e+50	4.270385752959819981e+50
4.799999999999999822e+00	3.185920962828061463e+55	2.397439372120656363e+55	3.089388587529577388e+55	3.520587121553924208e+50	3.016608745229806417e+50	4.202470394662406055e+50
4.900000000000000355e+00	3.140886480459517413e+55	2.365526663186721140e+55	3.049921642548361524e+55	3.462918818716102623e+50	2.967882906993619562e+50	4.136260380842676219e+50
5.000000000000000000e+00	3.097056040984996845e+55	2.334533112810644700e+55	3.011540468132401907e+55	3.406922375597128110e+50	2.920672247075423524e+50	4.072081084280712242e+50
5.099999999999999645e+00	3.054749600640568322e+55	2.304191799622373368e+55	2.974180438960502582e+55	3.352952887928523961e+50	2.874576549494213637e+50	4.009789439103457735e+50
5.200000000000000178e+00	3.013623888354733890e+55	2.274603488242856434e+55	2.937828857292687889e+55	3.300527797966354119e+50	2.829726143788554223e+50	3.949374885394924857e+50
5.299999999999999822e+00	2.973884074955712135e+55	2.245692240326131762e+55	2.902406424330889361e+55	3.250108387071571647e+50	2.786119255375811704e+50	3.890664749447884963e+50
5.400000000000000355e+00	2.935262243876794784e+55	2.217586499106484624e+55	2.867909115372516899e+55	3.201211917822089157e+50	2.743799385106526650e+50	3.833652235628570094e+50
5.500000000000000000e+00	2.897638558794532709e+55	2.190200890675373036e+55	2.834211690811444097e+55	3.153635999100302411e+50	2.702651477564677425e+50	3.778149173963573195e+50
5.599999999999999645e+00	2.861445464864282044e+55	2.164102652395352120e+55	2.801436108923085852e+55	3.107955970636589686e+50	2.663616528699870602e+50	3.724363540665558969e+50
5.700000000000000178e+00	2.826390257404252805e+55	2.138856618248062835e+55	2.769355666693831468e+55	3.063707108435958958e+50	2.625952059899800599e+50	3.671878672164735879e+50
5.799999999999999822e+00	2.792298029095324441e+55	2.114737507849166068e+55	2.737950212744305085e+55	3.020612242921398101e+50	2.590068777041121547e+50	3.620653901362820598e+50
5.900000000000000355e+00	2.759484245323446511e+55	2.091684617630013541e+55	2.707357210411675723e+55	2.979126957137273749e+50	2.555893044876408327e+50	3.570924854594582838e+50
6.000000000000000000e+00	2.727025908641829764e+55	2.069354087092518841e+55	2.677441676292989104e+55	2.938122280049917388e+50	2.522764468023640194e+50	3.522437036591418867e+50
6.099999999999999645e+00	2.695248962358573759e+55	2.047682281771748643e+55	2.648281190083221701e+55	2.898096229904373943e+50	2.490660229507375197e+50	3.475311870659280140e+50
6.200000000000000178e+00	2.664092055699614977e+55	2.026526938046404506e+55	2.619688313227849496e+55	2.858965922780923070e+50	2.459371996627446895e+50	3.429239627918376800e+50
6.299999999999999822e+00	2.633675778696863823e+55	2.005811872479323268e+55	2.591649790900637806e+55	2.820784122024878831e+50	2.428775646974842087e+50	3.384181609958257312e+50
6.400000000000000355e+00	2.603646727360337871e+55	1.985569579681675389e+55	2.564103726218923517e+55	2.783108371336971879e+50	2.398872317424462368e+50	3.340036798144596064e+50
6.500000000000000000e+00	2.574115144642160256e+55	1.965918113650223443e+55	2.537215902104888568e+55	2.746104839859590318e+50	2.369856853500268367e+50	3.297061541189879730e+50
6.599999999999999645e+00	2.545358300750169174e+55	1.946804190452213023e+55	2.511032939470273168e+55	2.710177344615773918e+50	2.341693876492838503e+50	3.255352697689873771e+50
6.700000000000000178e+00	2.517208139027455532e+55	1.927983941552847999e+55	2.485381773308594342e+55	2.674994829990406180e+50	2.313980678123480341e+50	3.214586288682779282e+50
6.799999999999999822e+00	2.489690152246140604e+55	1.909383593021758142e+55	2.460149508486138612e+55	2.640698723903677141e+50	2.286687125901733402e+50	3.174565218139804638e+50
6.900000000000000355e+00	2.462651836283117616e+55	1.891268540330975257e+55	2.435510181189721518e+55	2.607120614589809932e+50	2.260141261439058590e+50	3.135601858830119596e+50
7.000000000000000000e+00	2.436184360798046229e+55	1.873636428591390856e+55	2.411463338798478972e+55	2.574302872569649414e+50	2.234342948268114109e+50	3.097681214509564307e+50
7.099999999999999645e+00	2.410184263779409359e+55	1.856384878457276519e+55	2.387881884722258951e+55	2.542126005165806627e+50	2.209143756010631471e+50	3.060594472383270909e+50
7.200000000000000178e+00	2.384728825576282657e+55	1.839555480680685286e+55	2.364773135707369917e+55	2.510716375605844053e+50	2.184623942816379454e+50	3.024337563570273283e+50
7.299999999999999822e+00	2.359754564180364066e+55	1.822932155641272577e+55	2.342064551817869900e+55	2.480008761881420382e+50	2.160471809006263966e+50	2.988787553372475475e+50
7.400000000000000355e+00	2.335280651857894963e+55	1.806716860950250535e+55	2.319843197211832586e+55	2.449977611589261852e+50	2.136966737929475727e+50	2.954095696646091626e+50
7.500000000000000000e+00	2.311301442225567224e+55	1.790649597588010257e+55	2.297947465239936428e+55	2.420611197478551566e+50	2.113730184508899400e+50	2.919992784625054307e+50
7.599999999999999645e+00	2.287709720959200727e+55	1.774787518831229426e+55	2.276389369139061552e+55	2.391773582213479888e+50	2.090836040328227703e+50	2.886494323201377416e+50
7.700000000000000178e+00	2.264555770619108598e+55	1.759017288754805684e+55	2.255115946209847328e+55	2.363492825458597698e+50	2.068112477587090832e+50	2.853519953040900208e+50
7.799999999999999822e+00	2.242246171140757609e+55	1.743712396721312322e+55	2.234235932980111340e+55	2.336232918142766076e+50	2.046170656364285990e+50	2.821235506234315479e+50
7.900000000000000355e+00	2.221235614314158756e+55	1.729067064494627160e+55	2.213722734417662296e+55	2.310575593078027707e+50	2.025366286453278779e+50	2.789636942491839547e+50
8.000000000000000000e+00	2.200891625495240322e+55	1.714914514902506794e+55	2.193431233516385559e+55	2.285740276450769288e+50	2.005367687784617431e+50	2.758472451220296602e+50
8.099999999999999645e+00	2.180707910128247037e+55	1.700817320542164175e+55	2.173340541906461143e+55	2.261107023572688734e+50	1.985418523139161683e+50	2.727661581572849381e+50
8.199999999999999289e+00	2.160750596896369409e+55	1.687014342119839045e+55	2.153577962349248743e+55	2.236748636555927152e+50	1.965895171303128410e+50	2.697418092669902745e+50
8.300000000000000711e+00	2.141091704419400398e+55	1.673462087241832911e+55	2.134185284032533633e+55	2.212768550264646533e+50	1.946721289278443516e+50	2.667780973024010451e+50
8.400000000000000355e+00	2.121682147666290624e+55	1.660161179769783939e+55	2.115127883083731678e+55	2.189118028833323240e+50	1.927907502996391593e+50	2.638712162380930739e+50
8.500000000000000000e+00	2.102614520728986256e+55	1.647129827182411995e+55	2.096435132230516276e+55	2.165928693558098993e+50	1.909514820954677570e+50	2.610251266780715012e+50
8.599999999999999645e+00	2.083801203557906664e+55	1.634312423292770697e+55	2.078045786946803537e+55	2.143084302607719423e+50	1.891420387045115392e+50	2.582305868470293322e+50
8.699999999999999289e+00	2.065154511692853618e+55	1.621704199517126948e+55	2.059935748184978828e+55	2.120442575021518338e+50	1.873619709289648842e+50	2.554834270221647778e+50
8.800000000000000711e+00	2.046849491748779458e+55	1.609266069286675699e+55	2.042163638819598878e+55	2.098232508516627303e+50	1.856073045437895934e+50	2.527913729765232816e+50
8.900000000000000355e+00	2.028734998008359695e+55	1.597114204329269827e+55	2.024702198934197748e+55	2.076271011524414111e+50	1.838935554617646374e+50	2.501511519218859112e+50
9.000000000000000000e+00	2.010818929739412047e+55	1.585079668366696062e+55	2.007455192998819290e+55	2.054555445851877606e+50	1.821969083911733109e+50	2.475479312018892447e+50
9.099999999999999645e+00	1.992895463668387888e+55	1.573264514604718400e+55	1.990390938338468811e+55	2.032844638211004456e+50	1.805297825267424970e+50	2.449759619396680840e+50
9.199999999999999289e+00	1.975099331111548238e+55	1.561601268267686752e+55	1.973522003369165313e+55	2.011362866172908823e+50	1.788873181828832590e+50	2.424373853768557390e+50
9.300000000000000711e+00	1.957414320248676122e+55	1.549982986135210291e+55	1.956758184537485143e+55	1.990054252955720825e+50	1.772525749151759842e+50	2.399182068428254463e+50
9.400000000000000355e+00	1.939816858404828394e+55	1.538402752998431404e+55	1.940077159676718401e+55	1.968875265467275640e+50	1.756238798684502810e+50	2.374140648162668798e+50
9.500000000000000000e+00	1.922369582911047277e+55	1.526829441325263727e+55	1.923486452839690330e+55	1.947889138338687302e+50	1.739992829696327517e+50	2.349266603611457501e+50
9.599999999999999645e+00	1.905076339503435643e+55	1.515219207647805176e+55	1.906954588571776311e+55	1.927119113758343012e+50	1.723713714772734978e+50	2.324501576470243224e+50
9.699999999999999289e+00	1.887828296114741628e+55	1.503781424878086364e+55	1.890630741536501404e+55	1.906434426095390435e+50	1.707663494598757570e+50	2.300070973099153006e+50
9.800000000000000711e+00	1.870727525290258048e+55	1.492572264343271741e+55	1.874609527915961215e+55	1.886034950909427496e+50	1.691962931734136063e+50	2.276128763904413200e+50
9.900000000000000355e+00	1.853902933715276383e+55	1.481593497806059906e+55	1.858902786550133857e+55	1.866071822124303233e+50	1.676625336025641729e+50	2.252684705061548862e+50
1.000000000000000000e+01	1.837289610072951950e+55	1.470728185944237150e+55	1.843419281185749020e+55	1.846391980486876539e+50	1.661448155879904688e+50	2.229619024099707946e+50
1.050000000000000000e+01	1.760347698421399438e+55	1.420109510716645749e+55	1.769877323485023834e+55	1.755602369329796670e+50	1.591332649766488985e+50	2.120523528360095565e+50
1.100000000000000000e+01	1.691521872998478822e+55	1.374333534773974322e+55	1.701581306036419816e+55	1.674481661013268230e+50	1.528442283272469826e+50	2.019801435477099612e+50
1.150000000000000000e+01	1.628561616488498925e+55	1.331713143436338080e+55	1.638556205934375525e+55	1.600059243427773453e+50	1.469941897403943264e+50	1.927077483121688930e+50
1.200000000000000000e+01	1.570145114968403622e+55	1.291120709875367252e+55	1.580579200350170997e+55	1.530890968489632523e+50	1.414199980710058197e+50	1.841889913730354560e+50
1.250000000000000000e+01	1.515327305432838334e+55	1.252483900939444494e+55	1.526828162343431659e+55	1.466237004424883932e+50	1.361262838667193298e+50	1.763062578380082219e+50
1.300000000000000000e+01	1.462473312719531067e+55	1.214486401224067239e+55	1.474202378048205404e+55	1.405062039068434985e+50	1.310051207544889184e+50	1.686480780258215341e+50
1.350000000000000000e+01	1.416356225081996770e+55	1.180760354910751949e+55	1.426962715653657293e+55	1.352031627533130706e+50	1.264945940778312329e+50	1.617935420080529470e+50
1.400000000000000000e+01	1.371514465615091172e+55	1.148668923641907537e+55	1.381044850792443053e+55	1.300641051421335995e+50	1.222184411520892567e+50	1.552352615683545866e+50
1.450000000000000000e+01	1.334134385283048039e+55	1.123115195774015523e+55	1.345520018827202034e+55	1.257297013221581812e+50	1.186891391866212710e+50	1.499834779237069175e+50
1.500000000000000000e+01	1.290899351011519800e+55	1.091763052815684771e+55	1.301244036055201936e+55	1.207379832127837793e+50	1.144497725411191928e+50	1.435942696105921029e+50
1.550000000000000000e+01	1.246919235793258733e+55	1.060159171724761856e+55	1.253556816227365559e+55	1.158698969938323892e+50	1.104840467618670432e+50	1.371924796001872398e+50
1.600000000000000000e+01	1.212028795451353196e+55	1.035713977959077161e+55	1.218616939332798625e+55	1.119767619450895578e+50	1.073302431914256595e+50	1.324274169955347432e+50
1.650000000000000000e+01	1.186539560868280602e+55	1.018894856417695149e+55	1.196336278600988276e+55	1.090472411992246788e+50	1.049797431421535651e+50	1.290983663255617381e+50
1.700000000000000000e+01	1.153648498503744957e+55	9.948010154846560616e+54	1.163215313249953382e+55	1.053572739091015276e+50	1.017990629112707503e+50	1.244233016197628820e+50
1.750000000000000000e+01	1.127227711530131450e+55	9.766741345332177733e+54	1.138867438489837618e+55	1.023819621563277971e+50	9.933427731700847702e+49	1.209542008992740376e+50
1.800000000000000000e+01	1.093817640290536197e+55	9.510360386694346815e+54	1.103333167134637338e+55	9.873010389708933462e+49	9.608196382873462337e+49	1.161714447027911268e+50
1.850000000000000000e+01	1.068327639116883350e+55	9.324342659758737854e+54	1.077708488664400312e+55	9.593346127547210735e+49	9.368589922723900537e+49	1.126920380460733116e+50
1.900000000000000000e+01	1.043992211996441910e+55	9.139976335110601626e+54	1.052890515148966494e+55	9.326671465076626078e+49	9.131270795928953355e+49	1.093265104066001767e+50
1.950000000000000000e+01	1.019304070209043298e+55	8.940788815928009390e+54	1.026230046695253016e+55	9.056691040993094668e+49	8.876332813467924195e+49	1.056936283349984394e+50
2.000000000000000000e+01	9.972801660282479261e+54	8.772204430010804799e+54	1.003550587450579995e+55	8.817232565623490522e+49	8.660061340904525528e+49	1.026561047960684678e+50
