-5.000000000000000278e-02	3.494685537738615120e+56	4.001293564214190687e+49	2.603824249121689396e+53	3.319848793614269575e+51	4.590953621937531903e+43	4.283567629279700437e+46
-4.499999999999999833e-02	3.520920504154743649e+56	2.141199430564411398e+51	2.713498193749545315e+53	3.343023863656768869e+51	2.094337279458457872e+45	4.909531638076187777e+46
-4.000000000000000083e-02	3.395632684957121134e+56	1.930979246362664791e+52	2.592572747191057802e+53	3.183365619957257583e+51	1.903715701516861906e+46	5.524106262530537372e+46
-3.500000000000000333e-02	3.331265679230546099e+56	5.616804620792797069e+52	2.335173302227758615e+53	3.036888678846792603e+51	5.619372736097658543e+46	5.614325119918960452e+46
-2.999999999999999889e-02	3.226354284034000293e+56	9.452498039887954538e+52	1.992899164044306476e+53	2.855583428394759947e+51	9.605206701950835712e+46	4.981901953951492190e+46
-2.500000000000000139e-02	2.988499998202953949e+56	1.203601160024727087e+53	1.620165137601575411e+53	2.584721390049889129e+51	1.246437066856946667e+47	4.055708122593187738e+46
-2.000000000000000042e-02	2.657852537412338879e+56	1.353212530558026068e+53	1.259380794483692886e+53	2.261936232536279748e+51	1.430668552534296322e+47	3.199394538698990587e+46
-1.499999999999999944e-02	2.320418011088654730e+56	1.445745427421639539e+53	9.363093334615448441e+52	1.959692821114862503e+51	1.567106139503352879e+47	2.520045820914076257e+46
-1.000000000000000021e-02	2.056611048514046559e+56	1.504924655092382839e+53	6.687492337676998270e+52	1.751263900141117817e+51	1.693408412634363455e+47	2.018057916165445639e+46
-5.000000000000000104e-03	1.925050780861183946e+56	1.556200695953315605e+53	4.601729471469091145e+52	1.696585613563450334e+51	1.842043736534999143e+47	1.653464176033558536e+46
0.000000000000000000e+00	1.990175240244241536e+56	1.623900170963209798e+53	3.080366998395093475e+52	1.875988977199285982e+51	2.039338222066970371e+47	1.395443305561808461e+46
1.000000000000000021e-03	2.035008338858515524e+56	1.639306071454524725e+53	2.836117746092025713e+52	1.950825873215329061e+51	2.084569179618776015e+47	1.353980355584754650e+46
2.000000000000000042e-03	2.093238119138510162e+56	1.654880816401361417e+53	2.609894212140343628e+52	2.042280609831119904e+51	2.131399285871782321e+47	1.315432273865117626e+46
3.000000000000000062e-03	2.166687082563245074e+56	1.670390701261263479e+53	2.400727538955319508e+52	2.152605932786249449e+51	2.179697279902128511e+47	1.279600759510581559e+46
4.000000000000000083e-03	2.257504797530865864e+56	1.685505093414476826e+53	2.207678977996079930e+52	2.284445228385321799e+51	2.229294666287212650e+47	1.246301240085139614e+46
5.000000000000000104e-03	2.368429091707722015e+56	1.699876479016043808e+53	2.029848428436481102e+52	2.441096957075944844e+51	2.280038738317541496e+47	1.215415797722333775e+46
6.000000000000000125e-03	2.502901618399248379e+56	1.713188251523156366e+53	1.866398668038961866e+52	2.626637682108761084e+51	2.331817982238766082e+47	1.186881768290005850e+46
7.000000000000000146e-03	2.665142752950777415e+56	1.724900247338021722e+53	1.716604788117185667e+52	2.846018210772686771e+51	2.384409633284114089e+47	1.160818176908313994e+46
8.000000000000000167e-03	2.860050177962376631e+56	1.734627328827903228e+53	1.580136685898598134e+52	3.105026284089268129e+51	2.437608433568986765e+47	1.137988216014287931e+46
8.999999999999999320e-03	3.092927733710945930e+56	1.741814049000305970e+53	1.458258491128878360e+52	3.410065357549294510e+51	2.491266761112627017e+47	1.126558362637949592e+46
1.000000000000000021e-02	3.369010760535757418e+56	1.746256962379510768e+53	1.367923729768094987e+52	3.767736383087791374e+51	2.549686357298937529e+47	1.283862000341906336e+46
1.099999999999999936e-02	3.692522536077816478e+56	1.752327810325664459e+53	1.463376062918571041e+52	4.183881722903723372e+51	2.670141227884293222e+47	3.411732205395141119e+46
1.200000000000000025e-02	4.066082336220002834e+56	1.789209222595221838e+53	2.631971039618543226e+52	4.663182520025635771e+51	3.225250404272317976e+47	1.941613264651702402e+47
1.299999999999999940e-02	4.490129498458743670e+56	1.968218664381951627e+53	8.113827025713960382e+52	5.209420387314822939e+51	5.682114471576368184e+47	9.762160316618479710e+47
1.400000000000000029e-02	4.967670515662111702e+56	2.585202829054182615e+53	2.626938142985664355e+53	5.833156092046023967e+51	1.408577347120215351e+48	3.746495968616924255e+48
1.499999999999999944e-02	5.509333951215189105e+56	4.230441675027112344e+53	7.308502937286753724e+53	6.560720780881488559e+51	3.679432474049451628e+48	1.135624470317168239e+49
1.600000000000000033e-02	6.138469245992613212e+56	7.863135090566203267e+53	1.727019650080169688e+54	7.442105054394794342e+51	8.784834815018203744e+48	2.851402548037099683e+49
1.700000000000000122e-02	6.888470710622216127e+56	1.476388572525418025e+54	3.534126784134999282e+54	8.545088628631604326e+51	1.866293264751103707e+49	6.135052905370000081e+49
1.799999999999999864e-02	7.796763023765108468e+56	2.653460359898114604e+54	6.437852485879999613e+54	9.942906231206420655e+51	3.581669133903022849e+49	1.168379421980000119e+50
1.899999999999999953e-02	8.888778946515863158e+56	4.489520639481034734e+54	1.064032973919999886e+55	1.168446281110498293e+52	6.303539591515766717e+49	2.008336779999999415e+50
2.000000000000000042e-02	1.017083180735062748e+57	7.178455463898580666e+54	1.625237716740000229e+55	1.378181625854678738e+52	1.035704193808618930e+50	3.174181142500000331e+50
2.100000000000000130e-02	1.162141871463610691e+57	1.091014809592691272e+55	2.324822401899999724e+55	1.619390909494886202e+52	1.607511567388393587e+50	4.673497356400000739e+50
2.199999999999999872e-02	1.319576632112234698e+57	1.589773557479852611e+55	3.152345049399999826e+55	1.883775541149939038e+52	2.384332785503272937e+50	6.491289025299999467e+50
2.299999999999999961e-02	1.482955906121662932e+57	2.232079947926807459e+55	4.088319395499999428e+55	2.159508396152048262e+52	3.400755231706889566e+50	8.585344352099999986e+50
2.400000000000000050e-02	1.645297991378198785e+57	3.035613392252525236e+55	5.112847437399998785e+55	2.433951782153928987e+52	4.692258704940098900e+50	1.090788745880000031e+51
2.500000000000000139e-02	1.799761877295807108e+57	4.015038740351059518e+55	6.207507936600000509e+55	2.694932923115310229e+52	6.290433621220100709e+50	1.341191103630000198e+51
2.599999999999999881e-02	1.940379171404551197e+57	5.177889443680470496e+55	7.356748366500000310e+55	2.932092001896600885e+52	8.215472730858502301e+50	1.605586741150000318e+51
2.699999999999999969e-02	2.062811236925730084e+57	6.524616353840009285e+55	8.550200260899999949e+55	3.138037809780800486e+52	1.047540580640700361e+51	1.881150932570000663e+51
2.800000000000000058e-02	2.164204472255369594e+57	8.045010814117378910e+55	9.780760858200000815e+55	3.308105398514099626e+52	1.305898212759100002e+51	2.166004811160000116e+51
2.900000000000000147e-02	2.243245915077500186e+57	9.718910176397400916e+55	1.104314426820000686e+56	3.440285441441000446e+52	1.593639120273299596e+51	2.458940551150000074e+51
2.999999999999999889e-02	2.300065038868980267e+57	1.151700319635200001e+56	1.233327398450000314e+56	3.535008423771000458e+52	1.905912590702400290e+51	2.759168111240000110e+51
3.099999999999999978e-02	2.335739159420999962e+57	1.340218689652189884e+56	1.364507305359999772e+56	3.594159628535000454e+52	2.236285656399999862e+51	3.065493405900000528e+51
3.200000000000000067e-02	2.352211735375299526e+57	1.533195406957879773e+56	1.496923210790000288e+56	3.620999837985006216e+52	2.577071651952999938e+51	3.375961959600000866e+51
3.300000000000000155e-02	2.351864824970603468e+57	1.726396328450949864e+56	1.629482898619999642e+56	3.619476865745126200e+52	2.920346238156000524e+51	3.688062284499999765e+51
3.400000000000000244e-02	2.337134324590370813e+57	1.915782447354430035e+56	1.760924800580000105e+56	3.593547067905375204e+52	3.258359230287999844e+51	3.998793972899999568e+51
3.500000000000000333e-02	2.310602592155698675e+57	2.097483531523399576e+56	1.889813227520000094e+56	3.547464710619020911e+52	3.583533700529999626e+51	4.304563145199999205e+51
3.599999999999999728e-02	2.274816698565196291e+57	2.268492985646600578e+56	2.014970185949999759e+56	3.485460022207004133e+52	3.889729390356999632e+51	4.602306316100000482e+51
3.699999999999999817e-02	2.232130821484767275e+57	2.426246754250799666e+56	2.135370199109999854e+56	3.411510314604861933e+52	4.171654481460000218e+51	4.889287115500000437e+51
3.799999999999999906e-02	2.184556939509674586e+57	2.568716381705099591e+56	2.250194317550000422e+56	3.329140188053825704e+52	4.425051631770000247e+51	5.163308430099999824e+51
3.899999999999999994e-02	2.133772440702591457e+57	2.694683821242398890e+56	2.358990903939999943e+56	3.241350493574720164e+52	4.647274857902000737e+51	5.423154042000000140e+51
4.000000000000000083e-02	2.081148905534765108e+57	2.803300710245499893e+56	2.461443421439999754e+56	3.150655739955829663e+52	4.836484575117000585e+51	5.668066200599998870e+51
4.100000000000000172e-02	2.027575746977385250e+57	2.894759512052999610e+56	2.557418577110000043e+56	3.058764234144300230e+52	4.992994175185000873e+51	5.897775564900000250e+51
4.200000000000000261e-02	1.973760609253508186e+57	2.968830873696800781e+56	2.646769212449999567e+56	2.967038170431399523e+52	5.116456782740000730e+51	6.112044219399997980e+51
4.299999999999999656e-02	1.920091001935790060e+57	3.027044205181999982e+56	2.729553857129999484e+56	2.876210538018700817e+52	5.209830136680001411e+51	6.311078071700001389e+51
4.399999999999999745e-02	1.866852727146349902e+57	3.070375452262600317e+56	2.805731425469999670e+56	2.786791733659900488e+52	5.275117176379999199e+51	6.494771081799999398e+51
4.499999999999999833e-02	1.814181426118389413e+57	3.100764285805299660e+56	2.875356053480000080e+56	2.698977852788999881e+52	5.316152885049999909e+51	6.663147561100000286e+51
4.599999999999999922e-02	1.762199964968749823e+57	3.120123942051200313e+56	2.938419602889998948e+56	2.612936662409000369e+52	5.336710522369999782e+51	6.816008921299997697e+51
4.700000000000000011e-02	1.711022875931730263e+57	3.130548597792999280e+56	2.995055518599999612e+56	2.528761358331999745e+52	5.340942162299999686e+51	6.953405866000000314e+51
4.800000000000000100e-02	1.660432419584399809e+57	3.133535221486300394e+56	3.044559349939999885e+56	2.446079657863000259e+52	5.332008547390000517e+51	7.073396997999998052e+51
4.900000000000000189e-02	1.597444511678900087e+57	3.099385537491800816e+56	3.053133715709999815e+56	2.346378172008000062e+52	5.261309493319999520e+51	7.097630332000000195e+51
5.000000000000000278e-02	1.530367396111400160e+57	3.040308600717999940e+56	3.029267152380000566e+56	2.242306827945000103e+52	5.151079177840001609e+51	7.046020453899999147e+51
5.050000000000000322e-02	1.500606265121299831e+57	3.015663160011499298e+56	3.020924918620000398e+56	2.196088292353999803e+52	5.104679258519999278e+51	7.028416330800002187e+51
5.099999999999999672e-02	1.472635617084300069e+57	2.993891641813099286e+56	3.014866151210000152e+56	2.152596674417000405e+52	5.063341107180001054e+51	7.016032509000000234e+51
5.149999999999999717e-02	1.446110530747299859e+57	2.974976240800799936e+56	3.011041078620000396e+56	2.111305422365000298e+52	5.027034822619999620e+51	7.008701072300001781e+51
5.199999999999999761e-02	1.420934881229400281e+57	2.958921744265499352e+56	3.009421056880000748e+56	2.072031014721000227e+52	4.995785308889999549e+51	7.006267665700000915e+51
5.249999999999999806e-02	1.396985476668699824e+57	2.945921582853000108e+56	3.009950778320000251e+56	2.034576359966000815e+52	4.969876267919999879e+51	7.008499339999998016e+51
5.299999999999999850e-02	1.374199416281899815e+57	2.936004506260399475e+56	3.012459967090000146e+56	1.998821940855000919e+52	4.949413998360000580e+51	7.015026012499998026e+51
5.349999999999999895e-02	1.352446670660599818e+57	2.929079275499899260e+56	3.016780193240000819e+56	1.964580075709003329e+52	4.934295494270000360e+51	7.025301272100002298e+51
5.399999999999999939e-02	1.331736399148699984e+57	2.925229643414999627e+56	3.022779726290001077e+56	1.931856189024007252e+52	4.924772844520000270e+51	7.038990670299999180e+51
5.449999999999999983e-02	1.311984159473300488e+57	2.924416101222400509e+56	3.030206819310000061e+56	1.900503906490014981e+52	4.920703951760003981e+51	7.055434009899999786e+51
5.500000000000000028e-02	1.293099595472301083e+57	2.926542087171300191e+56	3.038688460410000601e+56	1.870411707202031963e+52	4.922044123810012419e+51	7.073779377100000169e+51
5.550000000000000072e-02	1.274906422464601418e+57	2.930939935759100474e+56	3.047601398589999696e+56	1.841347816563065737e+52	4.927799783000037455e+51	7.092698117499998886e+51
5.600000000000000117e-02	1.257248370232103007e+57	2.937108308519303471e+56	3.056360381100000379e+56	1.813053387650131069e+52	4.936980267760102366e+51	7.110615175599998868e+51
5.650000000000000161e-02	1.239756287796605640e+57	2.943815278315105714e+56	3.063664045570000141e+56	1.785047825230254699e+52	4.947569264010251681e+51	7.124654753899999677e+51
5.700000000000000205e-02	1.221730239335810973e+57	2.948400203734812949e+56	3.067065782609999526e+56	1.756353951240472699e+52	4.955064230000557256e+51	7.129284120399998341e+51
5.750000000000000250e-02	1.202844469501620429e+57	2.949149242237327690e+56	3.065109817869999921e+56	1.726574929050849387e+52	4.956521997871164776e+51	7.121254084700002099e+51
5.800000000000000294e-02	1.183863734651938573e+57	2.948116538650460996e+56	3.060090081469999580e+56	1.696784904121639574e+52	4.955413866702619960e+51	7.105955515600001063e+51
5.850000000000000339e-02	1.165177970684885425e+57	2.946980690135355836e+56	3.053314318729999689e+56	1.667514834113617237e+52	4.954544160566643656e+51	7.086345796900001156e+51
5.899999999999999689e-02	1.147063400101201301e+57	2.947031071735409046e+56	3.046076640799999828e+56	1.639139948798569360e+52	4.956271787817387290e+51	7.065349556099999605e+51
5.949999999999999734e-02	1.129717494214586007e+57	2.949176758357254267e+56	3.039098836999998919e+56	1.611920320080664568e+52	4.962183529424852220e+51	7.044672385600001097e+51
5.999999999999999778e-02	1.113198391875317986e+57	2.954171095260638757e+56	3.032914888190000327e+56	1.585935066587537272e+52	4.973581715667935615e+51	7.025441758799999606e+51
6.099999999999999867e-02	1.083003442124742508e+57	2.974480734153689604e+56	3.024253798710000306e+56	1.538131737258682687e+52	5.016341922896837787e+51	6.994499383899998568e+51
6.199999999999999956e-02	1.056730845352255052e+57	3.010257296848123764e+56	3.021434474309999553e+56	1.496080998827313086e+52	5.088831695761921025e+51	6.975650626699999083e+51
6.300000000000000044e-02	1.034450236966273888e+57	3.061586737399914321e+56	3.024763499799999229e+56	1.459915580445365895e+52	5.191460656991687453e+51	6.969724160399998744e+51
6.400000000000000133e-02	1.015873665342630053e+57	3.126999742754160353e+56	3.033302425090000002e+56	1.429267664953587764e+52	5.321775492438511236e+51	6.974866933200000058e+51
6.500000000000000222e-02	1.000584068755576414e+57	3.203912661105155211e+56	3.045695824490000105e+56	1.403593964659380087e+52	5.475158651458299996e+51	6.988304199500000578e+51
6.600000000000000311e-02	9.880343137662522747e+56	3.289274963693508917e+56	3.060363075070000493e+56	1.382178327780850374e+52	5.646161990875600387e+51	7.006885506800002604e+51
6.700000000000000400e-02	9.777003107540191144e+56	3.380073648461835597e+56	3.075735255179999470e+56	1.364311887082909738e+52	5.829294969294899581e+51	7.027416791199997970e+51
6.800000000000000488e-02	9.690444856976696641e+56	3.473417308799389194e+56	3.090572834599999693e+56	1.349247429073600030e+52	6.019212057342998601e+51	7.047339564699998419e+51
6.900000000000000577e-02	9.616702449142637492e+56	3.567197776032370114e+56	3.103966201330000104e+56	1.336419350375700179e+52	6.211728057597800653e+51	7.064774623100003378e+51
7.000000000000000666e-02	9.552561832595201125e+56	3.659740012805350574e+56	3.115385013620000127e+56	1.325342147852199552e+52	6.403544698405298748e+51	7.078577745699997044e+51
7.099999999999999367e-02	9.495963243493721668e+56	3.749883900468669972e+56	3.124677995770000063e+56	1.315669369005600400e+52	6.591975279128999652e+51	7.088283172400000142e+51
7.199999999999999456e-02	9.445279564380098498e+56	3.836874407941240103e+56	3.131756291979999423e+56	1.307123413957900453e+52	6.775213747025998410e+51	7.093551247499999030e+51
7.299999999999999545e-02	9.399698608921099402e+56	3.920084961527410572e+56	3.136694942179998960e+56	1.299534362149200039e+52	6.951737150388997729e+51	7.094323023899998105e+51
7.399999999999999634e-02	9.358369942643099511e+56	3.999276924559259671e+56	3.139725471050000632e+56	1.292742151478899784e+52	7.120591214448000309e+51	7.090977596799998350e+51
7.499999999999999722e-02	9.320660752430798601e+56	4.074327153830278835e+56	3.141077146200000663e+56	1.286614541835500260e+52	7.281296046856000653e+51	7.083835983200001801e+51
7.599999999999999811e-02	9.286333207459601085e+56	4.145242624046900728e+56	3.140861820099999631e+56	1.281104011467000128e+52	7.433672112412999026e+51	7.073069899400000182e+51
7.699999999999999900e-02	9.255012829403902278e+56	4.212218071295350150e+56	3.139317064809999975e+56	1.276147606426999534e+52	7.577998225182001757e+51	7.059184709300001344e+51
7.799999999999999989e-02	9.226338757043803210e+56	4.275547368736898542e+56	3.136675503069999393e+56	1.271703320241000251e+52	7.714774569936000272e+51	7.042675477800004149e+51
7.900000000000000078e-02	9.200039970046800844e+56	4.335544823415901195e+56	3.132961241218000257e+56	1.267743820303999467e+52	7.844644900325001770e+51	7.023707187800001076e+51
8.000000000000000167e-02	9.176121102842701144e+56	4.392458348493599727e+56	3.128500248400000098e+56	1.264285600582999394e+52	7.968278014966002785e+51	7.003075743100001809e+51
8.100000000000000255e-02	9.154067517787198342e+56	4.446798410748000659e+56	3.123427196227000430e+56	1.261248066894999778e+52	8.086594807951998861e+51	6.981107432000000737e+51
8.200000000000000344e-02	9.134150829557598991e+56	4.498670856637799625e+56	3.117839433613998779e+56	1.258680120563000205e+52	8.199822995047997399e+51	6.958161762600000644e+51
8.300000000000000433e-02	9.116084144723199636e+56	4.548309158273599192e+56	3.111900159970999051e+56	1.256535516780999663e+52	8.308538008573999780e+51	6.934610947800000151e+51
8.400000000000000522e-02	9.099393781830299604e+56	4.595777354973098938e+56	3.105653451155999730e+56	1.254730657025999874e+52	8.412920691036001234e+51	6.910576537700000847e+51
8.500000000000000611e-02	9.084076492792399891e+56	4.641381784178600272e+56	3.099144505245000308e+56	1.253264145101000208e+52	8.513439908959998160e+51	6.886155413800000762e+51
8.599999999999999312e-02	9.070234984966198534e+56	4.685224115592200270e+56	3.092443731288999933e+56	1.252134488140999850e+52	8.610506090199999657e+51	6.861617420700001311e+51
8.699999999999999400e-02	9.057325131849401553e+56	4.727343008930599020e+56	3.085570127897000492e+56	1.251280445643000035e+52	8.704208917069999839e+51	6.837033522500000951e+51
8.799999999999999489e-02	9.045409802523198070e+56	4.767977047278300425e+56	3.078626021143999756e+56	1.250711251984999555e+52	8.795138734414998550e+51	6.812608494000000894e+51
8.899999999999999578e-02	9.034408730824200905e+56	4.807380077003200998e+56	3.071625367382999998e+56	1.250422824997000033e+52	8.883914512341001426e+51	6.788547154299998584e+51
8.999999999999999667e-02	9.024333646633700259e+56	4.845391406247700358e+56	3.064638993044999643e+56	1.250418627633000061e+52	8.970333487495999252e+51	6.765008590499999645e+51
9.099999999999999756e-02	9.014805256902499612e+56	4.882166876254499896e+56	3.057674865183999480e+56	1.250660718541999853e+52	9.054734100207000632e+51	6.742110054299999347e+51
9.199999999999999845e-02	9.005891614326303118e+56	4.917714375251899851e+56	3.050772264336000034e+56	1.251144143638999988e+52	9.137181887981998361e+51	6.719896805600000323e+51
9.299999999999999933e-02	8.997258235768797183e+56	4.951964073573899970e+56	3.044031351649000281e+56	1.251799391327000315e+52	9.217398710151000564e+51	6.698542489999998725e+51
9.400000000000000022e-02	8.988791809795602035e+56	4.984767163774800503e+56	3.037331522271999847e+56	1.252588988621000047e+52	9.294955757706999979e+51	6.677747186599999689e+51
9.500000000000000111e-02	8.980150902080900385e+56	5.016160906707500779e+56	3.030768305803999833e+56	1.253438818194999815e+52	9.369820325517003267e+51	6.657634228999997089e+51
9.600000000000000200e-02	8.971232244072896482e+56	5.046054333733900911e+56	3.024306844443000313e+56	1.254308246537999787e+52	9.441742830657001354e+51	6.638036393599998191e+51
9.700000000000000289e-02	8.962106615094295976e+56	5.074476183226000541e+56	3.017892208775000394e+56	1.255184573197000505e+52	9.510620039756002452e+51	6.618727399100000207e+51
9.800000000000000377e-02	8.952448602007294858e+56	5.101549850798700736e+56	3.011549717152000698e+56	1.256008829940000034e+52	9.576580699466001907e+51	6.599805452699999884e+51
9.900000000000000466e-02	8.942328511399995970e+56	5.127050754856500361e+56	3.005317857104000730e+56	1.256786173943999436e+52	9.639280541797999199e+51	6.581200179299999447e+51
1.000000000000000056e-01	8.931608882541401328e+56	5.151310579894798416e+56	2.999122056827998976e+56	1.257484901681999736e+52	9.699246515817000580e+51	6.562820530199997323e+51
1.049999999999999961e-01	8.870929825069001307e+56	5.253737311127799179e+56	2.968951326260000195e+56	1.260166320995099882e+52	9.959318010476003957e+51	6.474719217800003851e+51
1.100000000000000006e-01	8.801330164349002307e+56	5.327234668511199422e+56	2.939757243920999690e+56	1.261747630717100052e+52	1.015857779925799963e+52	6.391518498100000008e+51
1.150000000000000050e-01	8.716049874001201457e+56	5.370198954091199779e+56	2.908000537990000204e+56	1.261603325562699670e+52	1.029911400233899866e+52	6.307153967630002981e+51
1.199999999999999956e-01	8.617426526996602082e+56	5.391030946710297826e+56	2.874104920134999669e+56	1.260451158747799549e+52	1.040103957140199974e+52	6.223629505100000335e+51
1.250000000000000000e-01	8.525338412073398017e+56	5.402782859942099405e+56	2.844222446647999045e+56	1.260815783397599694e+52	1.048832225564499805e+52	6.152424313139998743e+51
1.300000000000000044e-01	8.435331845262601531e+56	5.401483069320398135e+56	2.815834767946000024e+56	1.261691027129999906e+52	1.055265982934499799e+52	6.086658364690000944e+51
1.350000000000000089e-01	8.339814533983301158e+56	5.387561850082499864e+56	2.785662763864000091e+56	1.261859252548199849e+52	1.059506503127000175e+52	6.019441096779998905e+51
1.400000000000000133e-01	8.228805485200097484e+56	5.360054456122900697e+56	2.753264105570999564e+56	1.259144309301700218e+52	1.060747857157699870e+52	5.947163211940000856e+51
1.449999999999999900e-01	8.093370760271499247e+56	5.316221581900599648e+56	2.718814932509999998e+56	1.251264717613499985e+52	1.057784897625500182e+52	5.867187526469998949e+51
1.499999999999999944e-01	7.939616697315299725e+56	5.259463583562000648e+56	2.683353468196999715e+56	1.239337697133800000e+52	1.051511226085999731e+52	5.782200616909998660e+51
1.549999999999999989e-01	7.772504064546301639e+56	5.189480715290001313e+56	2.644963873602000615e+56	1.224670478566300118e+52	1.042408487133600210e+52	5.689951479109998814e+51
1.600000000000000033e-01	7.595988505138598838e+56	5.108195397752800292e+56	2.604689680153999731e+56	1.208060053183000037e+52	1.030990066211299924e+52	5.593767359890000861e+51
1.650000000000000078e-01	7.414466652698099986e+56	5.021098875244199099e+56	2.563536684703000388e+56	1.190029174931799944e+52	1.018164057807099952e+52	5.495298219970000480e+51
1.700000000000000122e-01	7.224680215193400378e+56	4.926138513713000558e+56	2.521176984195600291e+56	1.169847923625000232e+52	1.003392142288199764e+52	5.393631586929999439e+51
1.749999999999999889e-01	7.029279335011200914e+56	4.823231157289300270e+56	2.477553120777699951e+56	1.147992906061999782e+52	9.867811901989001195e+51	5.289227413040000333e+51
1.799999999999999933e-01	6.833482612151399530e+56	4.714746709271200487e+56	2.434048891577200025e+56	1.124984877473199963e+52	9.685257434885001297e+51	5.183307740080000317e+51
1.849999999999999978e-01	6.628113027065897836e+56	4.595339977266100566e+56	2.388539470555400008e+56	1.099586815963099693e+52	9.478027307569998886e+51	5.074165234250000704e+51
1.900000000000000022e-01	6.432267111191900853e+56	4.479181201714599931e+56	2.344999610767601129e+56	1.075298822797500094e+52	9.276279409613001390e+51	4.969175536609999949e+51
1.950000000000000067e-01	6.229363183079701594e+56	4.356325088935601559e+56	2.300314535349300227e+56	1.048400812294700057e+52	9.052417766845999422e+51	4.859789487730000335e+51
2.000000000000000111e-01	6.023956290433199025e+56	4.231593090330500102e+56	2.254589858956199862e+56	1.020656589719199941e+52	8.823905961767001618e+51	4.749938356470001345e+51
2.049999999999999878e-01	5.830696548651398018e+56	4.115190188892901676e+56	2.211549228283000486e+56	9.946456768853999628e+51	8.612859276049999174e+51	4.646875578900001261e+51
2.099999999999999922e-01	5.640754724236880334e+56	3.999429104586499214e+56	2.168055229819999965e+56	9.683180572753997884e+51	8.399122063199000307e+51	4.542041596499999923e+51
2.149999999999999967e-01	5.450905104023190538e+56	3.881383227797329709e+56	2.124651183599300050e+56	9.412525300194000211e+51	8.177469788616998932e+51	4.438092583099999484e+51
2.200000000000000011e-01	5.271562132874891772e+56	3.767476646479389626e+56	2.083810499923200224e+56	9.156478729690000784e+51	7.964104249470999957e+51	4.341145373500000698e+51
2.250000000000000056e-01	5.100392397724210970e+56	3.657563822463800493e+56	2.042718483435899687e+56	8.912680488384001577e+51	7.759190058683001597e+51	4.244598617730000190e+51
2.300000000000000100e-01	4.937696165201488981e+56	3.554108573900800192e+56	2.002997194981099753e+56	8.681129133150000909e+51	7.566551352196002926e+51	4.151587779720001137e+51
2.349999999999999867e-01	4.777894170971428207e+56	3.452495137890180397e+56	1.965365680503799696e+56	8.448234086533999363e+51	7.374698979927000205e+51	4.064429395809999544e+51
2.399999999999999911e-01	4.626685352219890833e+56	3.355269056305859955e+56	1.929150801666099866e+56	8.230953223863002551e+51	7.194747685174998485e+51	3.983149715420000314e+51
2.449999999999999956e-01	4.485435409650390359e+56	3.263292704474920154e+56	1.892564610818600078e+56	8.030548607977999754e+51	7.025921463017000347e+51	3.901191698689999860e+51
2.500000000000000000e-01	4.339218610451718957e+56	3.167319309942759658e+56	1.857219983331899516e+56	7.801443923931998103e+51	6.834568350167001928e+51	3.818292220010000133e+51
2.550000000000000044e-01	3.992536300648991243e+56	2.930226813571230405e+56	1.791476361552700049e+56	6.989418723173001519e+51	6.181528925382001025e+51	3.623637174920001061e+51
2.600000000000000089e-01	3.698194602320310158e+56	2.731705513505600234e+56	1.732645741800899949e+56	6.317767347441000903e+51	5.644096553524000007e+51	3.454726774609999257e+51
2.650000000000000133e-01	3.451895910787050171e+56	2.560007787186109259e+56	1.680091432254999952e+56	5.760846619100998850e+51	5.187204251695999373e+51	3.307865411785999998e+51
2.700000000000000178e-01	3.235804486695679509e+56	2.408024025806170271e+56	1.632813230601900375e+56	5.272672723503998731e+51	4.784742266196000288e+51	3.177494882656000772e+51
2.750000000000000222e-01	3.047419852108539441e+56	2.275914796589839988e+56	1.590520570755199798e+56	4.849606052694001804e+51	4.437013791345999520e+51	3.063583727227000227e+51
2.800000000000000266e-01	2.887917314844849583e+56	2.162425233851960002e+56	1.553908527255399254e+56	4.494181142618999817e+51	4.142049063675000557e+51	2.967073817391999799e+51
2.849999999999999756e-01	2.751455343598199946e+56	2.065662273325160837e+56	1.521428340230999931e+56	4.194055414157001930e+51	3.892725180417999983e+51	2.881904515837999997e+51
2.899999999999999800e-01	2.631046940426469371e+56	1.979556986223810381e+56	1.492278264166660450e+56	3.932771758854000025e+51	3.672398423236001062e+51	2.804789339114000446e+51
2.949999999999999845e-01	2.524167231991000962e+56	1.900783245112610403e+56	1.465454211123869943e+56	3.703337508162999506e+51	3.472751679053999298e+51	2.734255270713999724e+51
2.999999999999999889e-01	2.426473136905240315e+56	1.828467635598320098e+56	1.439934903559810033e+56	3.496247315756199701e+51	3.291715043980999299e+51	2.668217563404999084e+51
3.049999999999999933e-01	2.338235987878549525e+56	1.763975807612630142e+56	1.415709098942520267e+56	3.314199880510799692e+51	3.133836819017500600e+51	2.607465427351999955e+51
3.099999999999999978e-01	2.261614111574339909e+56	1.707441072184400423e+56	1.393321915395429916e+56	3.160564510283199099e+51	2.999116825909499623e+51	2.552600606071000019e+51
3.150000000000000022e-01	2.194281167461590885e+56	1.656964817028329667e+56	1.372547231759350000e+56	3.029007025612200586e+51	2.881364769688900177e+51	2.502509900674000032e+51
3.200000000000000067e-01	2.133279491778989559e+56	1.611296068522239831e+56	1.353050815695720338e+56	2.912868591831299740e+51	2.776562674464999431e+51	2.456271238155200287e+51
3.250000000000000111e-01	2.077073768823615204e+56	1.569814993063971118e+56	1.334589171050219840e+56	2.808651926870399765e+51	2.683168025560900517e+51	2.413356652956800104e+51
3.300000000000000155e-01	2.025967297066052675e+56	1.531856189802628873e+56	1.317179022033760132e+56	2.715844190333600005e+51	2.599161264127800098e+51	2.373481814127300336e+51
3.350000000000000200e-01	1.979063319981808650e+56	1.497060481500726917e+56	1.300607180410179260e+56	2.632356887738500417e+51	2.523432308847599026e+51	2.335988033868000051e+51
3.400000000000000244e-01	1.935920161929766331e+56	1.465068764169723338e+56	1.284832184175506240e+56	2.557262742173300412e+51	2.454920939980300195e+51	2.300680699918299347e+51
3.449999999999999734e-01	1.896064513306376985e+56	1.435534615914967855e+56	1.269859919851876368e+56	2.489565391214100019e+51	2.392714769657599724e+51	2.267686508162600332e+51
3.499999999999999778e-01	1.859354133039640008e+56	1.408175349289467882e+56	1.255682591368198698e+56	2.428676020188298837e+51	2.336145024672299923e+51	2.236904874826499500e+51
3.549999999999999822e-01	1.825432988573721979e+56	1.382425512130837279e+56	1.242054116703891982e+56	2.373439289917299719e+51	2.283559928698599373e+51	2.207571774143500425e+51
3.599999999999999867e-01	1.793530443234833863e+56	1.358355882390979937e+56	1.229051754392885124e+56	2.322194168826270433e+51	2.234900361540079306e+51	2.179797990228600125e+51
3.649999999999999911e-01	1.763765015949363721e+56	1.335918504603835938e+56	1.216608213847859158e+56	2.275020438839540323e+51	2.189906838159530042e+51	2.153382483327900725e+51
3.699999999999999956e-01	1.735905940737615195e+56	1.315106621706945771e+56	1.204695113519252288e+56	2.231563999417330172e+51	2.148642784630090075e+51	2.128281933246099989e+51
3.750000000000000000e-01	1.709464429017206851e+56	1.295587482402867013e+56	1.193249400776542237e+56	2.191045130493210240e+51	2.110520680288370117e+51	2.104397122594900235e+51
3.800000000000000044e-01	1.684636446464291180e+56	1.277126534389209936e+56	1.182275671029302159e+56	2.153755903054530303e+51	2.075085363876900514e+51	2.081726747696169600e+51
3.850000000000000089e-01	1.661062420644151752e+56	1.259641095233416687e+56	1.171621710605614483e+56	2.118898427301970440e+51	2.041926770774270668e+51	2.059769801896620059e+51
3.900000000000000133e-01	1.638600379469560450e+56	1.243094871209280725e+56	1.161334410372940213e+56	2.086079843658389628e+51	2.010777997509479891e+51	2.038623748395280132e+51
3.950000000000000178e-01	1.617323181581619280e+56	1.227267190451166613e+56	1.151413803519710921e+56	2.055388998402890032e+51	1.981055274134950472e+51	2.018303678815620042e+51
4.000000000000000222e-01	1.596815306730812834e+56	1.212285303029946898e+56	1.141830832934679890e+56	2.026087943511410147e+51	1.953204664736210491e+51	1.998790674255369420e+51
4.050000000000000266e-01	1.577120036475423998e+56	1.197926181400692508e+56	1.132522947031067241e+56	1.998206751078610315e+51	1.926925444094110674e+51	1.979909987405370186e+51
4.099999999999999756e-01	1.558372866100126283e+56	1.183938235965298469e+56	1.123481885553210011e+56	1.971848934070080192e+51	1.901310433970449733e+51	1.961644494125309867e+51
4.149999999999999800e-01	1.540108997215809382e+56	1.170649157037991730e+56	1.114730743729129521e+56	1.946340870723589888e+51	1.877072835730950107e+51	1.944021119163760177e+51
4.199999999999999845e-01	1.522687932477767080e+56	1.157822808258530795e+56	1.106223040366237491e+56	1.922216613633519958e+51	1.853731600889629546e+51	1.926940869654910214e+51
4.249999999999999889e-01	1.505943194288578680e+56	1.145522770924852516e+56	1.097957823683511800e+56	1.899166831544070303e+51	1.831464631363970252e+51	1.910394022070340011e+51
4.299999999999999933e-01	1.490062952108571493e+56	1.133611420644133704e+56	1.089919328203045202e+56	1.877470021173471954e+51	1.809989121107459659e+51	1.894320159191720110e+51
4.349999999999999978e-01	1.474747732830295586e+56	1.122051028210639583e+56	1.082076526635401398e+56	1.856627508781780394e+51	1.789192026824396048e+51	1.878656040215230376e+51
4.400000000000000022e-01	1.459906620443031573e+56	1.110833582544308319e+56	1.074411904092387997e+56	1.836524436240480102e+51	1.769112247553663078e+51	1.863373165647820086e+51
4.450000000000000067e-01	1.445571349749876138e+56	1.100034232352932889e+56	1.066939690939533506e+56	1.817219489579806949e+51	1.749935629061167193e+51	1.848503578293109596e+51
4.500000000000000111e-01	1.431915376487181327e+56	1.089599668799857391e+56	1.059674022772567780e+56	1.799000603462361239e+51	1.731492057860134686e+51	1.834065735685378840e+51
4.550000000000000155e-01	1.417076655854909982e+56	1.077934499511711489e+56	1.052037303032101573e+56	1.777823398441321249e+51	1.709925993618904089e+51	1.818804432899976820e+51
4.600000000000000200e-01	1.404661149502508520e+56	1.068064666783319483e+56	1.045192226181432655e+56	1.761559419702638610e+51	1.692617516541050536e+51	1.805238838738268165e+51
4.650000000000000244e-01	1.392577953688997356e+56	1.058446940259751910e+56	1.038507077719436813e+56	1.745747424917950435e+51	1.675792643137660487e+51	1.792013972980448940e+51
4.699999999999999734e-01	1.380929487405298897e+56	1.048941026805916705e+56	1.031942555937806067e+56	1.730518892517166616e+51	1.659194048036008073e+51	1.779019421391095364e+51
4.749999999999999778e-01	1.369641156672700654e+56	1.039678770678845916e+56	1.025513561289669846e+56	1.715780288925824581e+51	1.643050670608151109e+51	1.766302015442356533e+51
4.799999999999999822e-01	1.358564249151296012e+56	1.030763954678568230e+56	1.019237965883981493e+56	1.701313338034110964e+51	1.627556547617257625e+51	1.753893323875188693e+51
4.849999999999999867e-01	1.347822122781563349e+56	1.022003095216379218e+56	1.013092099524579382e+56	1.687276503318867783e+51	1.612287922521950420e+51	1.741748303547554817e+51
4.899999999999999911e-01	1.337127358814294296e+56	1.013517876286517827e+56	1.007068709246270903e+56	1.673262772751961337e+51	1.597554091973067125e+51	1.729860110008481007e+51
4.949999999999999956e-01	1.326868719012866915e+56	1.005226569227631943e+56	1.001197733103268883e+56	1.659879193502029763e+51	1.583162691627952052e+51	1.718268885949275610e+51
5.000000000000000000e-01	1.316898397061344197e+56	9.971557174340063464e+55	9.954351117756831265e+55	1.646893615931558218e+51	1.569116040719046680e+51	1.706910232157460012e+51
5.100000000000000089e-01	1.297408216226352652e+56	9.818045384989347849e+55	9.842500984937096051e+55	1.621493552631353179e+51	1.542371249723859568e+51	1.684891221994457982e+51
5.200000000000000178e-01	1.278396234374747103e+56	9.675143259107533916e+55	9.734955011692738756e+55	1.596681511181613111e+51	1.517462827036028216e+51	1.663732367250661646e+51
5.300000000000000266e-01	1.259961345360932558e+56	9.541003261027063384e+55	9.631824864391745869e+55	1.572659784714015697e+51	1.494065635642583134e+51	1.643484695457568171e+51
5.400000000000000355e-01	1.242356091221930526e+56	9.414495583208085865e+55	9.532579658472800000e+55	1.549817454299067690e+51	1.472013008623735375e+51	1.624039970241111313e+51
5.500000000000000444e-01	1.225363078658049417e+56	9.294753763870526617e+55	9.436978468046669431e+55	1.527825646958083670e+51	1.451183778440382986e+51	1.605338176029004377e+51
5.600000000000000533e-01	1.209094256665997138e+56	9.178808688131026098e+55	9.344658777238975637e+55	1.506740314339072413e+51	1.430937032680863888e+51	1.587312105602862324e+51
5.699999999999999512e-01	1.193557637587373000e+56	9.066794170581581048e+55	9.255048582963099163e+55	1.486587622681694539e+51	1.411333379237912880e+51	1.569834497100367032e+51
5.799999999999999600e-01	1.178689396383121557e+56	8.959421308701895317e+55	9.168395461082575228e+55	1.467365651002089435e+51	1.392678032026778319e+51	1.552964771295397628e+51
5.899999999999999689e-01	1.164253885559509343e+56	8.854027096120113860e+55	9.084192748900326967e+55	1.448705957172376729e+51	1.374498900331984965e+51	1.536587827218809295e+51
5.999999999999999778e-01	1.150662294305507644e+56	8.748598170338751975e+55	9.002683586713906493e+55	1.431147349306307496e+51	1.356371299526505769e+51	1.520754895061130209e+51
6.099999999999999867e-01	1.137793620053587640e+56	8.645543593321019283e+55	8.923192449723718091e+55	1.414575796713251463e+51	1.338748376845929880e+51	1.505311972292521204e+51
6.199999999999999956e-01	1.125468481378549216e+56	8.544578915968667766e+55	8.845703237990814884e+55	1.398708371239842300e+51	1.321506726942371864e+51	1.490271962828583045e+51
6.300000000000000044e-01	1.113630572582816525e+56	8.447136773028520770e+55	8.770478496195657030e+55	1.383485497735188240e+51	1.304934247976350335e+51	1.475684679201161423e+51
6.400000000000000133e-01	1.102314156227354083e+56	8.351697539887665953e+55	8.697087389428820925e+55	1.368969325705720268e+51	1.288717871901821324e+51	1.461468467271082489e+51
6.500000000000000222e-01	1.091420394247517644e+56	8.258265380081246006e+55	8.625446016619298638e+55	1.355002490551946875e+51	1.272845022557470788e+51	1.447603269783790200e+51
6.600000000000000311e-01	1.080692761599915149e+56	8.168307874435517205e+55	8.555677954133641030e+55	1.341225428341134545e+51	1.257523511424585551e+51	1.434107123073973113e+51
6.700000000000000400e-01	1.070197741070523344e+56	8.081518968309726633e+55	8.487854738298814724e+55	1.327712954077709828e+51	1.242698766860624087e+51	1.421002278807939366e+51
6.800000000000000488e-01	1.059942813537414451e+56	7.998201154470262885e+55	8.422006775614424141e+55	1.314525507013752996e+51	1.228509290950280940e+51	1.408285646487924893e+51
6.899999999999999467e-01	1.049975681439360985e+56	7.918460880010270450e+55	8.357782459693348019e+55	1.301769175803997397e+51	1.214927208997412372e+51	1.395878906578572601e+51
6.999999999999999556e-01	1.040171208161397534e+56	7.842209024186782799e+55	8.295345188757237869e+55	1.289190981633842353e+51	1.201894105393735044e+51	1.383826733669751902e+51
7.099999999999999645e-01	1.030406933951453587e+56	7.769048930001875820e+55	8.234475739228904490e+55	1.276586393581391691e+51	1.189339357568996538e+51	1.372089304656760323e+51
7.199999999999999734e-01	1.020882730775498403e+56	7.698305544533836677e+55	8.175302845295606599e+55	1.264286205580607065e+51	1.177194726071081304e+51	1.360685873093543451e+51
7.299999999999999822e-01	1.011569837233579006e+56	7.629608310266150676e+55	8.117500730342589153e+55	1.252241284038733113e+51	1.165381661931208458e+51	1.349546759681880884e+51
7.399999999999999911e-01	1.002500701240325850e+56	7.563001020233180924e+55	8.061119779433211963e+55	1.240519419220533395e+51	1.153941733363828019e+51	1.338682462445955093e+51
7.500000000000000000e-01	9.936436695469012634e+55	7.498354781758178159e+55	8.006125577231022089e+55	1.229076814853687093e+51	1.142847676330808721e+51	1.328092045335856611e+51
7.600000000000000089e-01	9.850150064646770757e+55	7.435074899721436780e+55	7.952389043379079917e+55	1.217913847721807399e+51	1.131993730172628004e+51	1.317740682222373195e+51
7.700000000000000178e-01	9.766756935035714718e+55	7.374002689372244269e+55	7.900022897816701627e+55	1.207152811929352022e+51	1.121569719572951607e+51	1.307660115895915142e+51
7.800000000000000266e-01	9.686156969352551056e+55	7.314153176419884291e+55	7.848848652979421943e+55	1.196759340007398419e+51	1.111371678770062137e+51	1.297811962815416404e+51
7.900000000000000355e-01	9.607881760171524747e+55	7.255065255477292248e+55	7.798607538531773667e+55	1.186640981950404810e+51	1.101305703456819770e+51	1.288146531164696757e+51
8.000000000000000444e-01	9.531705316051459328e+55	7.197002311500194709e+55	7.749344569479610179e+55	1.176799635793506407e+51	1.091428928719178494e+51	1.278675932061341871e+51
8.100000000000000533e-01	9.457990350754720654e+55	7.139976251966159157e+55	7.701160664527627707e+55	1.167270089858021113e+51	1.081742341840582682e+51	1.269425668907520879e+51
8.199999999999999512e-01	9.386708275349550973e+55	7.083893421335745775e+55	7.653911123974442392e+55	1.158053262539598967e+51	1.072258697392930191e+51	1.260353832744854549e+51
8.299999999999999600e-01	9.317482199817953818e+55	7.028679020848172757e+55	7.607544649239609964e+55	1.149114322170871889e+51	1.062931021522515172e+51	1.251462031651367643e+51
8.399999999999999689e-01	9.250162501117066100e+55	6.974565440882113338e+55	7.561978503549926430e+55	1.140440295479415709e+51	1.053810741914661283e+51	1.242726596907833459e+51
8.499999999999999778e-01	9.184931539144397260e+55	6.921290301611406985e+55	7.517227144235135137e+55	1.132057300855473581e+51	1.044851030493470732e+51	1.234155607875334006e+51
8.599999999999999867e-01	9.121392330951136525e+55	6.868593757761953510e+55	7.473216529783094613e+55	1.123892577840757275e+51	1.035985881404094272e+51	1.225732101396470538e+51
8.699999999999999956e-01	9.058184782795402027e+55	6.817198429892568562e+55	7.429944551033933094e+55	1.115754581226294980e+51	1.027320737064725516e+51	1.217462499075620868e+51
8.800000000000000044e-01	8.995265518665528876e+55	6.767109115582254078e+55	7.387382429209615199e+55	1.107653462699340172e+51	1.018885585135907649e+51	1.209338731828122303e+51
8.900000000000000133e-01	8.933981793138222855e+55	6.717727009458322856e+55	7.345557380160176735e+55	1.099786710854384159e+51	1.010580629070147355e+51	1.201361624536892971e+51
9.000000000000000222e-01	8.873849125678559252e+55	6.669139792287792774e+55	7.304366365753856311e+55	1.092068542820420796e+51	1.002403805959942158e+51	1.193511500853833734e+51
9.100000000000000311e-01	8.814401290772324689e+55	6.621558119134909560e+55	7.263771427033415835e+55	1.084425796424132160e+51	9.943785343606103359e+50	1.185778102595113483e+51
9.200000000000000400e-01	8.755347289636761738e+55	6.575148739876351127e+55	7.223850907218760413e+55	1.076817377296077569e+51	9.865389916861973314e+50	1.178178590997789590e+51
9.300000000000000488e-01	8.696987744006508871e+55	6.529903661462677886e+55	7.184605908940469030e+55	1.069289265009240678e+51	9.788917782631879611e+50	1.170713007359791873e+51
9.399999999999999467e-01	8.639190290319522629e+55	6.485590254673023577e+55	7.145994585269882548e+55	1.061818870798482203e+51	9.713923021706361263e+50	1.163369329111668459e+51
9.499999999999999556e-01	8.582135234767109621e+55	6.442518868876088374e+55	7.108107528106279077e+55	1.054452676471350133e+51	9.641115340760125632e+50	1.156167533926685715e+51
9.599999999999999645e-01	8.526075239659283193e+55	6.400240655178521871e+55	7.070834671788426596e+55	1.047214842119520619e+51	9.569582716936014612e+50	1.149088280933212999e+51
9.699999999999999734e-01	8.471446499727211185e+55	6.358540423151881216e+55	7.034192516002035880e+55	1.040152827881201650e+51	9.499018220506496874e+50	1.142131370938363573e+51
9.799999999999999822e-01	8.417667587276115973e+55	6.317796899708160921e+55	6.998131457548077405e+55	1.033192281036829669e+51	9.430130719142852522e+50	1.135279190144767672e+51
9.899999999999999911e-01	8.364853040820894935e+55	6.277755693828906549e+55	6.962684673253287735e+55	1.026351851336602805e+51	9.362453709381220074e+50	1.128547889842379789e+51
1.000000000000000000e+00	8.312853318035336062e+55	6.238578945179956931e+55	6.927900626428033736e+55	1.019621332965177545e+51	9.296331046920238401e+50	1.121944659147177579e+51
1.050000000000000044e+00	8.066441222352178272e+55	6.052373538973387499e+55	6.761767401461096001e+55	9.877089750489214640e+50	8.982591389752716032e+50	1.090416502785572285e+51
1.100000000000000089e+00	7.843268226253807682e+55	5.880189022916080423e+55	6.607946722567154114e+55	9.588964599094168253e+50	8.693864035179005942e+50	1.061247914745458570e+51
1.149999999999999911e+00	7.641848485728334273e+55	5.716451457370980045e+55	6.464114711503030212e+55	9.328116824961506660e+50	8.420135593203862046e+50	1.034012132062391066e+51
1.199999999999999956e+00	7.455040880673256875e+55	5.562701042982731020e+55	6.329051363416133856e+55	9.085429038613393373e+50	8.163651907994665713e+50	1.008483513677786063e+51
1.250000000000000000e+00	7.277267042980228070e+55	5.423129465965487955e+55	6.202638320238854668e+55	8.854699448487006704e+50	7.930281953664521093e+50	9.846531531683417225e+50
1.300000000000000044e+00	7.106907371408462736e+55	5.294621596292895497e+55	6.083380672638792272e+55	8.632767478793769313e+50	7.715115463516171324e+50	9.622300327933124199e+50
1.350000000000000089e+00	6.945432094519681895e+55	5.174559235302537236e+55	5.970458307805781965e+55	8.421574759869729672e+50	7.514198875223346332e+50	9.410427889805024875e+50
1.399999999999999911e+00	6.793943490153216320e+55	5.063486693668513562e+55	5.864214234666656433e+55	8.224846011504437535e+50	7.329594804242869025e+50	9.211569889815070592e+50
1.449999999999999956e+00	6.650962112477883691e+55	4.957791923232140516e+55	5.762762097585769388e+55	8.039431986744110406e+50	7.154502822937035344e+50	9.021980727511447216e+50
1.500000000000000000e+00	6.516220385580493260e+55	4.855520282411494438e+55	5.665538130568931284e+55	7.863892189316201109e+50	6.985153227902063623e+50	8.840495742180698079e+50
1.550000000000000044e+00	6.390744011797668200e+55	4.756651720292471462e+55	5.572769387918057443e+55	7.699697936738894850e+50	6.821629606226359623e+50	8.667622196463314932e+50
1.600000000000000089e+00	6.274237675135366918e+55	4.660947783334466476e+55	5.484059104622487777e+55	7.547258741210387673e+50	6.663895823547887792e+50	8.502564629645389704e+50
1.649999999999999911e+00	6.162775834101974899e+55	4.569256769908050445e+55	5.398971886632994180e+55	7.401678412974347703e+50	6.512730179103779371e+50	8.344420425336213184e+50
1.699999999999999956e+00	6.053865294205256838e+55	4.482690240208283820e+55	5.317358792845559870e+55	7.259320815543078088e+50	6.369861674624212801e+50	8.192956664985506366e+50
1.750000000000000000e+00	5.948213244812719069e+55	4.401697491137244802e+55	5.239573633183969667e+55	7.120954534509526010e+50	6.236001283644339206e+50	8.048927320902194749e+50
1.800000000000000044e+00	5.846727932138294003e+55	4.325555605639417238e+55	5.165120307055068171e+55	6.988288643472310686e+50	6.110235242878390515e+50	7.911350464463076573e+50
1.850000000000000089e+00	5.748716068815239843e+55	4.253114279569826378e+55	5.093456663779510819e+55	6.860110236704800598e+50	5.990687680726026110e+50	7.779111701559477827e+50
1.899999999999999911e+00	5.654102167468716544e+55	4.183883469547468134e+55	5.024269946112072003e+55	6.736248813623542552e+50	5.876642585456382984e+50	7.651605090557205530e+50
1.949999999999999956e+00	5.563564727862650930e+55	4.118233045767611704e+55	4.957788399323151738e+55	6.617770625382324886e+50	5.768888042137433696e+50	7.529335633187122871e+50
2.000000000000000000e+00	5.476983687914551161e+55	4.055344958309292376e+55	4.893762241546626202e+55	6.504456378968451869e+50	5.665895810582251793e+50	7.411801376812231531e+50
2.049999999999999822e+00	5.394541596854161242e+55	3.995416128067193814e+55	4.832289317255246884e+55	6.396655537972246843e+50	5.567973649769790886e+50	7.299316112228377866e+50
2.100000000000000089e+00	5.315710934885581596e+55	3.937444599624191688e+55	4.772599840373531809e+55	6.293482702951198238e+50	5.473496582007128854e+50	7.190298717289689818e+50
2.149999999999999911e+00	5.240111058959482345e+55	3.879661349085429375e+55	4.714161945395119255e+55	6.194182890446827958e+50	5.379450673076853220e+50	7.083698722989280384e+50
2.200000000000000178e+00	5.166875787341791396e+55	3.822782462881281952e+55	4.656899622242392381e+55	6.097810733497798848e+50	5.287020071127666870e+50	6.979387254208079244e+50
2.250000000000000000e+00	5.095960025791999876e+55	3.768074900335422387e+55	4.601607716996652053e+55	6.004752382645526482e+50	5.198268453373371966e+50	6.878887058205020723e+50
2.299999999999999822e+00	5.027924241046377727e+55	3.715055622757025901e+55	4.548032141598057485e+55	5.915649998074286043e+50	5.112467472936581382e+50	6.781678663427718364e+50
2.350000000000000089e+00	4.962108197583194999e+55	3.663177765894046640e+55	4.495658265820865211e+55	5.829531803932391156e+50	5.028614097101729849e+50	6.686723732742294613e+50
2.399999999999999911e+00	4.897938052696613986e+55	3.613066177053792983e+55	4.444816921422585766e+55	5.745461489113043729e+50	4.947589117491369410e+50	6.594713496520189155e+50
2.450000000000000178e+00	4.835475259260967081e+55	3.564379366426342767e+55	4.395156798472698970e+55	5.663439306620451221e+50	4.868870236653797871e+50	6.504928962166497934e+50
2.500000000000000000e+00	4.774025849010842410e+55	3.518009807626449997e+55	4.347199896531123123e+55	5.583154692110199378e+50	4.794190850992343165e+50	6.418369123239633558e+50
2.549999999999999822e+00	4.714328687846160257e+55	3.473109224193467805e+55	4.300493696051437351e+55	5.505258593550285904e+50	4.721861479193479710e+50	6.334185062916192783e+50
2.600000000000000089e+00	4.655527368907503810e+55	3.430309881294902418e+55	4.255295372677231781e+55	5.428461796012814974e+50	4.652812728064781205e+50	6.252904298300383075e+50
2.649999999999999911e+00	4.598942643473437873e+55	3.389250964673271692e+55	4.211466167855991192e+55	5.354799420644748062e+50	4.586701048244631325e+50	6.174281917482440200e+50
2.700000000000000178e+00	4.543929456765384377e+55	3.349613198941886833e+55	4.168733041716200521e+55	5.283162294527534976e+50	4.522953505253681772e+50	6.097766109587090536e+50
2.750000000000000000e+00	4.490198507906340459e+55	3.311034989524561075e+55	4.126866655859463503e+55	5.213140371845007225e+50	4.460954279077518182e+50	6.022903468973268031e+50
2.799999999999999822e+00	4.438119478018797619e+55	3.273939963049609474e+55	4.085938967940160111e+55	5.145064074392285332e+50	4.401533018613198221e+50	5.949818552603265063e+50
2.850000000000000089e+00	4.387393414136049844e+55	3.237891283899548309e+55	4.046049187903658589e+55	5.078677130090544004e+50	4.343846974297325278e+50	5.878713126163245483e+50
2.899999999999999911e+00	4.338561077589158760e+55	3.203760841507316987e+55	4.007538599839346120e+55	5.014757116594563239e+50	4.289354821992667053e+50	5.810221761330526267e+50
2.950000000000000178e+00	4.291811783028419170e+55	3.170298207743460058e+55	3.970066076834456805e+55	4.953669475106206031e+50	4.236051958265080075e+50	5.743753591072255886e+50
3.000000000000000000e+00	4.246254418427512166e+55	3.137005507498408341e+55	3.932949338090337303e+55	4.894109230002294122e+50	4.183113368569406139e+50	5.677965032298071361e+50
3.049999999999999822e+00	4.201435664476915757e+55	3.104335249254871590e+55	3.896491986956002940e+55	4.835525172498111221e+50	4.131181252367943090e+50	5.613448937727221563e+50
3.100000000000000089e+00	4.157687032216924472e+55	3.072348327868936597e+55	3.860734710909953005e+55	4.778337470172424306e+50	4.080367768720091361e+50	5.550243248189179420e+50
3.149999999999999911e+00	4.114711841262797677e+55	3.040935435716400728e+55	3.825634876956879079e+55	4.722109679763845569e+50	4.030481241863572353e+50	5.488314513026703036e+50
3.200000000000000178e+00	4.072496951451582214e+55	3.010013303606154655e+55	3.791093248206613754e+55	4.666822934004212378e+50	3.981411263003404247e+50	5.427478712007151622e+50
3.250000000000000000e+00	4.031027316422027170e+55	2.979943469890828170e+55	3.757391055886375730e+55	4.612524027011279349e+50	3.933738246446645784e+50	5.368260357115327099e+50
3.299999999999999822e+00	3.990975873508748583e+55	2.950382635369459679e+55	3.724396680352215402e+55	4.560275861662945766e+50	3.887046511843146579e+50	5.310377404005391525e+50
3.350000000000000089e+00	3.952062905582221099e+55	2.921486847949888062e+55	3.692251657898003700e+55	4.509622872546786022e+50	3.841474992517511402e+50	5.254120361826874124e+50
3.399999999999999911e+00	3.914506232583230864e+55	2.893027273218518535e+55	3.660636127983487050e+55	4.460881777767053940e+50	3.796767909365939502e+50	5.198835008045046467e+50
3.450000000000000178e+00	3.877586436653483321e+55	2.864970223002784058e+55	3.629472518000349119e+55	4.412980644298991010e+50	3.752732739145567663e+50	5.144401827189405582e+50
3.500000000000000000e+00	3.841076552989886522e+55	2.837751000188679564e+55	3.598994365169565479e+55	4.365635123009706712e+50	3.710010304434701180e+50	5.091275920218372505e+50
3.549999999999999822e+00	3.805447504651415377e+55	2.810906184645237026e+55	3.568993905029766256e+55	4.319476479146330486e+50	3.667936730155196648e+50	5.039034920038615597e+50
3.600000000000000089e+00	3.770235335934656480e+55	2.784644398383613105e+55	3.539498172245003669e+55	4.273895272988413185e+50	3.626831959244668264e+50	4.987725907802452083e+50
3.649999999999999911e+00	3.735539529416425583e+55	2.759160038310975232e+55	3.510666298430312590e+55	4.229007854985463654e+50	3.586931126814411514e+50	4.937673586217600736e+50
3.700000000000000178e+00	3.701603049764871412e+55	2.734337061841737913e+55	3.482457840988597878e+55	4.185148737776828064e+50	3.548104480585862647e+50	4.888801952058862950e+50
3.750000000000000000e+00	3.668047330703738543e+55	2.710459120757103328e+55	3.454907382983713038e+55	4.141831621522077907e+50	3.510736675089874032e+50	4.841186939259974062e+50
3.799999999999999822e+00	3.635309344937077186e+55	2.687140994050114225e+55	3.427844432501843351e+55	4.099649248095106842e+50	3.474294110229556282e+50	4.794465617955691028e+50
3.850000000000000089e+00	3.603127439783662522e+55	2.664223848537580679e+55	3.401245036363552454e+55	4.058171601344736378e+50	3.438473105939543943e+50	4.748602544060966551e+50
3.899999999999999911e+00	3.571699053152352869e+55	2.642188579858876954e+55	3.375169558018470574e+55	4.017635188683065208e+50	3.404122508109019004e+50	4.703719380299670139e+50
3.950000000000000178e+00	3.541081559738653060e+55	2.620818506502095430e+55	3.349628687846363408e+55	3.978165929271518052e+50	3.370886186433979248e+50	4.659847968881008372e+50
4.000000000000000000e+00	3.511579358507701343e+55	2.600217584004436298e+55	3.324497472772594558e+55	3.940130667173811251e+50	3.339037776980186595e+50	4.616753443277354195e+50
4.099999999999999645e+00	3.453532268625646697e+55	2.560013239952452662e+55	3.275134617594069658e+55	3.865141484780713831e+50	3.276863090177581416e+50	4.532292247672279997e+50
4.200000000000000178e+00	3.397096366643919245e+55	2.520777202662894701e+55	3.226954626149348929e+55	3.792161583557356578e+50	3.216231404697693972e+50	4.450106026320456128e+50
4.299999999999999822e+00	3.342536793773115923e+55	2.483726261258341533e+55	3.180803456434994462e+55	3.721812779231822284e+50	3.159028728157631686e+50	4.371700755676252328e+50
4.400000000000000355e+00	3.290310095793674066e+55	2.447674856786322131e+55	3.136025607942900583e+55	3.654594983143814391e+50	3.103519607428700292e+50	4.295856371352748640e+50
4.500000000000000000e+00	3.239829846383056583e+55	2.412642550055528153e+55	3.092618384876692717e+55	3.589639202314616176e+50	3.049683769117322527e+50	4.222578671672278722e+50
4.599999999999999645e+00	3.190651373051828172e+55	2.378534065665338664e+55	3.050328337240905525e+55	3.526407763346249567e+50	2.997365660276659238e+50	4.151423916872196582e+50
4.700000000000000178e+00	3.143068173978423889e+55	2.345508640742428702e+55	3.009295737219551474e+55	3.465470672717690041e+50	2.946825581528438130e+50	4.082609829107622359e+50
4.799999999999999822e+00	3.096866994335684554e+55	2.313514635735382969e+55	2.969513482010358143e+55	3.406541967227798196e+50	2.898016561717180344e+50	4.016121948968609832e+50
4.900000000000000355e+00	3.052421015957730064e+55	2.281980046583957391e+55	2.930766547705526546e+55	3.349923277256404297e+50	2.850073099038919098e+50	3.951554932490627008e+50
5.000000000000000000e+00	3.009528249354966577e+55	2.251251996591042472e+55	2.893105807372393441e+55	3.295399443167712639e+50	2.803537414232389440e+50	3.888997893366865572e+50
5.099999999999999645e+00	2.967987831635792075e+55	2.221154066212425400e+55	2.856361181800544054e+55	3.242767800451729435e+50	2.758121885043071493e+50	3.828120289487450315e+50
5.200000000000000178e+00	2.927276688397473341e+55	2.192078549791251240e+55	2.820576330790125838e+55	3.191247599434583439e+50	2.714285390804596463e+50	3.769036894651332854e+50
5.299999999999999822e+00	2.887638743229284746e+55	2.163981829587617885e+55	2.785754603225361848e+55	3.141224131847545434e+50	2.672006117829449892e+50	3.711727265450221447e+50
5.400000000000000355e+00	2.848906003280614817e+55	2.136848346149907721e+55	2.751826234768043167e+55	3.092444218355336982e+50	2.631244113714065158e+50	3.656086158904562708e+50
5.500000000000000000e+00	2.811953628793263547e+55	2.111143518734817719e+55	2.718848753827805224e+55	3.045965261039101765e+50	2.592867671505886860e+50	3.602218005911567486e+50
5.599999999999999645e+00	2.777001573047109224e+55	2.086896912434267556e+55	2.686737681507478966e+55	3.001952662619290113e+50	2.556900964333889537e+50	3.549958158955850018e+50
5.700000000000000178e+00	2.742421938161939969e+55	2.063271728763728241e+55	2.655215820066021483e+55	2.958345444787495437e+50	2.521835953688166501e+50	3.498810352451942763e+50
5.799999999999999822e+00	2.708467652413099224e+55	2.040330183020257084e+55	2.624405949829373431e+55	2.915596195601930482e+50	2.487809640045540365e+50	3.448975308730229652e+50
5.900000000000000355e+00	2.675189546498278970e+55	2.018111704243372157e+55	2.594291599783108124e+55	2.873753166952597182e+50	2.454904136946026061e+50	3.400417643026857873e+50
6.000000000000000000e+00	2.642658121965805483e+55	1.996334724758137182e+55	2.564744418900412123e+55	2.832960287069970083e+50	2.422714562219193400e+50	3.352930197852337050e+50
6.099999999999999645e+00	2.610567580735618448e+55	1.975062304400374106e+55	2.535766249040672880e+55	2.792767493651195600e+50	2.391280055426129575e+50	3.306494506602024761e+50
6.200000000000000178e+00	2.579300597191710313e+55	1.954327081900889080e+55	2.507564464286090448e+55	2.753644776566571321e+50	2.360660885276284104e+50	3.261439090426348889e+50
6.299999999999999822e+00	2.548591864392056897e+55	1.934273889548560011e+55	2.480043999878451070e+55	2.715312950935912066e+50	2.331100880218727085e+50	3.217608560088729896e+50
6.400000000000000355e+00	2.518739116316130153e+55	1.914667756333063432e+55	2.453254199014225358e+55	2.678094853693195423e+50	2.302231282155888379e+50	3.175041693031778741e+50
6.500000000000000000e+00	2.489527865822532567e+55	1.895255870205983902e+55	2.426891526810028253e+55	2.641749007506032976e+50	2.273698580565571803e+50	3.133246904433322245e+50
6.599999999999999645e+00	2.460811965547888326e+55	1.876287720705769420e+55	2.401090733586515022e+55	2.606046192552864259e+50	2.245833039876275856e+50	3.092478176027965000e+50
6.700000000000000178e+00	2.432841249302778726e+55	1.857928990385082124e+55	2.375997700026563201e+55	2.571316337228350880e+50	2.218932642977359370e+50	3.052934339927640466e+50
6.799999999999999822e+00	2.405533666550200497e+55	1.840026054133166324e+55	2.351533852090354504e+55	2.537530310800906933e+50	2.192753597123213735e+50	3.014480548086257209e+50
6.900000000000000355e+00	2.378750765635061301e+55	1.822620782030940786e+55	2.327640981225826137e+55	2.504568488102181397e+50	2.167388264633996654e+50	2.977031512987358933e+50
7.000000000000000000e+00	2.352491579613002037e+55	1.805410798939243879e+55	2.304132581744860417e+55	2.472379508169167555e+50	2.142385665647356205e+50	2.940275787944402092e+50
7.099999999999999645e+00	2.326727968563614599e+55	1.788466283076096688e+55	2.281012874394682720e+55	2.440828328759056752e+50	2.117825593936649027e+50	2.904225391831573601e+50
7.200000000000000178e+00	2.301332084320750887e+55	1.771731637308465640e+55	2.258215478382549930e+55	2.409782485733903633e+50	2.093612349118225993e+50	2.868776414538488799e+50
7.299999999999999822e+00	2.276567380565586931e+55	1.755190050401523365e+55	2.235831569444686578e+55	2.379584770545273510e+50	2.069758716929758904e+50	2.834065058965384049e+50
7.400000000000000355e+00	2.252519936712300995e+55	1.738891198219545989e+55	2.213826375431425652e+55	2.350257675854482464e+50	2.046328153473194232e+50	2.800036641689197716e+50
7.500000000000000000e+00	2.229445986827231297e+55	1.723160216545874372e+55	2.192211507550826784e+55	2.322162218320140274e+50	2.023860024065174843e+50	2.766724739871772296e+50
7.599999999999999645e+00	2.207043997069103813e+55	1.707904336674489672e+55	2.170890994067858322e+55	2.294891513563465176e+50	2.002168201839322505e+50	2.733955874368782681e+50
7.700000000000000178e+00	2.185301107134104829e+55	1.693009052147191525e+55	2.149972078788222110e+55	2.268445190755314354e+50	1.981036880778671300e+50	2.701856072753686236e+50
7.799999999999999822e+00	2.164179916306235423e+55	1.678587675869609278e+55	2.129365450740215391e+55	2.242749341666316314e+50	1.960643333553553496e+50	2.670316548750219387e+50
7.900000000000000355e+00	2.143229793043177481e+55	1.664418733349743032e+55	2.109066264523957769e+55	2.217269556670611344e+50	1.940591491201394498e+50	2.639302727304361885e+50
8.000000000000000000e+00	2.122470647582026626e+55	1.650534196387659872e+55	2.089095923444372522e+55	2.192028276614437467e+50	1.920931343342211264e+50	2.608849457588726059e+50
8.099999999999999645e+00	2.102089483518493608e+55	1.637006277372791615e+55	2.069570209484772862e+55	2.167307380204649893e+50	1.901809577673231060e+50	2.579127956759125183e+50
8.199999999999999289e+00	2.081998736482801238e+55	1.623694483026126863e+55	2.050341757958081334e+55	2.142982578676214774e+50	1.883000500367568248e+50	2.549918861140962038e+50
8.300000000000000711e+00	2.062243449865728485e+55	1.610530335747263629e+55	2.031438456057061010e+55	2.119051403095541113e+50	1.864403211305776672e+50	2.521254017136384505e+50
8.400000000000000355e+00	2.042750911903775295e+55	1.597580627536782467e+55	2.012851599593619139e+55	2.095429587536205905e+50	1.846113679159852657e+50	2.493121223398173447e+50
8.500000000000000000e+00	2.023583962709276575e+55	1.584849393445126590e+55	1.994603002847269753e+55	2.072212147590155315e+50	1.828150182744323490e+50	2.465551905591857969e+50
8.599999999999999645e+00	2.004614156407590816e+55	1.572351306817857901e+55	1.976665565929121648e+55	2.049244975924516013e+50	1.810511594980951705e+50	2.438499911157110607e+50
8.699999999999999289e+00	1.985741973268280653e+55	1.560038499970612968e+55	1.958967663587949429e+55	2.026466194959582203e+50	1.793148214076902437e+50	2.411856704562289838e+50
8.800000000000000711e+00	1.966998860165085208e+55	1.547820828632405514e+55	1.941423991445992696e+55	2.003881025319531052e+50	1.775922708016710423e+50	2.385468576558576754e+50
8.900000000000000355e+00	1.948363107117751911e+55	1.535768447877307509e+55	1.924068037602538343e+55	1.981446787808205324e+50	1.758946438386086216e+50	2.359418056623434864e+50
9.000000000000000000e+00	1.929842478416777144e+55	1.523715345045249623e+55	1.906765922035993488e+55	1.959153657525639605e+50	1.741983367700267287e+50	2.333466832900776572e+50
9.099999999999999645e+00	1.911483936172513426e+55	1.511618210366114945e+55	1.889527873789199679e+55	1.937098350735593977e+50	1.724992261912553113e+50	2.307632996274301122e+50
9.199999999999999289e+00	1.893147094946017080e+55	1.499552553524869080e+55	1.872391449770702293e+55	1.915097333190434704e+50	1.708033316961485003e+50	2.281967451685801292e+50
9.300000000000000711e+00	1.875028732532980372e+55	1.487785240240432004e+55	1.855603782525483504e+55	1.893447964134540640e+50	1.691533093733358008e+50	2.256892917394274932e+50
9.400000000000000355e+00	1.857110057789612820e+55	1.476298133705206364e+55	1.839134031042147213e+55	1.872160424261181310e+50	1.675454419788624450e+50	2.232305031752998102e+50
9.500000000000000000e+00	1.839481754460380973e+55	1.464953637018777304e+55	1.822931481214200626e+55	1.851281433910800992e+50	1.659597648023916227e+50	2.208161778034984117e+50
9.599999999999999645e+00	1.822174504542896380e+55	1.453851130085806620e+55	1.807083111249211578e+55	1.830788573509143708e+50	1.644069371443611655e+50	2.184565641916455223e+50
9.699999999999999289e+00	1.805282526293615014e+55	1.443050506118751754e+55	1.791492463909372092e+55	1.810849654508599348e+50	1.629031984652994424e+50	2.161391782646262864e+50
9.800000000000000711e+00	1.789052166378530320e+55	1.432575189967580837e+55	1.776149313475223873e+55	1.791743747984391992e+50	1.614531323628468589e+50	2.138640044267852506e+50
9.900000000000000355e+00	1.773241430650785215e+55	1.422333950678776329e+55	1.761037085383801023e+55	1.773194240751457165e+50	1.600393910863121872e+50	2.116255673533822126e+50
1.000000000000000000e+01	1.757691869336802319e+55	1.412228118981193758e+55	1.746131732380144242e+55	1.754941602338550738e+50	1.586440550805037247e+50	2.094199933177243493e+50
1.050000000000000000e+01	1.684019028343470736e+55	1.363786794159971620e+55	1.674950651229926578e+55	1.668310409792311322e+50	1.519728431918568614e+50	1.989152487887971090e+50
1.100000000000000000e+01	1.617369841280006309e+55	1.319210317276134042e+55	1.609619338793377242e+55	1.589732829699270126e+50	1.458423189522682790e+50	1.892951232222127709e+50
1.150000000000000000e+01	1.555610043492405535e+55	1.276516556182970664e+55	1.549068276437341300e+55	1.516791004916317424e+50	1.399807503271244402e+50	1.804017427713243433e+50
1.200000000000000000e+01	1.500751993938546096e+55	1.238794192069951413e+55	1.496833781532833909e+55	1.452414803394745554e+50	1.348114244935738654e+50	1.727396683972904713e+50
1.250000000000000000e+01	1.443122929321975187e+55	1.197430675152011912e+55	1.439120579585626630e+55	1.385696103524720517e+50	1.292522108571952448e+50	1.644043029101515437e+50
1.300000000000000000e+01	1.390521726563905232e+55	1.158723716972385994e+55	1.384668163273631138e+55	1.325577876063758382e+50	1.241202691785943080e+50	1.566108253200231428e+50
1.350000000000000000e+01	1.340903359034281023e+55	1.122719567314963925e+55	1.333225313162012731e+55	1.269299460125697563e+50	1.193992313656337942e+50	1.493679096633069588e+50
1.400000000000000000e+01	1.308926836557106560e+55	1.103131243401989502e+55	1.307312256033396692e+55	1.231943487271204769e+50	1.165650345165051961e+50	1.454202112944150789e+50
1.450000000000000000e+01	1.262308185288987555e+55	1.068715247889964118e+55	1.258399723872641282e+55	1.178733702164848863e+50	1.120003202432621716e+50	1.384050184469923869e+50
1.500000000000000000e+01	1.221386347260579980e+55	1.040088320329666006e+55	1.216867699305201094e+55	1.133185344103068791e+50	1.083219478215362013e+50	1.327549708270114708e+50
1.550000000000000000e+01	1.188381321636711503e+55	1.017531757000665896e+55	1.185912810461476527e+55	1.095957039883385779e+50	1.053110487489070507e+50	1.283786722201820729e+50
1.600000000000000000e+01	1.148940376141948620e+55	9.881877714661437037e+54	1.144907366135809819e+55	1.052500919436374218e+50	1.015716962281037973e+50	1.228237323701358928e+50
1.650000000000000000e+01	1.118601651141308230e+55	9.672780550246055531e+54	1.115389350970947253e+55	1.019371640866132332e+50	9.890874385201948353e+49	1.189023863840158731e+50
1.700000000000000000e+01	1.101920381064984545e+55	9.571153198468256600e+54	1.104230254114595971e+55	9.989668393689114498e+49	9.723273013004261219e+49	1.168117007284481794e+50
1.750000000000000000e+01	1.065866335553528630e+55	9.293799499577490245e+54	1.066481426141858126e+55	9.596811840440945125e+49	9.371648320388672335e+49	1.117701077781092992e+50
1.800000000000000000e+01	1.037267370449444014e+55	9.074381725730211519e+54	1.037044834671850960e+55	9.285773145018910259e+49	9.092980152121646474e+49	1.078237290365862998e+50
1.850000000000000000e+01	1.011640216108277720e+55	8.873315759183397263e+54	1.010241796365179153e+55	9.007519172151652069e+49	8.836080035266941677e+49	1.042077182190388517e+50
1.900000000000000000e+01	9.891084114203721262e+54	8.699921015936325026e+54	9.873138710163235556e+54	8.762315842142382283e+49	8.612240336603738774e+49	1.011083404479741479e+50
1.950000000000000000e+01	9.679693100847206014e+54	8.533678457322700707e+54	9.663850637728910174e+54	8.526956436568477150e+49	8.391194510798405570e+49	9.817342349214758904e+49
2.000000000000000000e+01	9.435231787184876190e+54	8.340750196291766869e+54	9.416871882787816621e+54	8.260881641450199318e+49	8.144045297931406830e+49	9.485900779351209423e+49
